#	Mesh	0	Begin

#	Vertex	36
108.306	-110.156	-11.3412
108.306	-110.156	-11.8412
108.636	-114.222	-11.8494
108.636	-114.222	-11.3494
110.827	-114.045	-11.849
110.827	-114.045	-11.349
111.887	-127.209	-11.8754
111.887	-127.209	-11.3754
79.4192	-129.824	-11.8807
79.4192	-129.824	-11.3807
78.0252	-112.607	-11.8461
78.0252	-112.607	-11.3461
81.0156	-112.365	-11.8456
81.0156	-112.365	-11.3456
81.2179	-114.864	-11.8506
81.2179	-114.864	-11.3506
83.2114	-114.703	-11.8503
83.2114	-114.703	-11.3503
83.0091	-112.204	-11.8453
83.0091	-112.204	-11.3453
95.3214	-122.444	-11.6389
95.3214	-122.444	-11.8659
98.81	-122.162	-11.6389
98.81	-122.162	-11.8653
99.27	-127.843	-11.6389
99.27	-127.843	-11.8767
95.7814	-128.126	-11.6389
95.7814	-128.126	-11.8773
108.541	-120.3	-11.6389
108.541	-120.3	-11.8616
102.062	-120.825	-11.6389
102.062	-120.825	-11.8626
101.804	-117.635	-11.6389
101.804	-117.635	-11.8562
108.283	-117.11	-11.6389
108.283	-117.11	-11.8552

#	Triangle	26
0	2	1	3	2	0
3	4	2	5	4	3
5	6	4	7	6	5
7	8	6	9	8	7
9	10	8	11	10	9
11	12	10	13	12	11
13	14	12	15	14	13
15	16	14	17	16	15
17	18	16	19	18	17
19	1	18	0	1	19	28	31	30	29	31	28
9	13	11	7	15	9	7	17	15	17	0	19	7	3	17	3	0	17	7	5	3
15	13	9
12	8	10	14	21	8	21	27	8	16	21	14	1	16	18	1	21	16	1	33	21	33	23	21	33	25	23	33	31	25	31	6	25	1	35	33	29	6	31	2	6	29	4	6	2
12	14	8
27	6	8
25	6	27
1	29	35
2	29	1
20	23	22	21	23	20
22	25	24	23	25	22
24	27	26	25	27	24
26	21	20	27	21	26
26	22	24	20	22	26	34	30	32	28	30	34
30	33	32	31	33	30
32	35	34	33	35	32
34	29	28	35	29	34

#	Normal	26
0.996738	0.0807026	0
-0.0807019	0.996738	-0
0.996774	0.0802606	0
0.0802604	-0.996774	-0
-0.996738	-0.0807026	-0
-0.0807014	0.996738	-0
0.996738	0.0807021	0
-0.0806992	0.996738	-0
-0.996738	-0.0807018	-0
-0.0807027	0.996738	-0
1.73886e-008	-0.00200886	0.999998
-1.05624e-006	-0.00200876	0.999998
-1.73886e-008	0.00200886	-0.999998
1.05624e-006	0.00200876	-0.999998
7.02155e-008	0.00200804	-0.999998
1.18009e-007	0.0020072	-0.999998
-6.88793e-007	0.00200883	-0.999998
1.6412e-006	0.00200888	-0.999998
0.0807042	-0.996738	-0
-0.996738	-0.0807037	-0
-0.0807042	0.996738	-0
0.996738	0.0807037	0
-0	0	-1
0.996738	0.080701	0
0.0807018	-0.996738	-0
-0.996738	-0.0807012	-0

#	Mesh	0	End

