#	Mesh	0	Begin

#	Vertex	52
73.5463	-106.222	-18.5055
70.641	-70.3395	-18.5055
70.6415	-70.3453	-21.2055
73.5468	-106.228	-21.2055
72.3359	-70.2081	-21.2055
75.2412	-106.091	-21.2055
72.3354	-70.2023	-18.5055
75.2276	-105.923	-18.5055
75.2407	-106.085	-18.5055
75.2412	-106.091	-21.1961
73.9744	-106.188	-18.5055
73.937	-105.727	-18.5055
74.8341	-105.654	-18.5055
74.856	-105.925	-18.5055
74.8714	-106.115	-18.5055
71.9718	-70.2318	-18.5055
72.0071	-70.6685	-18.5055
71.11	-70.7411	-18.5055
71.0747	-70.3044	-18.5055
72.6607	-78.7423	-18.5055
72.7333	-79.6394	-18.5055
71.8363	-79.712	-18.5055
71.7636	-78.815	-18.5055
73.3871	-87.7134	-18.5055
73.4598	-88.6105	-18.5055
72.5627	-88.6831	-18.5055
72.4901	-87.786	-18.5055
74.1163	-96.6867	-18.5055
74.1889	-97.5838	-18.5055
73.2919	-97.6564	-18.5055
73.2192	-96.7593	-18.5055
71.0749	-70.3064	-19.4505
71.9719	-70.2338	-19.4505
74.8716	-106.117	-19.4725
74.3937	-106.156	-19.4725
73.9745	-106.19	-19.4725
71.1102	-70.7432	-19.4495
72.0073	-70.6705	-19.4495
71.8364	-79.714	-19.43
72.7335	-79.6414	-19.43
72.6609	-78.7443	-19.432
71.7638	-78.817	-19.432
72.5629	-88.685	-19.4105
73.4599	-88.6124	-19.4105
73.3873	-87.7153	-19.4125
72.4902	-87.788	-19.4125
73.292	-97.6585	-19.491
74.1891	-97.5859	-19.491
74.1165	-96.6888	-19.493
73.2194	-96.7615	-19.493
74.8343	-105.656	-19.4735
73.9372	-105.729	-19.4735

#	Triangle	50
3	1	2	27	47	28	48	47	27
0	1	3
5	2	4	3	2	5
6	5	4
6	9	5
6	7	9
7	8	9
0	18	1	0	17	18	16	6	15	16	7	6	0	22	17	22	16	17	22	19	16	19	7	16	0	21	22	20	7	19	0	26	21	26	20	21	26	23	20	23	7	20	0	25	26	24	7	23	0	30	25	30	24	25	30	27	24	27	7	24	0	29	30	28	7	27	0	28	29	0	11	28	11	12	28	12	7	28	13	7	12	0	10	11	14	7	13	14	8	7
18	2	1
18	31	2
31	4	2	37	36	16
32	4	31
6	32	15
6	4	32
5	35	3
35	0	3
35	10	0
5	34	35
5	33	34
5	14	33
5	9	14
9	8	14
31	37	32	36	37	31	41	39	40	38	39	41	49	47	48	46	47	49
15	37	16	32	37	15
17	31	18
36	31	17
16	36	17
19	39	20	40	39	19
22	40	19
41	40	22
21	41	22	38	41	21
20	38	21	39	38	20
45	43	44	42	43	45	35	50	51	34	50	35	33	50	34
23	43	24	44	43	23
26	44	23
45	44	26
25	45	26
42	45	25
24	42	25	43	42	24
30	48	27	49	48	30
29	49	30
46	49	29
28	46	29
47	46	28
33	12	50
14	13	33
13	12	33
11	50	12	51	50	11
10	51	11
35	51	10

#	Normal	50
-0.996738	-0.0807025	1.39028e-006
-0.996738	-0.0807025	1.15673e-006
-0	-0	-1
0.996738	0.0807025	1.4938e-006
0.996737	0.0807127	-0.000134381
0.996738	0.0807025	2.52034e-006
0.996738	0.0807077	2.19069e-006
-0	-0	1
-0.0806898	0.996737	-0.00216841
-0.0807128	0.996735	-0.00216471
-0.0807027	0.996736	-0.00216722
-0.0807024	0.996736	-0.00216705
-0.0807202	0.996734	-0.00216471
-0.0807101	0.996735	-0.00216865
0.0807027	-0.996736	0.00216498
0.0807004	-0.996736	0.00216553
0.0806965	-0.996736	0.00216378
0.080699	-0.996736	0.00216226
0.0807054	-0.996736	0.00216544
0.0807007	-0.996736	0.00216443
0.0770366	-0.997027	0.00165998
0.0807104	-0.996735	0.00216753
-0.000174833	0.00215932	0.999998
-0.996738	-0.0807005	1.08675e-006
0.996738	0.0807005	-1.08566e-006
0.996737	0.0807182	7.12323e-006
-0.0807024	0.996736	-0.00216755
-0.996738	-0.0807033	-2.29385e-006
0.0806945	-0.996737	0.00216591
0.0807031	-0.996736	0.00217432
0.996738	0.0807026	1.61003e-006
-0.0807031	0.996736	-0.00217048
-0.000174962	0.0021609	0.999998
-0.996738	-0.0807033	2.08086e-006
0.0806945	-0.996737	0.00216027
0.0807031	-0.996736	0.00216885
0.996738	0.0807026	-2.77001e-006
0.996738	0.0807033	-2.08085e-006
-0.0807031	0.996736	-0.00216493
0.0806945	-0.996737	0.00216683
0.996738	0.0807026	-8.19367e-007
0.996738	0.0807033	-1.82764e-007
-0.0807031	0.996736	-0.00216321
-0.0806945	0.996737	-0.00217111
-0.996733	-0.0807632	-2.94062e-006
-0.996735	-0.0807477	-2.97735e-006
-0.996732	-0.0807741	2.30859e-006
0.0807635	-0.996731	0.00216219
0.996733	0.0807727	2.91996e-006
0.996734	0.0807559	-5.09325e-006

#	Mesh	0	End

