COMPONENT 731478=IfcFlowTerminal
#	TMesh	1000018=IfcFlowTerminal
0.99675	0.0815068	-5.28037e-005	0	-0.0815068	0.996748	-0.00167575	0	-8.39465e-005	0.00167448	1.00008	0	86.0551	-10.7977	-0.308224	1

COMPONENTFINISH

COMPONENT 731548=IfcFlowTerminal
#	TMesh	1000086=IfcFlowTerminal
0.998878	-0.0494925	0.000129901	0	-0.0494925	-0.998878	0.000313134	0	-0.000114246	0.000319179	1.0001	0	82.9923	180.125	-0.749173	1

COMPONENTFINISH

COMPONENT 731618=IfcFlowTerminal
#	TMesh	1000018=IfcFlowTerminal
0.996824	0.0803706	0.000644044	0	0.0803716	-0.996823	-0.00164656	0	-0.000509633	-0.001693	1.00006	0	73.6545	178.996	-0.317323	1

COMPONENTFINISH

COMPONENT 731688=IfcFlowTerminal
#	TMesh	1000086=IfcFlowTerminal
-0.998859	0.0491461	0.000376314	0	0.0491461	0.998859	0.00026902	0	0.000362638	-0.000287188	1.00007	0	94.7228	-10.4604	-0.74713	1

COMPONENTFINISH

COMPONENT 731758=IfcFlowTerminal
#	TMesh	1000018=IfcFlowTerminal
-0.996718	-0.0804273	0.000273259	0	0.0804267	-0.996716	-0.00188482	0	0.00042397	-0.00185674	0.999956	0	94.3214	180.655	-0.291237	1

COMPONENTFINISH

COMPONENT 731828=IfcFlowTerminal
#	TMesh	1000086=IfcFlowTerminal
-0.998818	0.0474827	0.000108693	0	0.0474827	0.998818	0.000257777	0	9.63301e-005	-0.000262648	0.999946	0	97.4728	-10.2315	-0.743356	1

COMPONENTFINISH

COMPONENT 731968=IfcFlowTerminal
#	TMesh	1000086=IfcFlowTerminal
-0.996747	-0.0802056	0.000187053	0	0.0802056	-0.996747	-0.000236937	0	0.000205454	-0.000221171	0.999968	0	53.2419	172.809	-0.697084	1

COMPONENTFINISH

COMPONENT 732038=IfcFlowTerminal
#	TMesh	1000018=IfcFlowTerminal
-0.996633	-0.0811758	0.000277335	0	0.0811754	-0.996632	-0.00126114	0	0.0003788	-0.00123446	0.999932	0	55.9397	173.034	-0.350558	1

COMPONENTFINISH

COMPONENT 732108=IfcFlowTerminal
#	TMesh	1000086=IfcFlowTerminal
-0.996804	-0.0797262	0.00038543	0	0.0797263	-0.996804	0.000366436	0	0.000354988	0.000395998	0.999987	0	56.0785	173.035	-0.756291	1

COMPONENTFINISH

COMPONENT 732178=IfcFlowTerminal
#	TMesh	1000018=IfcFlowTerminal
-0.996716	-0.0806061	0.000322918	0	0.0806057	-0.996716	-0.00125184	0	0.000422775	-0.00122173	0.99997	0	59.3834	173.311	-0.351865	1

COMPONENTFINISH

COMPONENT 732248=IfcFlowTerminal
#	TMesh	1000086=IfcFlowTerminal
-0.99679	-0.0800424	0.000647902	0	0.0800425	-0.996791	0.000261065	0	0.000624927	0.000312087	0.999999	0	59.4366	173.311	-0.748677	1

COMPONENTFINISH

COMPONENT 732318=IfcFlowTerminal
#	TMesh	1000018=IfcFlowTerminal
0.99675	0.0808124	0.000941006	0	0.080814	-0.996749	-0.00168262	0	-0.000801953	-0.00175316	1.00002	0	44.6728	172.125	-0.316553	1

COMPONENTFINISH

COMPONENT 732388=IfcFlowTerminal
#	TMesh	1000086=IfcFlowTerminal
-0.99876	0.0491449	0.0001772	0	0.0491449	0.99876	4.91806e-005	0	0.000174569	-5.78299e-005	0.999969	0	65.782	-17.3112	-0.724196	1

COMPONENTFINISH

COMPONENT 732458=IfcFlowTerminal
#	TMesh	1000018=IfcFlowTerminal
0.99691	0.0805124	0.00152553	0	-0.080512	0.996911	-0.000346477	0	-0.00154847	0.000222548	1.00016	0	63.399	-17.1457	-0.449002	1

COMPONENTFINISH

COMPONENT 732528=IfcFlowTerminal
#	TMesh	1000086=IfcFlowTerminal
0.998919	-0.0482826	0.000162035	0	-0.0482827	-0.998919	6.50246e-005	0	-0.000158707	7.27716e-005	1.00009	0	60.3155	173.775	-0.725833	1

COMPONENTFINISH

COMPONENT 732598=IfcFlowTerminal
#	TMesh	1000018=IfcFlowTerminal
0.996768	0.0804829	0.00108587	0	-0.080481	0.996768	-0.00167703	0	-0.00121732	0.0015842	1.00001	0	66.7859	-16.8584	-0.318393	1

COMPONENTFINISH

COMPONENT 732668=IfcFlowTerminal
#	TMesh	1000086=IfcFlowTerminal
0.998894	-0.0488041	0.000344851	0	-0.0488039	-0.998893	-0.000565875	0	-0.000372054	-0.000548372	1.00008	0	63.7547	174.054	-0.667512	1

COMPONENTFINISH

COMPONENT 732738=IfcFlowTerminal
#	TMesh	1000018=IfcFlowTerminal
0.996702	0.0809202	0.00148481	0	0.0809232	-0.996701	-0.00204041	0	-0.00131483	-0.00215387	0.99998	0	54.8301	172.944	-0.287455	1

COMPONENTFINISH

COMPONENT 732808=IfcFlowTerminal
#	TMesh	1000086=IfcFlowTerminal
0.998828	-0.04844	0.000443875	0	-0.04844	-0.998828	0.000105452	0	-0.000438246	0.00012683	1	0	67.1098	174.317	-0.73204	1

COMPONENTFINISH

COMPONENT 732878=IfcFlowTerminal
#	TMesh	1000018=IfcFlowTerminal
0.996684	0.0807625	-3.87124e-005	0	-0.0807625	0.996683	-0.00166496	0	-9.58874e-005	0.00166265	0.99995	0	73.5902	-16.3038	-0.3093	1

COMPONENTFINISH

COMPONENT 732948=IfcFlowTerminal
#	TMesh	1000086=IfcFlowTerminal
0.996524	0.0821203	0.000668212	0	-0.0821205	0.996524	0.000344186	0	-0.000637688	-0.000397903	0.999902	0	73.7222	-16.2985	-0.756545	1

COMPONENTFINISH

COMPONENT 733018=IfcFlowTerminal
#	TMesh	1000018=IfcFlowTerminal
0.996725	0.080336	0.000432745	0	-0.0803353	0.996724	-0.00144584	0	-0.000547504	0.0014064	0.999956	0	76.9385	-16.029	-0.334415	1

COMPONENTFINISH

COMPONENT 733088=IfcFlowTerminal
#	TMesh	1000086=IfcFlowTerminal
0.996546	0.0823252	0.000991561	0	-0.0823253	0.996547	8.16878e-006	0	-0.000987523	-8.97764e-005	0.999941	0	77.1312	-16.0287	-0.727617	1

COMPONENTFINISH

COMPONENT 733158=IfcFlowTerminal
#	TMesh	1000018=IfcFlowTerminal
-0.996735	-0.0804831	0.000718601	0	-0.0804841	0.996735	-0.00152761	0	0.00059332	0.00158049	0.999978	0	98.4213	-14.297	-0.329255	1

COMPONENTFINISH

COMPONENT 733228=IfcFlowTerminal
#	TMesh	1000086=IfcFlowTerminal
0.998798	-0.0472198	0.000872868	0	-0.0472195	-0.998798	-0.000317126	0	-0.00088687	-0.000275552	0.999914	0	77.1617	175.128	-0.695553	1

COMPONENTFINISH

COMPONENT 733298=IfcFlowTerminal
#	TMesh	1000018=IfcFlowTerminal
-0.996859	-0.0806352	0.00102326	0	0.0806335	-0.996859	-0.00162155	0	0.00115067	-0.00153377	1.00011	0	86.0939	175.49	-0.323189	1

COMPONENTFINISH

COMPONENT 733368=IfcFlowTerminal
#	TMesh	1000086=IfcFlowTerminal
0.998756	-0.0486371	-7.04535e-005	0	-0.0486371	-0.998756	-9.45288e-005	0	6.57723e-005	-9.78438e-005	0.999939	0	80.2848	175.379	-0.708224	1

COMPONENTFINISH

COMPONENT 733438=IfcFlowTerminal
#	TMesh	1000018=IfcFlowTerminal
-0.996859	-0.080834	0.000329691	0	-0.0808343	0.996858	-0.00109103	0	0.000240431	0.00111411	1.00013	0	104.436	-13.8205	-0.36734	1

COMPONENTFINISH

COMPONENT 733508=IfcFlowTerminal
#	TMesh	1000086=IfcFlowTerminal
-0.998749	0.04826	5.80411e-005	0	0.04826	0.998749	3.53037e-005	0	5.62696e-005	-3.80639e-005	0.999914	0	92.18	-15.1701	-0.721672	1

COMPONENTFINISH

COMPONENT 733578=IfcFlowTerminal
#	TMesh	1000018=IfcFlowTerminal
0.996786	0.0804114	0.000144882	0	-0.0804109	0.996785	-0.00186565	0	-0.000294428	0.00184796	1.00002	0	89.3044	-15.0345	-0.291931	1

COMPONENTFINISH

COMPONENT 733648=IfcFlowTerminal
#	TMesh	1000086=IfcFlowTerminal
0.998824	-0.0477034	0.000569331	0	-0.0477035	-0.998824	0.000143476	0	-0.000561838	0.000170473	0.999963	0	86.1773	175.861	-0.73671	1

COMPONENTFINISH

COMPONENT 733718=IfcFlowTerminal
#	TMesh	1000018=IfcFlowTerminal
0.996791	0.0804305	0.002123	0	-0.0804268	0.996792	-0.00173701	0	-0.00225582	0.00156064	1.00003	0	91.8992	-14.8251	-0.322131	1

COMPONENTFINISH

COMPONENT 733788=IfcFlowTerminal
#	TMesh	1000086=IfcFlowTerminal
-0.996683	-0.0819411	0.000298001	0	0.0819412	-0.996683	0.000229734	0	0.000278175	0.000253379	1.00005	0	94.5403	176.177	-0.742633	1

COMPONENTFINISH

COMPONENT 733928=IfcFlowTerminal
#	TMesh	1000086=IfcFlowTerminal
0.998781	-0.0501152	2.79142e-005	0	-0.0501152	-0.998782	0.000174655	0	-1.91266e-005	0.000175835	1.00004	0	47.7189	170.436	-0.734929	1

COMPONENTFINISH

COMPONENT 733998=IfcFlowTerminal
#	TMesh	1000018=IfcFlowTerminal
-0.996756	-0.0805283	0.000943666	0	-0.0805297	0.996755	-0.00154795	0	0.000815947	0.00161891	1	0	71.5002	-18.7878	-0.329383	1

COMPONENTFINISH

COMPONENT 734068=IfcFlowTerminal
#	TMesh	1000086=IfcFlowTerminal
0.996541	0.0823159	0.000819755	0	-0.0823159	0.996541	-3.73494e-005	0	-0.000820048	-3.02606e-005	0.999935	0	53.5934	-20.2428	-0.721717	1

COMPONENTFINISH

COMPONENT 734138=IfcFlowTerminal
#	TMesh	1000018=IfcFlowTerminal
-0.996698	-0.0808637	0.000155671	0	0.0808633	-0.996696	-0.00202662	0	0.000319045	-0.0020074	0.999971	0	59.5446	171.02	-0.276702	1

COMPONENTFINISH

COMPONENT 734208=IfcFlowTerminal
#	TMesh	1000086=IfcFlowTerminal
-0.996671	-0.0813382	0.00014157	0	0.0813382	-0.996671	0.000473071	0	0.000102622	0.000483018	0.999984	0	59.4993	171.019	-0.764213	1

COMPONENTFINISH

COMPONENT 734278=IfcFlowTerminal
#	TMesh	1000018=IfcFlowTerminal
-0.996705	-0.0807584	0.000710966	0	0.080757	-0.996704	-0.0018108	0	0.000854884	-0.00174747	0.99997	0	62.9432	171.294	-0.302244	1

COMPONENTFINISH

COMPONENT 734348=IfcFlowTerminal
#	TMesh	1000086=IfcFlowTerminal
0.998897	-0.0486051	-9.8331e-006	0	-0.0486051	-0.998897	-0.000279863	0	-3.78022e-006	-0.00028001	1.00008	0	57.1429	171.21	-0.691474	1

COMPONENTFINISH

COMPONENT 734418=IfcFlowTerminal
#	TMesh	1000018=IfcFlowTerminal
0.996829	0.0805349	-0.000339359	0	-0.0805353	0.996828	-0.00130824	0	0.000232906	0.00133132	1.00008	0	63.5861	-19.4315	-0.340581	1

COMPONENTFINISH

COMPONENT 734488=IfcFlowTerminal
#	TMesh	1000086=IfcFlowTerminal
0.998899	-0.0484422	-7.91516e-005	0	-0.0484422	-0.998899	0.000381026	0	9.75151e-005	0.000376745	1.00007	0	60.516	171.482	-0.753663	1

COMPONENTFINISH

COMPONENT 734558=IfcFlowTerminal
#	TMesh	1000018=IfcFlowTerminal
-0.996808	-0.0806457	0.000328282	0	0.0806452	-0.996807	-0.0013993	0	0.000440053	-0.00136827	1.00006	0	69.7329	171.852	-0.33797	1

COMPONENTFINISH

COMPONENT 734628=IfcFlowTerminal
#	TMesh	1000086=IfcFlowTerminal
0.996723	0.081276	0.000126042	0	-0.0812761	0.996723	0.000274969	0	-0.000103277	-0.000284303	1.00003	0	67.0468	-19.1517	-0.745346	1

COMPONENTFINISH

COMPONENT 734698=IfcFlowTerminal
#	TMesh	1000018=IfcFlowTerminal
-0.996783	-0.0810589	0.00199573	0	0.0810569	-0.996784	-0.00104433	0	0.00207381	-0.00087914	1.00007	0	73.081	172.127	-0.386855	1

COMPONENTFINISH

COMPONENT 734768=IfcFlowTerminal
#	TMesh	1000086=IfcFlowTerminal
-0.998768	0.0493209	0.000638369	0	0.049321	0.998768	6.90037e-005	0	0.000634188	-0.000100405	0.999985	0	76.1167	-18.7821	-0.730301	1

COMPONENTFINISH

COMPONENT 734838=IfcFlowTerminal
#	TMesh	1000018=IfcFlowTerminal
-0.996615	-0.0813608	0.000516727	0	0.0813599	-0.996614	-0.00155506	0	0.000641544	-0.00150787	0.999929	0	76.4408	172.389	-0.324782	1

COMPONENTFINISH

COMPONENT 734908=IfcFlowTerminal
#	TMesh	1000086=IfcFlowTerminal
0.996752	0.0806099	0.000148666	0	-0.0806098	0.996752	-0.000270475	0	-0.000169985	0.000257611	1.00001	0	73.7612	-18.6005	-0.69363	1

COMPONENTFINISH

COMPONENT 734978=IfcFlowTerminal
#	TMesh	1000018=IfcFlowTerminal
0.996714	0.0807053	0.00136273	0	-0.0807052	0.996715	-0.000165945	0	-0.00137167	5.54214e-005	0.999976	0	77.1603	-18.3227	-0.464565	1

COMPONENTFINISH

COMPONENT 735048=IfcFlowTerminal
#	TMesh	1000086=IfcFlowTerminal
0.996881	0.080085	-4.32681e-005	0	-0.080085	0.996881	0.000339379	0	7.03058e-005	-0.000334824	1.00009	0	77.0984	-18.3321	-0.750066	1

COMPONENTFINISH

COMPONENT 735118=IfcFlowTerminal
#	TMesh	1000018=IfcFlowTerminal
-0.996645	-0.0807892	0.00070414	0	0.0807881	-0.996645	-0.00144452	0	0.000818548	-0.00138291	0.999914	0	83.2731	172.936	-0.336969	1

COMPONENTFINISH

COMPONENT 735188=IfcFlowTerminal
#	TMesh	1000086=IfcFlowTerminal
-0.99884	0.049166	-0.000151062	0	0.049166	0.998841	-2.69213e-005	0	-0.000149556	3.43156e-005	1.00005	0	86.3006	-17.9642	-0.714165	1

COMPONENTFINISH

COMPONENT 735258=IfcFlowTerminal
#	TMesh	1000018=IfcFlowTerminal
-0.996621	-0.0807292	2.12526e-006	0	-0.0807291	0.99662	-0.00163541	0	-0.000129922	0.00163024	0.999884	0	101.62	-16.3341	-0.312436	1

COMPONENTFINISH

COMPONENT 735328=IfcFlowTerminal
#	TMesh	1000086=IfcFlowTerminal
-0.998841	0.0496651	0.00040732	0	0.0496648	0.998841	-0.000547562	0	0.00043401	0.000526659	1.00007	0	89.242	-17.7277	-0.669786	1

COMPONENTFINISH

COMPONENT 735398=IfcFlowTerminal
#	TMesh	1000018=IfcFlowTerminal
0.996832	0.080748	0.00245482	0	-0.0807472	0.996835	-0.000416314	0	-0.00248042	0.000216753	1.0001	0	86.5336	-17.5755	-0.450749	1

COMPONENTFINISH

COMPONENT 735468=IfcFlowTerminal
#	TMesh	1000086=IfcFlowTerminal
-0.996984	-0.0796462	0.000562444	0	0.0796461	-0.996984	-0.000227994	0	0.000578814	-0.00018248	1.00016	0	89.3645	173.442	-0.701773	1

COMPONENTFINISH

COMPONENT 735538=IfcFlowTerminal
#	TMesh	1000018=IfcFlowTerminal
-0.996752	-0.0807254	0.000297681	0	0.0807247	-0.99675	-0.00177203	0	0.000439755	-0.00174221	1.00001	0	92.251	173.673	-0.302209	1

COMPONENTFINISH

COMPONENT 735608=IfcFlowTerminal
#	TMesh	1000086=IfcFlowTerminal
-0.996864	-0.0797408	-0.000147238	0	0.0797408	-0.996864	-0.000323339	0	-0.000120987	-0.00033405	1.00005	0	92.3463	173.674	-0.686012	1

COMPONENTFINISH

COMPONENT 735678=IfcFlowTerminal
#	TMesh	1000018=IfcFlowTerminal
0.996815	0.0806598	0.00172689	0	-0.0806561	0.996815	-0.0021375	0	-0.00189365	0.00199126	1.00007	0	92.1062	-17.1222	-0.280482	1

COMPONENTFINISH

COMPONENT 735748=IfcFlowTerminal
#	TMesh	1000086=IfcFlowTerminal
-0.996814	-0.0804934	0.000301688	0	0.0804934	-0.996815	-9.66689e-005	0	0.00030849	-7.20728e-005	1.00006	0	94.8648	173.885	-0.71167	1

COMPONENTFINISH

COMPONENT 73806=IfcFlowSegment
#	TMesh	116001=IfcFlowSegment
-0.000172106	-2.46171e-005	-0.69062	0	0.688361	0.0558213	-0.000173533	0	0.0558213	-0.688361	1.06256e-005	0	29.4973	81.6513	-220.117	1

COMPONENTFINISH

COMPONENT 740438=IfcFlowTerminal
#	TMesh	1000018=IfcFlowTerminal
-0.996791	-0.0813238	0.00158006	0	0.0813218	-0.996791	-0.00126414	0	0.00167762	-0.00113147	1.0001	0	93.3303	193.638	-0.362204	1

COMPONENTFINISH

COMPONENT 740508=IfcFlowTerminal
#	TMesh	1000086=IfcFlowTerminal
-0.996686	-0.0805347	-0.000127768	0	0.0805347	-0.996686	-0.000156969	0	-0.000114711	-0.00016675	0.999935	0	93.406	193.621	-0.701753	1

COMPONENTFINISH

COMPONENT 740578=IfcFlowTerminal
#	TMesh	1000018=IfcFlowTerminal
-0.996724	-0.080652	0.000932266	0	0.0806506	-0.996723	-0.00145565	0	0.00104663	-0.00137572	0.99998	0	90.4039	193.384	-0.338025	1

COMPONENTFINISH

COMPONENT 740648=IfcFlowTerminal
#	TMesh	1000086=IfcFlowTerminal
0.996802	0.0801362	0.000152001	0	-0.0801361	0.996802	-0.000374211	0	-0.000181499	0.000360827	1.00002	0	87.6107	2.38953	-0.683824	1

COMPONENTFINISH

COMPONENT 740718=IfcFlowTerminal
#	TMesh	1000018=IfcFlowTerminal
0.99671	0.0808739	0.0023826	0	-0.0808695	0.996712	-0.00186458	0	-0.00252559	0.00166579	0.999984	0	84.1947	2.10802	-0.312314	1

COMPONENTFINISH

COMPONENT 740788=IfcFlowTerminal
#	TMesh	1000086=IfcFlowTerminal
-0.998804	0.049709	0.000513601	0	0.0497091	0.998804	0.000261667	0	0.000499959	-0.000286873	1.00004	0	89.8759	2.19399	-0.759808	1

COMPONENTFINISH

COMPONENT 740858=IfcFlowTerminal
#	TMesh	1000018=IfcFlowTerminal
-0.996646	-0.0812002	0.0007949	0	-0.0812013	0.996645	-0.00138641	0	0.000679692	0.00144638	0.999947	0	99.8111	3.38269	-0.343347	1

COMPONENTFINISH

COMPONENT 740928=IfcFlowTerminal
#	TMesh	1000086=IfcFlowTerminal
0.998809	-0.0479844	0.000194938	0	-0.0479843	-0.998809	-0.000351693	0	-0.00021159	-0.000341934	0.999961	0	78.5553	192.801	-0.686222	1

COMPONENTFINISH

COMPONENT 740998=IfcFlowTerminal
#	TMesh	1000018=IfcFlowTerminal
-0.996771	-0.0861818	0.00355679	0	0.0861815	-0.996778	-0.00024965	0	0.00356508	5.7657e-005	1.00049	0	92.6099	196.845	-0.476898	1

COMPONENTFINISH

COMPONENT 741068=IfcFlowTerminal
#	TMesh	1000086=IfcFlowTerminal
-0.997848	0.0601813	0.00023378	0	0.0601812	0.997848	-0.000538242	0	0.000265759	0.000523192	0.999661	0	95.0943	5.87831	-0.66819	1

COMPONENTFINISH

COMPONENT 741138=IfcFlowTerminal
#	TMesh	1000018=IfcFlowTerminal
-0.996762	-0.0815422	-0.000222477	0	-0.0815419	0.996761	-0.00120974	0	-0.000320371	0.00118757	1.00009	0	105.569	7.02495	-0.351018	1

COMPONENTFINISH

COMPONENT 741208=IfcFlowTerminal
#	TMesh	1000086=IfcFlowTerminal
-0.999457	0.0404068	0.000337005	0	0.0404057	0.999453	-0.00270544	0	0.000446016	0.00268962	1.00027	0	93.9984	5.65759	-0.464441	1

COMPONENTFINISH

COMPONENT 741278=IfcFlowTerminal
#	TMesh	1000018=IfcFlowTerminal
-0.996945	-0.0831868	0.000598467	0	0.0831862	-0.996945	-0.000948715	0	0.000675282	-0.000895665	1.00041	0	86.5523	196.321	-0.383545	1

COMPONENTFINISH

COMPONENT 741348=IfcFlowTerminal
#	TMesh	1000086=IfcFlowTerminal
0.995957	0.0834203	0.000480548	0	-0.0834191	0.995955	-0.00208782	0	-0.000653133	0.00204042	0.999443	0	84.3187	5.32967	-0.734757	1

COMPONENTFINISH

COMPONENT 741418=IfcFlowTerminal
#	TMesh	1000018=IfcFlowTerminal
-0.996903	-0.0832725	0.00256212	0	-0.0832763	0.996905	-0.0014145	0	0.00243548	0.00162287	1.00037	0	99.7527	6.54192	-0.357071	1

COMPONENTFINISH

COMPONENT 741488=IfcFlowTerminal
#	TMesh	1000086=IfcFlowTerminal
-0.99853	0.0563143	0.000624808	0	0.0563138	0.99853	-0.000801683	0	0.000668958	0.000765229	1.00012	0	86.4966	5.12108	-0.647701	1

COMPONENTFINISH

COMPONENT 741558=IfcFlowTerminal
#	TMesh	1000018=IfcFlowTerminal
-0.997033	-0.0832208	0.00187789	0	-0.0832205	0.997035	0.000242462	0	0.00189155	-8.54214e-005	1.0005	0	108.395	11.2687	-0.508502	1

COMPONENTFINISH

COMPONENT 741628=IfcFlowTerminal
#	TMesh	1000086=IfcFlowTerminal
-0.997984	0.0601167	0.00207599	0	0.0601126	0.997984	-0.00198264	0	0.00219145	0.00185423	0.999791	0	94.7725	9.87392	-0.547866	1

COMPONENTFINISH

COMPONENT 741698=IfcFlowTerminal
#	TMesh	1000018=IfcFlowTerminal
-0.997004	-0.081156	0.000748938	0	0.0811562	-0.997005	0.000323919	0	0.000720189	0.000383614	1.0003	0	89.7772	200.59	-0.505855	1

COMPONENTFINISH

COMPONENT 741768=IfcFlowTerminal
#	TMesh	1000086=IfcFlowTerminal
0.998301	-0.0526159	0.00094605	0	-0.0526157	-0.998302	-0.000179201	0	-0.00095417	-0.00012916	0.999687	0	84.4009	200.455	-0.708841	1

COMPONENTFINISH

COMPONENT 741838=IfcFlowTerminal
#	TMesh	1000018=IfcFlowTerminal
-0.99757	-0.0733212	0.00305274	0	0.0733253	-0.997574	0.00125833	0	0.00295229	0.00147873	1.00026	0	87.103	200.295	-0.615468	1

COMPONENTFINISH

COMPONENT 741908=IfcFlowTerminal
#	TMesh	1000086=IfcFlowTerminal
-0.99929	0.0437541	0.000209233	0	0.0437538	0.999289	-0.0012566	0	0.000264	0.00124624	1.00025	0	89.9322	9.38016	-0.851028	1

COMPONENTFINISH

COMPONENT 741978=IfcFlowTerminal
#	TMesh	1000018=IfcFlowTerminal
-0.997083	-0.0818971	0.00114984	0	0.081895	-0.997082	-0.00175776	0	0.00128987	-0.00165774	1.00044	0	83.7267	200.121	-0.311623	1

COMPONENTFINISH

COMPONENT 742048=IfcFlowTerminal
#	TMesh	1000086=IfcFlowTerminal
-0.996117	-0.0827403	0.00154898	0	0.0827378	-0.996117	-0.00163439	0	0.00167895	-0.00150056	0.999546	0	83.6351	200.039	-0.575629	1

COMPONENTFINISH

COMPONENT 742118=IfcFlowTerminal
#	TMesh	1000018=IfcFlowTerminal
-0.9967	-0.0833078	0.000815181	0	-0.0833079	0.9967	-0.000110244	0	0.000803166	0.00017776	1.00018	0	108.13	14.6401	-0.465073	1

COMPONENTFINISH

COMPONENT 742188=IfcFlowTerminal
#	TMesh	1000086=IfcFlowTerminal
0.998204	-0.0576534	0.000258094	0	-0.0576532	-0.998204	-0.000546357	0	-0.000289168	-0.000530566	0.999867	0	87.5988	204.074	-0.668086	1

COMPONENTFINISH

COMPONENT 742258=IfcFlowTerminal
#	TMesh	1000018=IfcFlowTerminal
0.99668	0.0834161	0.000531888	0	0.0834168	-0.99668	-0.00129263	0	-0.000422226	-0.00133249	1.00016	0	71.21	202.407	-0.350076	1

COMPONENTFINISH

COMPONENT 742328=IfcFlowTerminal
#	TMesh	1000086=IfcFlowTerminal
-0.998207	0.0575624	3.49595e-005	0	0.0575623	0.998206	-0.00143827	0	0.000117703	0.00143387	0.999864	0	91.7611	12.9739	-0.581259	1

COMPONENTFINISH

COMPONENT 742398=IfcFlowTerminal
#	TMesh	1000018=IfcFlowTerminal
-0.99699	-0.0812883	0.00211122	0	0.0812874	-0.996992	-0.000515288	0	0.00214611	-0.000342019	1.0003	0	86.1288	203.657	-0.43838	1

COMPONENTFINISH

COMPONENT 742468=IfcFlowTerminal
#	TMesh	1000086=IfcFlowTerminal
-0.99579	-0.0891634	-9.61588e-005	0	0.0891633	-0.995787	-0.00260126	0	0.000136214	-0.00259947	0.999771	0	85.3707	203.62	-0.685842	1

COMPONENTFINISH

COMPONENT 742538=IfcFlowTerminal
#	TMesh	1000018=IfcFlowTerminal
-0.996945	-0.0810356	0.000709338	0	-0.0810367	0.996944	-0.00156959	0	0.000579842	0.0016219	1.00023	0	98.9462	13.8681	-0.325372	1

COMPONENTFINISH

COMPONENT 742608=IfcFlowTerminal
#	TMesh	1000086=IfcFlowTerminal
-0.995682	-0.0887473	0.000304012	0	0.0887468	-0.995682	-0.00126267	0	0.000414911	-0.00123069	0.999629	0	82.7922	203.391	-0.599842	1

COMPONENTFINISH

COMPONENT 742678=IfcFlowTerminal
#	TMesh	1000018=IfcFlowTerminal
-0.99749	-0.07356	0.0037137	0	0.0735624	-0.997496	0.000529988	0	0.00366466	0.000801682	1.0002	0	92.9096	207.986	-0.552189	1

COMPONENTFINISH

COMPONENT 742748=IfcFlowTerminal
#	TMesh	1000086=IfcFlowTerminal
0.996683	0.0855836	3.46202e-005	0	-0.0855833	0.996681	-0.00188121	0	-0.000195437	0.00187135	1.00035	0	89.9569	16.9433	-0.540241	1

COMPONENTFINISH

COMPONENT 742818=IfcFlowTerminal
#	TMesh	1000018=IfcFlowTerminal
-0.997082	-0.0808312	0.00087521	0	0.0808308	-0.997082	-0.000512808	0	0.000913784	-0.000440412	1.00035	0	89.2272	207.772	-0.427443	1

COMPONENTFINISH

COMPONENT 742888=IfcFlowTerminal
#	TMesh	1000086=IfcFlowTerminal
-0.995814	-0.0845707	0.00111325	0	0.0845694	-0.995814	-0.00115195	0	0.00120673	-0.00105361	0.999398	0	88.8582	207.687	-0.617195	1

COMPONENTFINISH

COMPONENT 742958=IfcFlowTerminal
#	TMesh	1000018=IfcFlowTerminal
-0.996106	-0.0921042	0.000252256	0	0.0921038	-0.996105	-0.00129906	0	0.000370791	-0.00127031	1.00035	0	85.1568	207.539	-0.347064	1

COMPONENTFINISH

COMPONENT 743028=IfcFlowTerminal
#	TMesh	1000086=IfcFlowTerminal
0.996486	0.0718389	-1.82566e-005	0	-0.0718389	0.996486	0.000248866	0	3.61042e-005	-0.000246909	0.999072	0	82.671	16.6069	-0.739362	1

COMPONENTFINISH

COMPONENT 743098=IfcFlowTerminal
#	TMesh	1000018=IfcFlowTerminal
-0.997009	-0.0807904	0.000551858	0	0.0807904	-0.997009	-0.000103562	0	0.00055842	-5.86514e-005	1.00028	0	83.2503	207.279	-0.463362	1

COMPONENTFINISH

COMPONENT 743168=IfcFlowTerminal
#	TMesh	1000086=IfcFlowTerminal
0.995579	0.089027	0.000256944	0	-0.0890261	0.995576	-0.00250562	0	-0.00047909	0.00247278	0.999549	0	81.3243	16.2888	-0.481058	1

COMPONENTFINISH

COMPONENT 743238=IfcFlowTerminal
#	TMesh	1000018=IfcFlowTerminal
-0.996657	-0.0807501	0.000510068	0	0.0807494	-0.996656	-0.0011381	0	0.000600311	-0.0010932	0.999922	0	56.4625	167.08	-0.364351	1

COMPONENTFINISH

COMPONENT 743308=IfcFlowTerminal
#	TMesh	1000086=IfcFlowTerminal
-0.998817	0.0487396	0.000106537	0	0.0487396	0.998816	-0.000471543	0	0.000129393	0.00046579	1.00001	0	59.5256	-23.8156	-0.674129	1

COMPONENTFINISH

COMPONENT 743378=IfcFlowTerminal
#	TMesh	1000018=IfcFlowTerminal
0.996718	0.0804274	0.000227117	0	-0.080427	0.996717	-0.00131157	0	-0.000331871	0.00128905	0.999956	0	57.096	-23.6289	-0.345319	1

COMPONENTFINISH

COMPONENT 743448=IfcFlowTerminal
#	TMesh	1000086=IfcFlowTerminal
0.998819	-0.0490881	-2.33408e-005	0	-0.0490881	-0.998819	-0.000731449	0	-1.25919e-005	-0.000731713	1.00002	0	54.0972	167.274	-0.648293	1

COMPONENTFINISH

COMPONENT 743518=IfcFlowTerminal
#	TMesh	1000018=IfcFlowTerminal
-0.996776	-0.0807715	0.000888725	0	0.0807696	-0.996775	-0.00200846	0	0.00104804	-0.00193012	1.00004	0	63.239	167.641	-0.285126	1

COMPONENTFINISH

COMPONENT 743588=IfcFlowTerminal
#	TMesh	1000086=IfcFlowTerminal
0.998906	-0.048664	0.000612212	0	-0.048664	-0.998906	0.000105584	0	-0.000606349	0.000135249	1.00009	0	57.4464	167.551	-0.733789	1

COMPONENTFINISH

COMPONENT 743658=IfcFlowTerminal
#	TMesh	1000018=IfcFlowTerminal
-0.996783	-0.080609	0.000244462	0	0.0806087	-0.996783	-0.00107472	0	0.000330295	-0.00105152	1.00004	0	66.6439	167.914	-0.368044	1

COMPONENTFINISH

COMPONENT 743728=IfcFlowTerminal
#	TMesh	1000086=IfcFlowTerminal
0.998906	-0.0479284	0.000382347	0	-0.0479281	-0.998905	-0.00066856	0	-0.000413949	-0.000649467	1.00005	0	60.7648	167.82	-0.658016	1

COMPONENTFINISH

COMPONENT 743798=IfcFlowTerminal
#	TMesh	1000018=IfcFlowTerminal
0.996811	0.0809386	0.000447909	0	0.0809393	-0.996809	-0.00195264	0	-0.000288409	-0.00198248	1.00009	0	51.92	166.727	-0.28646	1

COMPONENTFINISH

COMPONENT 743868=IfcFlowTerminal
#	TMesh	1000086=IfcFlowTerminal
0.998737	-0.0491747	-4.292e-005	0	-0.0491747	-0.998737	5.1601e-005	0	4.54057e-005	4.94278e-005	0.999947	0	64.2727	168.089	-0.722381	1

COMPONENTFINISH

COMPONENT 743938=IfcFlowTerminal
#	TMesh	1000018=IfcFlowTerminal
0.996834	0.0805999	0.00105545	0	0.0806017	-0.996833	-0.0017872	0	-0.000907982	-0.00186645	1.00009	0	55.3413	167.007	-0.307701	1

COMPONENTFINISH

COMPONENT 744008=IfcFlowTerminal
#	TMesh	1000086=IfcFlowTerminal
0.996554	0.0825421	0.00071882	0	-0.0825423	0.996554	0.000235283	0	-0.000696946	-0.000293815	0.999966	0	70.8556	-22.5323	-0.746799	1

COMPONENTFINISH

COMPONENT 744078=IfcFlowTerminal
#	TMesh	1000018=IfcFlowTerminal
0.996722	0.0809564	0.000497662	0	-0.0809552	0.99672	-0.00205143	0	-0.000662103	0.00200441	1	0	74.091	-22.2617	-0.277466	1

COMPONENTFINISH

COMPONENT 744148=IfcFlowTerminal
#	TMesh	1000086=IfcFlowTerminal
0.998783	-0.0484496	0.000700165	0	-0.0484494	-0.998783	-0.000311035	0	-0.000714413	-0.000276745	0.999958	0	70.9829	168.636	-0.694669	1

COMPONENTFINISH

COMPONENT 744218=IfcFlowTerminal
#	TMesh	1000018=IfcFlowTerminal
0.996681	0.0806606	0.000298114	0	0.0806611	-0.996679	-0.00191917	0	-0.000142331	-0.00193697	0.999938	0	61.7856	167.514	-0.288181	1

COMPONENTFINISH

COMPONENT 744288=IfcFlowTerminal
#	TMesh	1000086=IfcFlowTerminal
-0.996752	-0.0811617	1.83564e-006	0	0.0811617	-0.996752	0.000462693	0	-3.57214e-005	0.000461316	1.00005	0	79.8184	168.986	-1.21139	1

COMPONENTFINISH

COMPONENT 744358=IfcFlowTerminal
#	TMesh	1000018=IfcFlowTerminal
0.996661	0.0809526	7.79488e-005	0	-0.0809523	0.996659	-0.00214108	0	-0.000251029	0.00212774	0.999941	0	80.8687	-21.7068	-0.265083	1

COMPONENTFINISH

COMPONENT 744428=IfcFlowTerminal
#	TMesh	1000086=IfcFlowTerminal
0.998909	-0.0473403	0.000400393	0	-0.0473404	-0.998909	5.51734e-005	0	-0.000397332	7.40658e-005	1.00003	0	77.6533	169.187	-0.726929	1

COMPONENTFINISH

COMPONENT 744498=IfcFlowTerminal
#	TMesh	1000018=IfcFlowTerminal
-0.996793	-0.0804461	0.00178304	0	0.0804441	-0.996794	-0.00115496	0	0.00187017	-0.00100778	1.00003	0	86.9916	169.561	-0.374391	1

COMPONENTFINISH

COMPONENT 744568=IfcFlowTerminal
#	TMesh	1000086=IfcFlowTerminal
-0.998856	0.048803	0.000365658	0	0.0488029	0.998856	-9.84895e-005	0	0.000370029	8.05278e-005	1.00005	0	90.0194	-21.3477	-0.712047	1

COMPONENTFINISH

COMPONENT 744638=IfcFlowTerminal
#	TMesh	1000018=IfcFlowTerminal
-0.996654	-0.0812232	0.000691566	0	-0.0812243	0.996652	-0.00180124	0	0.000542971	0.00185146	0.999956	0	105.751	-19.6858	-0.302975	1

COMPONENTFINISH

COMPONENT 744708=IfcFlowTerminal
#	TMesh	1000086=IfcFlowTerminal
-0.998804	0.0494745	0.000801276	0	0.0494742	0.998804	-0.000404599	0	0.000820312	0.000364462	1.00003	0	93.343	-21.075	-0.686855	1

COMPONENTFINISH

COMPONENT 744778=IfcFlowTerminal
#	TMesh	1000018=IfcFlowTerminal
0.99668	0.0807567	8.10645e-005	0	-0.0807565	0.996679	-0.00130587	0	-0.000186263	0.00129506	0.999946	0	90.8172	-20.8986	-0.344524	1

COMPONENTFINISH

COMPONENT 744848=IfcFlowTerminal
#	TMesh	1000086=IfcFlowTerminal
0.998875	-0.0477768	0.000215693	0	-0.0477767	-0.998875	-0.000300932	0	-0.000229824	-0.000290284	1.00002	0	87.6621	169.996	-0.691367	1

COMPONENTFINISH

COMPONENT 744918=IfcFlowTerminal
#	TMesh	1000018=IfcFlowTerminal
-0.996846	-0.0805057	0.000431225	0	0.0805052	-0.996846	-0.00113006	0	0.000520794	-0.00109168	1.00009	0	56.7563	163.778	-0.364518	1

COMPONENTFINISH

COMPONENT 744988=IfcFlowTerminal
#	TMesh	1000086=IfcFlowTerminal
0.996713	0.0817587	0.000598233	0	-0.0817589	0.996713	0.000309205	0	-0.000570952	-0.000357078	1.00006	0	54.1036	-27.2305	-0.752947	1

COMPONENTFINISH

COMPONENT 745058=IfcFlowTerminal
#	TMesh	1000018=IfcFlowTerminal
0.996784	0.0807501	0.000421085	0	0.0807506	-0.996783	-0.00139298	0	-0.000307231	-0.00142244	1.00005	0	42.0403	162.585	-0.339389	1

COMPONENTFINISH

COMPONENT 745128=IfcFlowTerminal
#	TMesh	1000086=IfcFlowTerminal
0.996717	0.0815372	0.000229347	0	-0.0815373	0.996717	0.000431535	0	-0.000193398	-0.000448797	1.00005	0	57.4705	-26.954	-0.761203	1

COMPONENTFINISH

COMPONENT 745198=IfcFlowTerminal
#	TMesh	1000018=IfcFlowTerminal
0.996783	0.0808895	0.000906632	0	-0.0808878	0.996782	-0.00176808	0	-0.00104667	0.00168896	1.00006	0	60.7976	-26.6824	-0.308149	1

COMPONENTFINISH

COMPONENT 745268=IfcFlowTerminal
#	TMesh	1000086=IfcFlowTerminal
0.998841	-0.0489758	0.000316768	0	-0.0489758	-0.998841	-0.000232075	0	-0.000327754	-0.000216283	1.00004	0	57.7447	164.231	-0.698891	1

COMPONENTFINISH

COMPONENT 745338=IfcFlowTerminal
#	TMesh	1000018=IfcFlowTerminal
-0.996779	-0.0811884	0.00159122	0	0.0811862	-0.996779	-0.0014194	0	0.0017012	-0.00128554	1.00008	0	66.8565	164.602	-0.347547	1

COMPONENTFINISH

COMPONENT 745408=IfcFlowTerminal
#	TMesh	1000086=IfcFlowTerminal
0.998705	-0.0487755	0.000177548	0	-0.0487755	-0.998705	0.00019791	0	-0.000167683	0.000206335	0.999895	0	61.1154	164.49	-0.738176	1

COMPONENTFINISH

COMPONENT 745478=IfcFlowTerminal
#	TMesh	1000018=IfcFlowTerminal
0.996715	0.0806026	-0.000188595	0	0.0806023	-0.996714	-0.00116902	0	0.000282211	-0.00115002	0.999968	0	52.2212	163.403	-0.35511	1

COMPONENTFINISH

COMPONENT 745548=IfcFlowTerminal
#	TMesh	1000086=IfcFlowTerminal
0.996525	0.0822859	-3.54553e-006	0	-0.0822859	0.996525	-0.000411656	0	-3.03428e-005	0.000410552	0.999916	0	67.7098	-26.1208	-0.67862	1

COMPONENTFINISH

COMPONENT 745618=IfcFlowTerminal
#	TMesh	1000018=IfcFlowTerminal
-0.996746	-0.0809237	0.000654164	0	0.0809223	-0.996745	-0.00191031	0	0.000806602	-0.00185111	1.00002	0	73.6599	165.146	-0.29232	1

COMPONENTFINISH

COMPONENT 745688=IfcFlowTerminal
#	TMesh	1000086=IfcFlowTerminal
0.998819	-0.0472032	-0.000111847	0	-0.0472032	-0.998819	-0.000441768	0	9.08682e-005	-0.000446555	0.999933	0	67.7421	165.037	-0.674816	1

COMPONENTFINISH

COMPONENT 745758=IfcFlowTerminal
#	TMesh	1000018=IfcFlowTerminal
0.996718	0.0805864	0.000652205	0	-0.0805861	0.996718	-0.000475205	0	-0.00068838	0.0004211	0.999971	0	74.3248	-25.5741	-0.428704	1

COMPONENTFINISH

COMPONENT 745828=IfcFlowTerminal
#	TMesh	1000086=IfcFlowTerminal
-0.996684	-0.0812118	0.00033248	0	0.081212	-0.996684	0.000506156	0	0.000290275	0.000531486	0.999988	0	77.0208	165.415	-0.769095	1

COMPONENTFINISH

COMPONENT 745898=IfcFlowTerminal
#	TMesh	1000018=IfcFlowTerminal
-0.996723	-0.0806207	0.000238322	0	0.0806201	-0.996721	-0.00208642	0	0.000405758	-0.00206042	0.999976	0	80.4666	165.691	-0.271763	1

COMPONENTFINISH

COMPONENT 745968=IfcFlowTerminal
#	TMesh	1000086=IfcFlowTerminal
0.998843	-0.0492511	0.000417689	0	-0.0492512	-0.998843	0.000166872	0	-0.000408964	0.000187241	1.00006	0	74.7155	165.605	-0.737774	1

COMPONENTFINISH

COMPONENT 746038=IfcFlowTerminal
#	TMesh	1000018=IfcFlowTerminal
0.996859	0.0803242	0.00142696	0	-0.0803223	0.996859	-0.00133295	0	-0.00152941	0.00121403	1.00009	0	81.077	-25.0366	-0.354265	1

COMPONENTFINISH

COMPONENT 746108=IfcFlowTerminal
#	TMesh	1000086=IfcFlowTerminal
-0.998975	0.0485996	0.000553489	0	0.0485994	0.998975	-0.00026582	0	0.000565752	0.000238611	1.00016	0	86.9193	-24.9494	-0.698092	1

COMPONENTFINISH

COMPONENT 746178=IfcFlowTerminal
#	TMesh	1000018=IfcFlowTerminal
0.996761	0.0813356	0.000883068	0	-0.0813347	0.996761	-0.00106795	0	-0.000966998	0.00099259	1.00007	0	84.5625	-24.7617	-0.374508	1

COMPONENTFINISH

COMPONENT 746248=IfcFlowTerminal
#	TMesh	1000086=IfcFlowTerminal
-0.998762	0.0499417	0.000607389	0	0.0499415	0.998762	-0.000243529	0	0.000618793	0.000212891	1.00001	0	90.1785	-24.6668	-0.700362	1

COMPONENTFINISH

COMPONENT 746318=IfcFlowTerminal
#	TMesh	1000018=IfcFlowTerminal
0.996739	0.0806108	0.000684889	0	-0.0806097	0.996738	-0.00150375	0	-0.000803879	0.00144365	0.999992	0	87.8825	-24.4788	-0.331214	1

COMPONENTFINISH

COMPONENT 746388=IfcFlowTerminal
#	TMesh	1000086=IfcFlowTerminal
-0.99677	-0.0802575	0.000312063	0	0.0802575	-0.99677	-4.43928e-005	0	0.00031462	-1.92041e-005	0.999996	0	90.6678	166.514	-0.716581	1

COMPONENTFINISH

COMPONENT 746458=IfcFlowTerminal
#	TMesh	1000018=IfcFlowTerminal
-0.996731	-0.0811679	0.000491978	0	-0.0811684	0.996731	-0.00105653	0	0.000404601	0.00109298	1.00003	0	109.205	-22.752	-0.37203	1

COMPONENTFINISH

COMPONENT 746528=IfcFlowTerminal
#	TMesh	1000086=IfcFlowTerminal
0.998806	-0.0488865	0.000731586	0	-0.0488863	-0.998806	-0.000238856	0	-0.000742388	-0.000202806	1	0	88.0382	166.682	-0.70192	1

COMPONENTFINISH

COMPONENT 746598=IfcFlowTerminal
#	TMesh	1000018=IfcFlowTerminal
-0.996631	-0.080757	0.000236055	0	0.0807565	-0.99663	-0.00183139	0	0.000383197	-0.00180634	0.999896	0	57.0213	160.173	-0.295931	1

COMPONENTFINISH

COMPONENT 746668=IfcFlowTerminal
#	TMesh	1000086=IfcFlowTerminal
-0.996692	-0.0809544	7.19515e-005	0	0.0809544	-0.996692	0.000229364	0	5.31468e-005	0.000234436	0.999974	0	57.0033	160.178	-0.740386	1

COMPONENTFINISH

COMPONENT 746738=IfcFlowTerminal
#	TMesh	1000018=IfcFlowTerminal
0.996695	0.0805941	0.000374075	0	0.0805946	-0.996694	-0.00151251	0	-0.000250952	-0.00153774	0.999947	0	42.3466	158.99	-0.327538	1

COMPONENTFINISH

COMPONENT 746808=IfcFlowTerminal
#	TMesh	1000086=IfcFlowTerminal
0.998755	-0.0485001	0.000199966	0	-0.0485	-0.998755	-0.000137624	0	-0.000206406	-0.000127763	0.999932	0	54.6018	160.355	-0.706554	1

COMPONENTFINISH

COMPONENT 746878=IfcFlowTerminal
#	TMesh	1000018=IfcFlowTerminal
-0.99669	-0.0804702	0.00125445	0	0.0804686	-0.99669	-0.00125204	0	0.00135113	-0.00114703	0.999932	0	63.8261	160.724	-0.360281	1

COMPONENTFINISH

COMPONENT 746948=IfcFlowTerminal
#	TMesh	1000086=IfcFlowTerminal
0.998896	-0.0486311	0.000404551	0	-0.048631	-0.998896	-0.000410263	0	-0.000424023	-0.000390106	1.00008	0	58.0024	160.645	-0.68282	1

COMPONENTFINISH

COMPONENT 747018=IfcFlowTerminal
#	TMesh	1000018=IfcFlowTerminal
-0.99669	-0.0807941	-0.000199926	0	-0.080794	0.99669	-0.000695153	0	-0.000255439	0.000676727	0.999959	0	82.5484	-28.5198	-0.400061	1

COMPONENTFINISH

COMPONENT 747088=IfcFlowTerminal
#	TMesh	1000086=IfcFlowTerminal
-0.996824	-0.0802304	0.000137408	0	0.0802304	-0.996824	0.000288181	0	0.000113846	0.000298276	1.00005	0	67.2398	161.008	-0.74674	1

COMPONENTFINISH

COMPONENT 747158=IfcFlowTerminal
#	TMesh	1000018=IfcFlowTerminal
0.996652	0.0812522	0.000239182	0	-0.0812518	0.996651	-0.00114784	0	-0.00033166	0.00112461	0.999958	0	67.9013	-29.7118	-0.360991	1

COMPONENTFINISH

COMPONENT 747228=IfcFlowTerminal
#	TMesh	1000086=IfcFlowTerminal
0.996771	0.0802078	0.000521846	0	-0.080208	0.996771	0.000370076	0	-0.000490481	-0.00041074	0.999992	0	67.8018	-29.7116	-0.757884	1

COMPONENTFINISH

COMPONENT 747298=IfcFlowTerminal
#	TMesh	1000018=IfcFlowTerminal
-0.996732	-0.0807458	0.000790066	0	0.080744	-0.996731	-0.00215412	0	0.000961421	-0.0020833	0.999996	0	73.9673	161.555	-0.270336	1

COMPONENTFINISH

COMPONENT 747368=IfcFlowTerminal
#	TMesh	1000086=IfcFlowTerminal
0.996808	0.0802182	-6.20563e-005	0	-0.0802182	0.996808	0.0002758	0	8.39798e-005	-0.000269933	1.00003	0	71.19	-29.4411	-0.743716	1

COMPONENTFINISH

COMPONENT 747438=IfcFlowTerminal
#	TMesh	1000018=IfcFlowTerminal
0.996836	0.0809674	0.00105375	0	-0.0809652	0.996834	-0.00203492	0	-0.00121504	0.00194293	1.00012	0	74.6509	-29.1782	-0.284153	1

COMPONENTFINISH

COMPONENT 747508=IfcFlowTerminal
#	TMesh	1000086=IfcFlowTerminal
0.996816	0.0804643	0.000101768	0	-0.0804643	0.996816	-0.000363994	0	-0.000130725	0.000354625	1.00006	0	74.6027	-29.1709	-0.684435	1

COMPONENTFINISH

COMPONENT 747578=IfcFlowTerminal
#	TMesh	1000018=IfcFlowTerminal
0.996889	0.0806931	0.00272181	0	-0.0806913	0.996893	-0.000791929	0	-0.00277683	0.000569752	1.00015	0	78.0148	-28.9054	-0.417504	1

COMPONENTFINISH

COMPONENT 747648=IfcFlowTerminal
#	TMesh	1000086=IfcFlowTerminal
0.9989	-0.0487602	0.00048952	0	-0.0487597	-0.9989	-0.000829424	0	-0.000529377	-0.000804571	1.00009	0	74.9593	162.021	-0.643779	1

COMPONENTFINISH

COMPONENT 747718=IfcFlowTerminal
#	TMesh	1000018=IfcFlowTerminal
0.996714	0.0810561	6.56787e-005	0	0.0810561	-0.996714	-0.000375619	0	-3.50165e-005	-0.000379707	1	0	66.0246	160.908	-0.432885	1

COMPONENTFINISH

COMPONENT 747788=IfcFlowTerminal
#	TMesh	1000086=IfcFlowTerminal
-0.998834	0.0489853	4.80155e-005	0	0.0489853	0.998834	0.000183153	0	3.89864e-005	-0.000185285	1.00003	0	87.1733	-28.5268	-0.735913	1

COMPONENTFINISH

COMPONENT 747858=IfcFlowTerminal
#	TMesh	1000018=IfcFlowTerminal
-0.996808	-0.0802747	0.00193464	0	0.0802721	-0.996809	-0.00136735	0	0.00203815	-0.00120764	1.00003	0	87.5675	162.656	-0.355568	1

COMPONENTFINISH

COMPONENT 747928=IfcFlowTerminal
#	TMesh	1000086=IfcFlowTerminal
0.998756	-0.0477284	0.000309291	0	-0.0477283	-0.998756	-0.000280906	0	-0.000322347	-0.000265822	0.999896	0	81.6399	162.545	-0.693842	1

COMPONENTFINISH

COMPONENT 747998=IfcFlowTerminal
#	TMesh	1000018=IfcFlowTerminal
-0.996807	-0.0805156	0.0012942	0	0.0805144	-0.996807	-0.000963921	0	0.00136761	-0.000856594	1.00005	0	90.9339	162.932	-0.388127	1

COMPONENTFINISH

COMPONENT 748068=IfcFlowTerminal
#	TMesh	1000086=IfcFlowTerminal
0.998856	-0.0458182	0.00018913	0	-0.0458182	-0.998856	0.000495262	0	-0.000166237	0.000503408	0.999907	0	84.8459	162.81	-0.766568	1

COMPONENTFINISH

COMPONENT 748138=IfcFlowTerminal
#	TMesh	1000018=IfcFlowTerminal
-0.996688	-0.0806795	0.000500775	0	-0.0806802	0.996687	-0.00170571	0	0.000361518	0.00174055	0.999947	0	109.449	-26.341	-0.310307	1

COMPONENTFINISH

COMPONENT 748208=IfcFlowTerminal
#	TMesh	1000018=IfcFlowTerminal
-0.996711	-0.0812331	0.000443134	0	-0.0812337	0.996709	-0.00164417	0	0.00030811	0.00167474	1.00001	0	72.714	-32.9307	-0.315706	1

COMPONENTFINISH

COMPONENT 748278=IfcFlowTerminal
#	TMesh	1000086=IfcFlowTerminal
0.998765	-0.0485919	9.38628e-005	0	-0.0485919	-0.998766	0.000163918	0	-8.57864e-005	0.000168285	0.999947	0	51.512	156.494	-0.734302	1

COMPONENTFINISH

COMPONENT 748348=IfcFlowTerminal
#	TMesh	1000018=IfcFlowTerminal
-0.996907	-0.0801347	0.00161238	0	0.0801317	-0.996907	-0.00183662	0	0.00175436	-0.00170152	1.00012	0	60.7616	156.88	-0.308085	1

COMPONENTFINISH

COMPONENT 748418=IfcFlowTerminal
#	TMesh	1000086=IfcFlowTerminal
-0.99661	-0.0817101	8.37219e-005	0	0.0817101	-0.99661	0.000361161	0	5.39301e-005	0.000366795	0.999954	0	60.6103	156.863	-0.752979	1

COMPONENTFINISH

COMPONENT 748488=IfcFlowTerminal
#	TMesh	1000018=IfcFlowTerminal
-0.996821	-0.0810825	0.000310223	0	0.0810818	-0.996819	-0.00179335	0	0.000454595	-0.0017623	1.00011	0	64.0605	157.154	-0.300373	1

COMPONENTFINISH

COMPONENT 748558=IfcFlowTerminal
#	TMesh	1000086=IfcFlowTerminal
-0.998756	0.0489943	0.000791303	0	0.0489945	0.998756	0.000262447	0	0.000777494	-0.000300903	0.999957	0	67.1274	-33.755	-0.750013	1

COMPONENTFINISH

COMPONENT 748628=IfcFlowTerminal
#	TMesh	1000018=IfcFlowTerminal
0.996738	0.0806653	0.000108703	0	-0.080665	0.996736	-0.00183383	0	-0.000256275	0.00181908	0.999995	0	64.7465	-33.578	-0.294605	1

COMPONENTFINISH

COMPONENT 748698=IfcFlowTerminal
#	TMesh	1000086=IfcFlowTerminal
-0.99674	-0.0819126	-6.84195e-005	0	0.0819126	-0.99674	2.91579e-005	0	-7.05777e-005	2.34561e-005	1.0001	0	67.3703	157.427	-0.720366	1

COMPONENTFINISH

COMPONENT 748768=IfcFlowTerminal
#	TMesh	1000018=IfcFlowTerminal
0.996747	0.0807241	-0.000186106	0	0.0807236	-0.996745	-0.00205924	0	0.000351727	-0.0020375	1.00001	0	52.7908	156.229	-0.270518	1

COMPONENTFINISH

COMPONENT 748838=IfcFlowTerminal
#	TMesh	1000086=IfcFlowTerminal
0.996774	0.0811102	-8.39558e-005	0	-0.0811102	0.996774	-0.000220749	0	6.57754e-005	0.000226831	1.00007	0	68.177	-33.3099	-0.696399	1

COMPONENTFINISH

COMPONENT 748908=IfcFlowTerminal
#	TMesh	1000018=IfcFlowTerminal
-0.996777	-0.0803795	0.001287	0	-0.0803821	0.996775	-0.00211796	0	0.0011126	0.00221456	1.00001	0	89.5774	-31.5722	-0.27831	1

COMPONENTFINISH

COMPONENT 748978=IfcFlowTerminal
#	TMesh	1000086=IfcFlowTerminal
-0.998965	0.0478879	0.00124182	0	0.0478883	0.998966	0.000291386	0	0.00122644	-0.000350513	1.00011	0	77.4001	-32.941	-0.757211	1

COMPONENTFINISH

COMPONENT 749048=IfcFlowTerminal
#	TMesh	1000018=IfcFlowTerminal
-0.996672	-0.0807397	3.80836e-005	0	0.0807394	-0.99667	-0.00181641	0	0.000184625	-0.0018074	0.999935	0	77.6476	158.236	-0.295585	1

COMPONENTFINISH

COMPONENT 749118=IfcFlowTerminal
#	TMesh	1000086=IfcFlowTerminal
-0.998822	0.0480286	0.000515411	0	0.0480288	0.998822	0.000414453	0	0.00049491	-0.00043873	0.999976	0	80.776	-32.6538	-0.762009	1

COMPONENTFINISH

COMPONENT 749188=IfcFlowTerminal
#	TMesh	1000018=IfcFlowTerminal
0.996634	0.0807552	0.000200082	0	-0.0807547	0.996633	-0.0016878	0	-0.000335741	0.00166613	0.999899	0	78.3116	-32.4705	-0.30925	1

COMPONENTFINISH

COMPONENT 749258=IfcFlowTerminal
#	TMesh	1000086=IfcFlowTerminal
