COMPONENT 1498757=IfcFlowSegment
#	TMesh	1029545=IfcFlowSegment
-0.986957	-0.160996	-1.54988e-005	0	-0.160996	0.986957	0.000191281	0	-1.54987e-005	0.000191281	-1	0	140.681	103.801	1.74269	1

COMPONENTFINISH

COMPONENT 1498845=IfcFlowSegment
#	TMesh	1016896=IfcFlowSegment
-0.986958	-0.160996	-3.04878e-005	0	-0.160996	0.986958	0.000376267	0	3.04872e-005	-0.000376267	1	0	156.681	18.6868	0.00953752	1

COMPONENTFINISH

COMPONENT 1498933=IfcFlowSegment
#	TMesh	1498405=IfcFlowSegment
0.993471	0.080467	-0.0807628	0	0.0804703	0.00687632	0.996724	0	0.0807595	-0.996725	0.000356222	0	-5.76982	71.2153	-71.9805	1

COMPONENTFINISH

COMPONENT 1499021=IfcFlowSegment
#	TMesh	1016632=IfcFlowSegment
0.993489	0.0803392	0.0807651	0	0.080341	0.00850377	-0.99673	0	0.0807634	-0.99673	-0.00199387	0	-9.1477	70.7986	67.8039	1

COMPONENTFINISH

COMPONENT 1499109=IfcFlowSegment
#	TMesh	1017160=IfcFlowSegment
-1	-8.35485e-008	-0.000110084	0	-7.6098e-008	-1	0.00135864	0	0.000110084	-0.00135864	-1	0	123.728	144.622	1.67214	1

COMPONENTFINISH

COMPONENT 1499197=IfcFlowSegment
#	TMesh	1016808=IfcFlowSegment
0.99348	0.0804708	0.0807614	0	0.0804717	0.00684105	-0.996734	0	-0.0807604	0.996734	0.000320825	0	-9.01756	69.1921	67.8025	1

COMPONENTFINISH

COMPONENT 1499285=IfcFlowSegment
#	TMesh	1019711=IfcFlowSegment
-3.95479e-005	0.000488087	1	0	-0.996736	-0.0807623	1.40406e-010	0	0.0807623	-0.996736	0.000489686	0	137.717	83.0812	-40.1754	1

COMPONENTFINISH

COMPONENT 1499373=IfcFlowSegment
#	TMesh	1016896=IfcFlowSegment
0.999998	-3.59118e-006	-3.76214e-005	0	3.62098e-006	0.999997	0.000464308	0	3.76197e-005	-0.000464309	0.999997	0	-0.296646	3.66066	0.00363207	1

COMPONENTFINISH

COMPONENT 1499461=IfcFlowSegment
#	TMesh	1029207=IfcFlowSegment
0.000135396	-0.00167098	1	0	-0.996739	-0.0807639	-2.82908e-010	0	-0.0807638	0.996738	0.00167646	0	179.09	97.4881	-33.8768	1

COMPONENTFINISH

COMPONENT 1499549=IfcFlowSegment
#	TMesh	1029207=IfcFlowSegment
4.1719e-005	-0.000514895	0.999345	0	0.996081	0.0807068	7.07227e-011	0	-0.0807068	0.996081	0.000516582	0	-5.19368	82.5166	-33.8526	1

COMPONENTFINISH

COMPONENT 1499637=IfcFlowSegment
#	Mesh	0	Begin

#	Vertex	72
80.8932	90.603	0.917823
80.8935	90.5994	0.91686
80.8937	90.596	0.915287
80.894	90.593	0.913152
80.8942	90.5904	0.910521
80.8944	90.5882	0.907472
80.8945	90.5867	0.904099
80.8946	90.5857	0.900505
80.8946	90.5854	0.896797
80.8946	90.5857	0.89309
80.8945	90.5867	0.889495
80.8944	90.5882	0.886122
80.8942	90.5904	0.883074
80.894	90.593	0.880442
80.8937	90.596	0.878307
80.8935	90.5994	0.876735
80.8932	90.603	0.875771
80.8929	90.6067	0.875447
80.8926	90.6104	0.875771
80.8923	90.614	0.876735
80.892	90.6173	0.878307
80.8918	90.6204	0.880442
80.8915	90.623	0.883074
80.8914	90.6251	0.886122
80.8912	90.6267	0.889495
80.8912	90.6276	0.89309
80.8911	90.628	0.896797
80.8912	90.6276	0.900505
80.8912	90.6267	0.904099
80.8914	90.6251	0.907472
80.8915	90.623	0.910521
80.8918	90.6204	0.913152
80.892	90.6173	0.915287
80.8923	90.614	0.91686
80.8926	90.6104	0.917823
80.8929	90.6067	0.918147
83.7982	90.8384	0.917823
83.7985	90.8348	0.91686
83.7988	90.8314	0.915287
83.799	90.8284	0.913152
83.7993	90.8258	0.910521
83.7994	90.8236	0.907472
83.7995	90.8221	0.904099
83.7996	90.8211	0.900505
83.7996	90.8208	0.896797
83.7996	90.8211	0.89309
83.7995	90.8221	0.889495
83.7994	90.8236	0.886122
83.7993	90.8258	0.883074
83.799	90.8284	0.880442
83.7988	90.8314	0.878307
83.7985	90.8348	0.876735
83.7982	90.8384	0.875771
83.7979	90.8421	0.875447
83.7976	90.8458	0.875771
83.7973	90.8493	0.876735
83.7971	90.8527	0.878307
83.7968	90.8557	0.880442
83.7966	90.8584	0.883074
83.7964	90.8605	0.886122
83.7963	90.8621	0.889495
83.7962	90.863	0.89309
83.7962	90.8633	0.896797
83.7962	90.863	0.900505
83.7963	90.8621	0.904099
83.7964	90.8605	0.907472
83.7966	90.8584	0.910521
83.7968	90.8557	0.913152
83.7971	90.8527	0.915287
83.7973	90.8493	0.91686
83.7976	90.8458	0.917823
83.7979	90.8421	0.918147

#	Triangle	110
35	36	71
0	36	35
0	37	36
1	37	0
1	38	37
2	38	1
2	39	38
3	39	2
3	40	39
4	40	3
4	41	40
5	41	4
5	42	41
6	42	5
6	43	42	7	43	6
7	44	43
8	44	7
8	45	44
9	45	8
9	46	45	10	46	9
10	47	46
11	47	10
11	48	47
12	48	11
12	49	48
13	49	12
13	50	49
14	50	13
14	51	50
15	51	14
15	52	51
16	52	15
16	53	52
17	53	16
17	54	53
18	54	17
18	55	54
19	55	18
19	56	55
20	56	19
20	57	56
21	57	20
21	58	57
22	58	21
22	59	58
23	59	22
23	60	59
24	60	23
24	61	60	25	61	24
25	62	61
26	62	25
26	63	62
27	63	26
27	64	63	28	64	27
28	65	64
29	65	28
29	66	65
30	66	29
30	67	66
31	67	30
31	68	67
32	68	31
32	69	68
33	69	32
33	70	69
34	70	33
34	71	70
35	71	34
7	9	8	26	25	27
6	9	7	27	25	24
6	10	9	27	24	28
5	10	6	28	24	23
5	11	10
4	11	5
4	12	11
3	12	4	30	22	21
3	13	12	30	21	31
2	13	3	31	21	20
2	14	13
1	14	2	1	15	14
0	15	1	0	16	15
35	16	0	35	17	16
34	17	35	34	18	17
33	18	34	33	19	18
32	19	33	32	20	19
31	20	32
29	22	30
29	23	22
28	23	29
45	43	44	62	63	61
46	43	45	61	63	64
46	42	43	61	64	60
47	42	46	60	64	65
47	41	42
48	41	47
48	40	41
49	40	48	58	66	67
49	39	40	58	67	57
50	39	49	57	67	68
50	38	39
51	38	50	51	37	38
52	37	51	52	36	37
53	36	52	53	71	36
54	71	53	54	70	71
55	70	54	55	69	70
56	69	55	56	68	69
57	68	56
59	66	58
59	65	66
60	65	59

#	Normal	110
0.00704029	-0.0868876	0.996193
0.00703912	-0.0868729	0.996195
0.0208874	-0.257781	0.965977
0.020929	-0.258303	0.965837
0.0341499	-0.421474	0.906197
0.0340864	-0.420675	0.906571
0.0463162	-0.57161	0.819217
0.0463226	-0.571689	0.819162
0.057087	-0.704538	0.707366
0.0571696	-0.705582	0.706319
0.066182	-0.816811	0.573097
0.0661047	-0.815831	0.5745
0.0731753	-0.903092	0.423167
0.0732325	-0.903826	0.421587
0.0780036	-0.96271	0.259046
0.0804591	-0.993015	0.0863033
0.080447	-0.992833	0.0883797
0.0804617	-0.993014	-0.0863033
0.0804444	-0.992833	-0.0883797
0.0780036	-0.96271	-0.259046
0.0731731	-0.903092	-0.423167
0.0732348	-0.903826	-0.421587
0.0661841	-0.816811	-0.573097
0.0661026	-0.815831	-0.5745
0.0570851	-0.704539	-0.707366
0.0571715	-0.705582	-0.706319
0.0463152	-0.571599	-0.819225
0.0463218	-0.571678	-0.819169
0.0341521	-0.421487	-0.906191
0.0340863	-0.420689	-0.906564
0.0208867	-0.257781	-0.965977
0.0209297	-0.258303	-0.965837
0.00703899	-0.0868714	-0.996195
0.00703778	-0.0868567	-0.996196
-0.00703778	0.0868567	-0.996196
-0.00703899	0.0868714	-0.996195
-0.0209297	0.258303	-0.965837
-0.0208867	0.257781	-0.965977
-0.0340863	0.420689	-0.906564
-0.0341521	0.421487	-0.906191
-0.0463218	0.571678	-0.819169
-0.0463152	0.571599	-0.819225
-0.0571715	0.705582	-0.706319
-0.0570851	0.704539	-0.707366
-0.0661026	0.815831	-0.5745
-0.0661841	0.816811	-0.573097
-0.0732348	0.903826	-0.421587
-0.0731731	0.903092	-0.423167
-0.0780036	0.96271	-0.259046
-0.0804444	0.992833	-0.0883797
-0.0804617	0.993014	-0.0863033
-0.080447	0.992833	0.0883797
-0.0804591	0.993015	0.0863033
-0.0780036	0.96271	0.259046
-0.0732325	0.903826	0.421587
-0.0731753	0.903092	0.423167
-0.0661047	0.815831	0.5745
-0.066182	0.816811	0.573097
-0.0571696	0.705582	0.706319
-0.057087	0.704538	0.707366
-0.0463226	0.571689	0.819162
-0.0463162	0.57161	0.819217
-0.0340864	0.420675	0.906571
-0.0341499	0.421474	0.906197
-0.020929	0.258303	0.965837
-0.0208874	0.257781	0.965977
-0.00703912	0.0868729	0.996195
-0.00704029	0.0868876	0.996193
-2.43298e-006	-1.73784e-007	-0
-7.12515e-006	-5.79281e-007	-0
-1.40338e-005	-1.14096e-006	-0
-2.28191e-005	-1.93963e-006	-0
-3.33593e-005	-2.83554e-006	-0
-4.55355e-005	-3.66953e-006	-0
-5.85394e-005	-4.71746e-006	-0
-7.1834e-005	-5.78961e-006	-0
-8.56084e-005	-6.89978e-006	-0
-9.9408e-005	-7.92197e-006	-0
-0.99684	-0.0794397	-0
-0.996719	-0.0809401	-0
-0.996753	-0.0805237	-0
-0.996618	-0.0821736	-0
-0.996788	-0.0800803	-0
-0.996767	-0.0803494	-0
-0.996704	-0.0811271	-0
-0.996634	-0.0819853	-0
-5.83249e-005	-4.71746e-006	-0
-4.53687e-005	-3.66953e-006	-0
-3.35261e-005	-2.66875e-006	-0
2.37505e-006	1.73784e-007	-0
7.12515e-006	5.79281e-007	-0
1.40338e-005	1.14096e-006	-0
2.29332e-005	1.82553e-006	-0
3.35261e-005	2.66875e-006	-0
4.53687e-005	3.66953e-006	-0
5.83249e-005	4.71746e-006	-0
7.20484e-005	5.78961e-006	-0
8.5864e-005	6.89978e-006	-0
9.9408e-005	8.17752e-006	-0
0.996634	0.0819853	-0
0.996704	0.0811271	-0
0.996767	0.0803494	-0
0.996788	0.0800803	-0
0.996618	0.0821736	-0
0.996753	0.0805237	-0
0.996719	0.0809401	-0
0.99684	0.0794397	-0
5.85394e-005	4.71746e-006	-0
4.55355e-005	3.66953e-006	-0
3.33593e-005	2.83554e-006	-0

#	Mesh	0	End


COMPONENTFINISH

COMPONENT 1499725=IfcFlowSegment
#	TMesh	1019711=IfcFlowSegment
0.0807599	-0.996728	0.0017757	0	-0.996729	-0.08076	1.05206e-010	0	0.000143406	-0.0017699	-0.999994	0	146.979	137.169	1.95386	1

COMPONENTFINISH

COMPONENT 1499813=IfcFlowSegment
#	TMesh	1019711=IfcFlowSegment
-0.0807599	0.996731	-7.07599e-005	0	-0.996731	-0.0807599	-5.56412e-011	0	5.71463e-006	-7.05287e-005	-0.999998	0	150.224	55.0182	2.0297	1

COMPONENTFINISH

COMPONENT 1499901=IfcFlowSegment
#	Mesh	0	Begin

#	Vertex	72
73.1945	89.9787	0.920728
73.1949	89.9746	0.919632
73.1952	89.9708	0.917842
73.1954	89.9673	0.915412
73.1957	89.9643	0.912417
73.1959	89.9619	0.908947
73.196	89.9601	0.905108
73.1961	89.959	0.901017
73.1961	89.9587	0.896797
73.1961	89.959	0.892578
73.196	89.9601	0.888486
73.1959	89.9619	0.884647
73.1957	89.9643	0.881177
73.1954	89.9673	0.878182
73.1952	89.9708	0.875753
73.1949	89.9746	0.873963
73.1945	89.9787	0.872866
73.1942	89.9829	0.872497
73.1938	89.9871	0.872866
73.1935	89.9912	0.873963
73.1932	89.995	0.875753
73.1929	89.9985	0.878182
73.1927	90.0014	0.881177
73.1925	90.0039	0.884647
73.1923	90.0056	0.888486
73.1923	90.0067	0.892578
73.1922	90.0071	0.896797
73.1923	90.0067	0.901017
73.1923	90.0056	0.905108
73.1925	90.0039	0.908947
73.1927	90.0014	0.912417
73.1929	89.9985	0.915412
73.1932	89.995	0.917842
73.1935	89.9912	0.919632
73.1938	89.9871	0.920728
73.1942	89.9829	0.921097
74.0279	90.0462	0.920728
74.0282	90.0421	0.919632
74.0285	90.0383	0.917842
74.0288	90.0348	0.915412
74.0291	90.0319	0.912417
74.0293	90.0294	0.908947
74.0294	90.0276	0.905108
74.0295	90.0266	0.901017
74.0295	90.0262	0.896797
74.0295	90.0266	0.892578
74.0294	90.0276	0.888486
74.0293	90.0294	0.884647
74.0291	90.0319	0.881177
74.0288	90.0348	0.878182
74.0285	90.0383	0.875753
74.0282	90.0421	0.873963
74.0279	90.0462	0.872866
74.0276	90.0504	0.872497
74.0272	90.0546	0.872866
74.0269	90.0587	0.873963
74.0266	90.0625	0.875753
74.0263	90.066	0.878182
74.0261	90.069	0.881177
74.0259	90.0714	0.884647
74.0257	90.0732	0.888486
74.0256	90.0743	0.892578
74.0256	90.0746	0.896797
74.0256	90.0743	0.901017
74.0257	90.0732	0.905108
74.0259	90.0714	0.908947
74.0261	90.069	0.912417
74.0263	90.066	0.915412
74.0266	90.0625	0.917842
74.0269	90.0587	0.919632
74.0272	90.0546	0.920728
74.0276	90.0504	0.921097

#	Triangle	77
35	36	71
0	36	35
0	37	36	1	37	0
1	38	37	2	38	1
2	39	38
3	39	2
3	40	39	4	40	3
4	41	40	5	41	4
5	42	41	6	42	5
6	43	42	7	43	6
7	44	43	8	44	7
8	45	44	9	45	8
9	46	45	10	46	9
10	47	46	11	47	10
11	48	47	12	48	11
12	49	48	13	49	12
13	50	49
14	50	13
14	51	50	15	51	14
15	52	51	16	52	15
16	53	52
17	53	16
17	54	53	18	54	17
18	55	54	19	55	18
19	56	55	20	56	19
20	57	56	21	57	20
21	58	57
22	58	21
22	59	58
23	59	22
23	60	59
24	60	23
24	61	60	25	61	24
25	62	61	26	62	25
26	63	62	27	63	26
27	64	63	28	64	27
28	65	64
29	65	28
29	66	65
30	66	29
30	67	66
31	67	30
31	68	67	32	68	31
32	69	68	33	69	32
33	70	69	34	70	33
34	71	70	35	71	34
7	9	8	26	25	27
6	9	7	27	25	24
6	10	9	27	24	28
5	10	6	28	24	23
5	11	10	28	23	29
4	11	5	29	23	22
4	12	11	29	22	30
3	12	4	30	22	21
3	13	12	30	21	31
2	13	3	2	14	13	31	20	32	31	21	20
1	14	2	1	15	14	32	19	33	32	20	19
0	15	1	0	16	15	33	18	34	33	19	18
35	16	0	35	17	16
34	17	35	34	18	17
45	43	44	62	63	61
46	43	45	61	63	64
46	42	43	61	64	60
47	42	46	60	64	65
47	41	42
48	41	47	59	65	66
48	40	41	59	66	58
49	40	48
49	39	40
50	39	49	50	38	39
51	38	50	51	37	38	56	69	55	56	68	69
52	37	51	52	36	37	55	70	54	55	69	70
53	36	52	53	71	36	54	71	53	54	70	71
57	68	56	57	67	68
58	67	57
58	66	67
60	65	59

#	Normal	77
0.00704226	-0.0869148	0.996191
0.00704324	-0.0869277	0.99619
0.020903	-0.257985	0.965923
0.034116	-0.42106	0.906391
0.0463044	-0.571489	0.819302
0.0462991	-0.571419	0.819351
0.0571149	-0.704907	0.706997
0.066153	-0.816453	0.57361
0.0732133	-0.903591	0.422094
0.0780044	-0.962722	0.259
0.0804539	-0.992954	0.0870009
0.0804539	-0.992954	-0.0870021
0.0780045	-0.962723	-0.258997
0.0732131	-0.903588	-0.4221
0.0661534	-0.816458	-0.573603
0.0571149	-0.704907	-0.706997
0.046304	-0.571479	-0.819309
0.0462979	-0.57141	-0.819358
0.0341169	-0.421072	-0.906386
0.0209019	-0.257972	-0.965926
0.00704335	-0.0869291	-0.99619
0.00704446	-0.086942	-0.996188
-0.00704341	0.0869291	-0.99619
-0.0209021	0.257972	-0.965926
-0.0341173	0.421072	-0.906386
-0.0462984	0.57141	-0.819358
-0.057121	0.704981	-0.706922
-0.0571144	0.704907	-0.706997
-0.0661471	0.816388	-0.573703
-0.0661534	0.816458	-0.573603
-0.0732177	0.903645	-0.421977
-0.0732124	0.903588	-0.4221
-0.0780038	0.962723	-0.258997
-0.0804532	0.992954	-0.0870021
-0.0804532	0.992954	0.0870009
-0.0780037	0.962722	0.259
-0.0732172	0.903648	0.421972
-0.0732133	0.903591	0.422094
-0.0661473	0.816383	0.573709
-0.0661524	0.816453	0.57361
-0.0571204	0.704981	0.706922
-0.0571149	0.704907	0.706997
-0.0462991	0.571419	0.819351
-0.0341163	0.42106	0.906391
-0.0209032	0.257985	0.965923
-0.00704226	0.0869148	0.996191
-3.09879e-006	-2.63727e-007	-0
-9.23045e-006	-7.2525e-007	-0
-1.81805e-005	-1.42847e-006	-0
-2.96083e-005	-2.46736e-006	-0
-4.32844e-005	-3.60703e-006	-0
-5.88515e-005	-4.74609e-006	-0
-7.56582e-005	-6.10147e-006	-0
-9.32304e-005	-7.56582e-006	-0
-0.996723	-0.0808859	-0
-0.996714	-0.0809971	-0
-0.996685	-0.081362	-0
-0.996779	-0.0802006	-0
-0.996821	-0.0796716	-0
-0.996672	-0.0815122	-0
3.09879e-006	2.63727e-007	-0
9.23045e-006	7.2525e-007	-0
1.81805e-005	1.42847e-006	-0
2.96083e-005	2.46736e-006	-0
4.32844e-005	3.60703e-006	-0
5.88515e-005	4.74609e-006	-0
7.56582e-005	6.10147e-006	-0
9.32304e-005	7.56582e-006	-0
0.996723	0.0808859	-0
0.996894	0.0787613	-0
0.996685	0.081362	-0
0.996779	0.0802006	-0
0.996672	0.0815122	-0
0.996714	0.0809971	-0
0.99693	0.078293	-0
9.32304e-005	7.32176e-006	-0
4.32844e-005	3.41719e-006	-0

#	Mesh	0	End


COMPONENTFINISH

COMPONENT 1499989=IfcFlowSegment
#	TMesh	1029207=IfcFlowSegment
0.0807589	-0.996738	0.000185144	0	0.996738	0.0807589	-7.35648e-011	0	1.49519e-005	-0.000184539	-1	0	-4.99152	116.421	2.02036	1

COMPONENTFINISH

COMPONENT 1500077=IfcFlowSegment
#	TMesh	1029294=IfcFlowSegment
0.0807616	-0.996725	0.000222567	0	0.996725	0.0807616	-1.44624e-011	0	-1.79749e-005	0.000221839	0.999992	0	-4.99031	116.42	-0.240933	1

COMPONENTFINISH

COMPONENT 1500165=IfcFlowSegment
#	Mesh	0	Begin

#	Vertex	72
81.5933	88.5466	0.917823
81.5936	88.543	0.91686
81.5939	88.5396	0.915287
81.5941	88.5366	0.913152
81.5943	88.534	0.910521
81.5945	88.5318	0.907472
81.5946	88.5303	0.904099
81.5947	88.5293	0.900505
81.5947	88.529	0.896797
81.5947	88.5293	0.89309
81.5946	88.5303	0.889495
81.5945	88.5318	0.886122
81.5943	88.534	0.883074
81.5941	88.5366	0.880442
81.5939	88.5396	0.878307
81.5936	88.543	0.876735
81.5933	88.5466	0.875772
81.593	88.5503	0.875447
81.5927	88.554	0.875772
81.5924	88.5576	0.876735
81.5922	88.5609	0.878307
81.5919	88.564	0.880442
81.5917	88.5666	0.883074
81.5915	88.5687	0.886122
81.5914	88.5703	0.889495
81.5913	88.5712	0.89309
81.5913	88.5716	0.896797
81.5913	88.5712	0.900505
81.5914	88.5703	0.904099
81.5915	88.5687	0.907472
81.5917	88.5666	0.910521
81.5919	88.564	0.913152
81.5922	88.5609	0.915287
81.5924	88.5576	0.91686
81.5927	88.554	0.917823
81.593	88.5503	0.918147
83.9683	88.739	0.917823
83.9686	88.7354	0.91686
83.9689	88.7321	0.915287
83.9691	88.729	0.913152
83.9694	88.7264	0.910521
83.9695	88.7243	0.907472
83.9696	88.7227	0.904099
83.9697	88.7218	0.900505
83.9698	88.7214	0.896797
83.9697	88.7218	0.89309
83.9696	88.7227	0.889495
83.9695	88.7243	0.886122
83.9694	88.7264	0.883074
83.9691	88.729	0.880442
83.9689	88.7321	0.878307
83.9686	88.7354	0.876735
83.9683	88.739	0.875772
83.968	88.7427	0.875447
83.9677	88.7464	0.875772
83.9674	88.75	0.876735
83.9672	88.7534	0.878307
83.9669	88.7564	0.880442
83.9667	88.759	0.883074
83.9665	88.7611	0.886122
83.9664	88.7627	0.889495
83.9663	88.7637	0.89309
83.9663	88.764	0.896797
83.9663	88.7637	0.900505
83.9664	88.7627	0.904099
83.9665	88.7611	0.907472
83.9667	88.759	0.910521
83.9669	88.7564	0.913152
83.9672	88.7534	0.915287
83.9674	88.75	0.91686
83.9677	88.7464	0.917823
83.968	88.7427	0.918147

#	Triangle	72
35	36	71	0	36	35
0	37	36	1	37	0
1	38	37	2	38	1
2	39	38	3	39	2
3	40	39	4	40	3
4	41	40	5	41	4
5	42	41	6	42	5
6	43	42
7	43	6
7	44	43
8	44	7
8	45	44
9	45	8
9	46	45
10	46	9
10	47	46	11	47	10
11	48	47	12	48	11
12	49	48	13	49	12
13	50	49	14	50	13
14	51	50	15	51	14
15	52	51	16	52	15
16	53	52	17	53	16
17	54	53	18	54	17
18	55	54	19	55	18
19	56	55	20	56	19
20	57	56	21	57	20
21	58	57	22	58	21
22	59	58	23	59	22
23	60	59	24	60	23
24	61	60	25	61	24
25	62	61	26	62	25
26	63	62	27	63	26
27	64	63	28	64	27
28	65	64	29	65	28
29	66	65	30	66	29
30	67	66	31	67	30
31	68	67	32	68	31
32	69	68	33	69	32
33	70	69	34	70	33
34	71	70	35	71	34
7	9	8	26	25	27
6	9	7	27	25	24
6	10	9	27	24	28
5	10	6	28	24	23
5	11	10	28	23	29
4	11	5	29	23	22
4	12	11	29	22	30
3	12	4	30	22	21
3	13	12	30	21	31
2	13	3	31	21	20
2	14	13
1	14	2	1	15	14	32	19	33	32	20	19
0	15	1	0	16	15	33	18	34	33	19	18
35	16	0	35	17	16
34	17	35	34	18	17
31	20	32
45	43	44	62	63	61
46	43	45	61	63	64
46	42	43	61	64	60
47	42	46	60	64	65
47	41	42	60	65	59
48	41	47	59	65	66
48	40	41	59	66	58
49	40	48	58	66	67
49	39	40	58	67	57
50	39	49	57	67	68
50	38	39
51	38	50	51	37	38	56	69	55	56	68	69
52	37	51	52	36	37	55	70	54	55	69	70
53	36	52	53	71	36
54	71	53	54	70	71
57	68	56

#	Normal	72
0.00703885	-0.0868714	0.996195
0.020887	-0.257781	0.965977
0.0341514	-0.421487	0.906191
0.0463144	-0.571599	0.819225
0.057086	-0.704539	0.707366
0.066183	-0.816811	0.573097
0.073174	-0.903092	0.423167
0.0780046	-0.96271	0.259046
0.0780436	-0.96323	0.257092
0.0804568	-0.993015	0.0863033
0.0804453	-0.992833	0.0883797
0.08046	-0.993015	-0.0863033
0.0804421	-0.992833	-0.0883797
0.0780014	-0.96271	-0.259046
0.0780467	-0.96323	-0.257092
0.073174	-0.903092	-0.423167
0.066183	-0.816811	-0.573097
0.057086	-0.704539	-0.707366
0.0463153	-0.57161	-0.819217
0.0341503	-0.421474	-0.906197
0.020887	-0.257781	-0.965977
0.00704016	-0.0868876	-0.996193
-0.00703897	0.0868729	-0.996195
-0.020887	0.257781	-0.965977
-0.0341503	0.421474	-0.906197
-0.0463217	0.571689	-0.819162
-0.057086	0.704539	-0.707366
-0.066183	0.816811	-0.573097
-0.0731687	0.903027	-0.423306
-0.0780467	0.96323	-0.257092
-0.0804453	0.992833	-0.0883797
-0.0804453	0.992833	0.0883797
-0.0780467	0.96323	0.257092
-0.0731687	0.903027	0.423306
-0.066183	0.816811	0.573097
-0.057086	0.704539	0.707366
-0.0463208	0.571678	0.819169
-0.0341514	0.421487	0.906191
-0.020887	0.257781	0.965977
-0.00703766	0.0868567	0.996196
-2.43298e-006	-1.73784e-007	-0
-7.06723e-006	-5.79281e-007	-0
-1.39197e-005	-1.14096e-006	-0
-2.29332e-005	-1.82553e-006	-0
-3.35261e-005	-2.66875e-006	-0
-4.53687e-005	-3.66953e-006	-0
-5.83249e-005	-4.71746e-006	-0
-7.20484e-005	-5.78961e-006	-0
-8.5864e-005	-6.89978e-006	-0
-9.9408e-005	-8.17752e-006	-0
-0.996634	-0.0819853	-0
-0.996704	-0.0811271	-0
-0.996767	-0.0803494	-0
-0.996788	-0.0800803	-0
-0.996618	-0.0821736	-0
-0.99684	-0.0794397	-0
2.37505e-006	1.73784e-007	-0
7.12515e-006	5.79281e-007	-0
1.40338e-005	1.14096e-006	-0
2.29332e-005	1.82553e-006	-0
3.35261e-005	2.66875e-006	-0
4.53687e-005	3.66953e-006	-0
5.83249e-005	4.71746e-006	-0
7.20484e-005	5.78961e-006	-0
8.5864e-005	6.89978e-006	-0
9.9408e-005	8.17752e-006	-0
0.996634	0.0819853	-0
0.996704	0.0811271	-0
0.996767	0.0803494	-0
0.996788	0.0800803	-0
0.996618	0.0821736	-0
0.99684	0.0794397	-0

#	Mesh	0	End


COMPONENTFINISH

COMPONENT 1500253=IfcFlowSegment
#	Mesh	0	Begin

#	Vertex	72
78.6911	88.3109	0.920728
78.6914	88.3068	0.919632
78.6917	88.303	0.917842
78.692	88.2995	0.915412
78.6922	88.2966	0.912417
78.6924	88.2941	0.908947
78.6926	88.2924	0.905108
78.6927	88.2913	0.901017
78.6927	88.2909	0.896797
78.6927	88.2913	0.892578
78.6926	88.2924	0.888486
78.6924	88.2941	0.884647
78.6922	88.2966	0.881177
78.692	88.2995	0.878182
78.6917	88.303	0.875753
78.6914	88.3068	0.873963
78.6911	88.3109	0.872866
78.6907	88.3151	0.872497
78.6904	88.3193	0.872866
78.6901	88.3234	0.873963
78.6898	88.3272	0.875753
78.6895	88.3307	0.878182
78.6892	88.3337	0.881177
78.689	88.3361	0.884647
78.6889	88.3379	0.888486
78.6888	88.339	0.892578
78.6888	88.3393	0.896797
78.6888	88.339	0.901017
78.6889	88.3379	0.905108
78.689	88.3361	0.908947
78.6892	88.3337	0.912417
78.6895	88.3307	0.915412
78.6898	88.3272	0.917842
78.6901	88.3234	0.919632
78.6904	88.3193	0.920728
78.6907	88.3151	0.921097
81.5058	88.539	0.920728
81.5062	88.5349	0.919632
81.5065	88.5311	0.917842
81.5068	88.5276	0.915412
81.507	88.5246	0.912417
81.5072	88.5222	0.908947
81.5073	88.5204	0.905108
81.5074	88.5193	0.901017
81.5075	88.519	0.896797
81.5074	88.5193	0.892578
81.5073	88.5204	0.888486
81.5072	88.5222	0.884647
81.507	88.5246	0.881177
81.5068	88.5276	0.878182
81.5065	88.5311	0.875753
81.5062	88.5349	0.873963
81.5058	88.539	0.872866
81.5055	88.5432	0.872497
81.5052	88.5474	0.872866
81.5048	88.5515	0.873963
81.5045	88.5553	0.875753
81.5042	88.5588	0.878182
81.504	88.5617	0.881177
81.5038	88.5642	0.884647
81.5036	88.5659	0.888486
81.5036	88.567	0.892578
81.5035	88.5674	0.896797
81.5036	88.567	0.901017
81.5036	88.5659	0.905108
81.5038	88.5642	0.908947
81.504	88.5617	0.912417
81.5042	88.5588	0.915412
81.5045	88.5553	0.917842
81.5048	88.5515	0.919632
81.5052	88.5474	0.920728
81.5055	88.5432	0.921097

#	Triangle	88
35	36	71	0	36	35
0	37	36	1	37	0
1	38	37	2	38	1
2	39	38
3	39	2
3	40	39
4	40	3
4	41	40
5	41	4
5	42	41
6	42	5
6	43	42	7	43	6
7	44	43	8	44	7
8	45	44	9	45	8
9	46	45	10	46	9
10	47	46
11	47	10
11	48	47
12	48	11
12	49	48
13	49	12
13	50	49
14	50	13
14	51	50	15	51	14
15	52	51	16	52	15
16	53	52	17	53	16
17	54	53	18	54	17
18	55	54	19	55	18
19	56	55
20	56	19
20	57	56
21	57	20
21	58	57	22	58	21
22	59	58	23	59	22
23	60	59
24	60	23
24	61	60	25	61	24
25	62	61	26	62	25
26	63	62	27	63	26
27	64	63	28	64	27
28	65	64
29	65	28
29	66	65	30	66	29
30	67	66	31	67	30
31	68	67
32	68	31
32	69	68
33	69	32
33	70	69	34	70	33
34	71	70	35	71	34
7	9	8	26	25	27
6	9	7	27	25	24
6	10	9
5	10	6	28	24	23
5	11	10
4	11	5	29	23	22
4	12	11
3	12	4	30	22	21
3	13	12
2	13	3	2	14	13	31	20	32	31	21	20
1	14	2	1	15	14
0	15	1	0	16	15
35	16	0	35	17	16
34	17	35	34	18	17
33	18	34	33	19	18
32	19	33	32	20	19
30	21	31
29	22	30
28	23	29
27	24	28
45	43	44	62	63	61
46	43	45	61	63	64
46	42	43
47	42	46	60	64	65
47	41	42
48	41	47	59	65	66
48	40	41	59	66	58
49	40	48	58	66	67
49	39	40	58	67	57
50	39	49	50	38	39	57	68	56	57	67	68
51	38	50	51	37	38
52	37	51	52	36	37
53	36	52	53	71	36
54	71	53	54	70	71
55	70	54	55	69	70
56	69	55	56	68	69
60	65	59
61	64	60

#	Normal	88
0.00704355	-0.086929	0.99619
0.0209025	-0.257972	0.965926
0.0341179	-0.421071	0.906386
0.0462992	-0.571409	0.819358
0.0463675	-0.572271	0.818753
0.0571141	-0.704907	0.706997
0.0570418	-0.703991	0.707915
0.0661546	-0.816458	0.573603
0.0662221	-0.817319	0.572367
0.0732166	-0.903645	0.421977
0.0731622	-0.902943	0.423487
0.078003	-0.962686	0.259135
0.0804565	-0.992967	0.0868543
0.0804565	-0.992967	-0.086853
0.0780029	-0.962685	-0.259139
0.0732193	-0.903648	-0.421972
0.0731599	-0.902946	-0.423481
0.066152	-0.816453	-0.57361
0.066224	-0.817314	-0.572374
0.057116	-0.704907	-0.706997
0.0570399	-0.703991	-0.707915
0.0462985	-0.571419	-0.819351
0.0463698	-0.57228	-0.818746
0.034117	-0.42106	-0.906391
0.0209036	-0.257985	-0.965923
0.00704239	-0.0869148	-0.996191
-0.00703055	0.0867687	-0.996204
-0.0209006	0.257948	-0.965933
-0.0341785	0.421819	-0.906036
-0.0341204	0.421117	-0.906364
-0.0462985	0.571419	-0.819351
-0.0463698	0.57228	-0.818746
-0.057116	0.704907	-0.706997
-0.0661543	0.816453	-0.57361
-0.0732147	0.903591	-0.422094
-0.0731553	0.902889	-0.423604
-0.0780033	0.962722	-0.259
-0.0804528	0.992954	-0.0870009
-0.0804527	0.992954	0.0870021
-0.0780033	0.962723	0.258997
-0.073212	0.903588	0.4221
-0.0731576	0.902886	0.423609
-0.0661546	0.816458	0.573603
-0.057116	0.704907	0.706997
-0.0462992	0.571409	0.819358
-0.0463675	0.572271	0.818753
-0.0341783	0.421831	0.90603
-0.0341225	0.421128	0.906359
-0.0208995	0.257935	0.965936
-0.00703171	0.0867829	0.996202
-3.09879e-006	-1.97795e-007	-0
-9.23045e-006	-7.91182e-007	-0
-1.81805e-005	-1.55833e-006	-0
-2.97381e-005	-2.3375e-006	-0
-4.34742e-005	-3.41719e-006	-0
-5.86617e-005	-4.74609e-006	-0
-7.54141e-005	-6.10147e-006	-0
-9.34744e-005	-7.56582e-006	-0
-0.99674	-0.0806761	-0
-0.9967	-0.0811791	-0
-0.996685	-0.081362	-0
-0.996779	-0.0802006	-0
-0.996672	-0.0815122	-0
-0.996833	-0.0795247	-0
-0.996624	-0.0820974	-0
-0.996848	-0.0793409	-0
-0.996723	-0.0808859	-0
-7.56582e-005	-6.10147e-006	-0
-4.34742e-005	-3.60703e-006	-0
-1.81805e-005	-1.42847e-006	-0
3.09879e-006	1.97795e-007	-0
9.23045e-006	7.91182e-007	-0
1.81805e-005	1.55833e-006	-0
2.96083e-005	2.3375e-006	-0
4.32844e-005	3.41719e-006	-0
5.88515e-005	4.74609e-006	-0
7.56582e-005	6.10147e-006	-0
9.32304e-005	7.56582e-006	-0
0.996723	0.0808859	-0
0.996714	0.0809971	-0
0.996685	0.081362	-0
0.996779	0.0802006	-0
0.996672	0.0815122	-0
0.996833	0.0795247	-0
0.996624	0.0820974	-0
0.996835	0.0795022	-0
4.32844e-005	3.60703e-006	-0
1.81805e-005	1.42847e-006	-0

#	Mesh	0	End


COMPONENTFINISH

COMPONENT 1500341=IfcFlowSegment
#	Mesh	0	Begin

#	Vertex	72
74.2855	87.9539	0.920728
74.2858	87.9499	0.919632
74.2861	87.946	0.917842
74.2864	87.9426	0.915412
74.2867	87.9396	0.912417
74.2869	87.9372	0.908947
74.287	87.9354	0.905108
74.2871	87.9343	0.901017
74.2871	87.9339	0.896797
74.2871	87.9343	0.892578
74.287	87.9354	0.888486
74.2869	87.9372	0.884647
74.2867	87.9396	0.881177
74.2864	87.9426	0.878182
74.2861	87.946	0.875753
74.2858	87.9499	0.873963
74.2855	87.9539	0.872866
74.2852	87.9581	0.872497
74.2848	87.9624	0.872866
74.2845	87.9664	0.873963
74.2842	87.9703	0.875753
74.2839	87.9737	0.878182
74.2837	87.9767	0.881177
74.2835	87.9791	0.884647
74.2833	87.9809	0.888486
74.2832	87.982	0.892578
74.2832	87.9824	0.896797
74.2832	87.982	0.901017
74.2833	87.9809	0.905108
74.2835	87.9791	0.908947
74.2837	87.9767	0.912417
74.2839	87.9737	0.915412
74.2842	87.9703	0.917842
74.2845	87.9664	0.919632
74.2848	87.9624	0.920728
74.2852	87.9581	0.921097
78.6036	88.3038	0.920728
78.6039	88.2997	0.919632
78.6042	88.2959	0.917842
78.6045	88.2925	0.915412
78.6047	88.2895	0.912417
78.6049	88.287	0.908947
78.6051	88.2853	0.905108
78.6051	88.2842	0.901017
78.6052	88.2838	0.896797
78.6051	88.2842	0.892578
78.6051	88.2853	0.888486
78.6049	88.287	0.884647
78.6047	88.2895	0.881177
78.6045	88.2925	0.878182
78.6042	88.2959	0.875753
78.6039	88.2997	0.873963
78.6036	88.3038	0.872866
78.6032	88.308	0.872497
78.6029	88.3122	0.872866
78.6025	88.3163	0.873963
78.6022	88.3201	0.875753
78.602	88.3236	0.878182
78.6017	88.3266	0.881177
78.6015	88.329	0.884647
78.6014	88.3308	0.888486
78.6013	88.3319	0.892578
78.6013	88.3322	0.896797
78.6013	88.3319	0.901017
78.6014	88.3308	0.905108
78.6015	88.329	0.908947
78.6017	88.3266	0.912417
78.602	88.3236	0.915412
78.6022	88.3201	0.917842
78.6025	88.3163	0.919632
78.6029	88.3122	0.920728
78.6032	88.308	0.921097

#	Triangle	76
35	36	71
0	36	35
0	37	36	1	37	0
1	38	37
2	38	1
2	39	38	3	39	2
3	40	39	4	40	3
4	41	40	5	41	4
5	42	41	6	42	5
6	43	42	7	43	6
7	44	43	8	44	7
8	45	44	9	45	8
9	46	45	10	46	9
10	47	46	11	47	10
11	48	47	12	48	11
12	49	48	13	49	12
13	50	49	14	50	13
14	51	50
15	51	14
15	52	51	16	52	15
16	53	52
17	53	16
17	54	53	18	54	17
18	55	54	19	55	18
19	56	55	20	56	19
20	57	56	21	57	20
21	58	57	22	58	21
22	59	58	23	59	22
23	60	59	24	60	23
24	61	60	25	61	24
25	62	61	26	62	25
26	63	62	27	63	26
27	64	63	28	64	27
28	65	64	29	65	28
29	66	65	30	66	29
30	67	66	31	67	30
31	68	67	32	68	31
32	69	68	33	69	32
33	70	69	34	70	33
34	71	70	35	71	34
7	9	8	26	25	27
6	9	7	27	25	24
6	10	9
5	10	6	28	24	23
5	11	10
4	11	5	29	23	22
4	12	11	29	22	30
3	12	4	30	22	21
3	13	12	30	21	31
2	13	3	2	14	13	31	20	32	31	21	20
1	14	2	1	15	14
0	15	1	0	16	15
35	16	0	35	17	16
34	17	35	34	18	17
33	18	34	33	19	18
32	19	33	32	20	19
28	23	29
27	24	28
45	43	44	62	63	61
46	43	45	61	63	64
46	42	43
47	42	46	60	64	65
47	41	42
48	41	47	59	65	66
48	40	41	59	66	58
49	40	48	58	66	67
49	39	40	58	67	57
50	39	49	50	38	39	57	68	56	57	67	68
51	38	50	51	37	38
52	37	51	52	36	37
53	36	52	53	71	36
54	71	53	54	70	71
55	70	54	55	69	70
56	69	55	56	68	69
60	65	59
61	64	60

#	Normal	76
0.00703169	-0.0867829	0.996202
0.00704442	-0.086942	0.996188
0.020899	-0.257935	0.965936
0.0341786	-0.421831	0.90603
0.0341224	-0.421128	0.906359
0.0462991	-0.571409	0.819358
0.0571159	-0.704907	0.706997
0.0661545	-0.816458	0.573603
0.0732143	-0.903588	0.4221
0.0780058	-0.962723	0.258997
0.0804553	-0.992954	0.0870021
0.0804553	-0.992954	-0.0870009
0.0780057	-0.962722	-0.259
0.0732145	-0.903591	-0.422094
0.0661541	-0.816453	-0.57361
0.0571159	-0.704907	-0.706997
0.0462999	-0.571419	-0.819351
0.0341784	-0.421819	-0.906036
0.0341207	-0.421117	-0.906364
0.0209001	-0.257948	-0.965933
0.00703038	-0.0867687	-0.996204
0.00704342	-0.0869277	-0.99619
-0.00704238	0.0869148	-0.996191
-0.0209035	0.257985	-0.965923
-0.0341169	0.42106	-0.906391
-0.0462999	0.571419	-0.819351
-0.0571159	0.704907	-0.706997
-0.0661541	0.816453	-0.57361
-0.0732191	0.903648	-0.421972
-0.0780027	0.962685	-0.259139
-0.0804553	0.992954	-0.0870009
-0.0804553	0.992954	0.0870021
-0.0780028	0.962686	0.259135
-0.0732189	0.903645	0.421977
-0.0661545	0.816458	0.573603
-0.0571159	0.704907	0.706997
-0.0462991	0.571409	0.819358
-0.0341178	0.421072	0.906386
-0.0209025	0.257972	0.965926
-0.00704353	0.086929	0.99619
-3.09879e-006	-2.63727e-007	-0
-9.23045e-006	-7.2525e-007	-0
-1.81805e-005	-1.42847e-006	-0
-2.96083e-005	-2.46736e-006	-0
-4.32844e-005	-3.60703e-006	-0
-5.88515e-005	-4.74609e-006	-0
-7.56582e-005	-6.10147e-006	-0
-9.32304e-005	-7.56582e-006	-0
-0.996723	-0.0808859	-0
-0.996714	-0.0809971	-0
-0.996848	-0.0793409	-0
-0.996624	-0.0820974	-0
-0.996821	-0.0796716	-0
-0.996672	-0.0815122	-0
-0.996779	-0.0802006	-0
-0.996685	-0.081362	-0
-4.32844e-005	-3.41719e-006	-0
-1.81805e-005	-1.55833e-006	-0
3.09879e-006	2.63727e-007	-0
9.23045e-006	7.2525e-007	-0
1.81805e-005	1.42847e-006	-0
2.96083e-005	2.46736e-006	-0
4.32844e-005	3.60703e-006	-0
5.88515e-005	4.74609e-006	-0
7.56582e-005	6.10147e-006	-0
9.32304e-005	7.56582e-006	-0
0.996723	0.0808859	-0
0.996714	0.0809971	-0
0.996835	0.0795022	-0
0.996624	0.0820974	-0
0.996833	0.0795247	-0
0.996672	0.0815122	-0
0.996779	0.0802006	-0
0.996685	0.081362	-0
4.32844e-005	3.41719e-006	-0
1.81805e-005	1.55833e-006	-0

#	Mesh	0	End


COMPONENTFINISH

COMPONENT 1500429=IfcFlowSegment
#	TMesh	1499901=IfcFlowSegment
0.99347	0.0805062	-0.080764	0	0.0805134	0.00635996	0.996727	0	-0.0807569	0.996728	0.000163396	0	-6.52435	80.5248	-82.8803	1

COMPONENTFINISH

COMPONENT 1500517=IfcFlowSegment
#	TMesh	1029207=IfcFlowSegment
-0.0807644	0.996738	-0.00288988	0	-0.996742	-0.0807647	-8.89426e-011	0	0.000233399	-0.00288044	-1	0	182.328	57.5225	2.12729	1

COMPONENTFINISH

COMPONENT 1500605=IfcFlowSegment
#	TMesh	1029207=IfcFlowSegment
-3.58272e-007	4.42442e-006	0.999349	0	0.996084	0.0807086	-2.19534e-010	0	0.0807086	-0.996084	4.4389e-006	0	-4.85799	78.3705	-33.8521	1

COMPONENTFINISH

COMPONENT 1500693=IfcFlowSegment
#	TMesh	1499637=IfcFlowSegment
0.986972	0.160999	6.05296e-005	0	0.160999	-0.986972	-0.000747035	0	-6.053e-005	0.000747035	-1.00002	0	-13.0168	160.629	1.8564	1

COMPONENTFINISH

COMPONENT 1500781=IfcFlowSegment
#	TMesh	1019711=IfcFlowSegment
0.0807617	-0.996728	-4.93803e-005	0	-0.996728	-0.0807617	1.12777e-010	0	-3.98817e-006	4.92189e-005	-0.999995	0	147.496	130.788	2.02882	1

COMPONENTFINISH

COMPONENT 1500869=IfcFlowSegment
#	TMesh	1029207=IfcFlowSegment
-0.000108177	0.00133505	-1.00001	0	-0.996741	-0.0807643	1.43352e-010	0	-0.0807642	0.99674	0.00133942	0	179.979	86.5193	35.6671	1

COMPONENTFINISH

COMPONENT 1500957=IfcFlowSegment
#	TMesh	1029294=IfcFlowSegment
-0.0807618	0.996725	-0.00157809	0	0.996726	0.0807619	1.26196e-010	0	0.00012745	-0.00157293	-0.999991	0	1.33604	38.3413	2.08166	1

COMPONENTFINISH

COMPONENT 1501045=IfcFlowSegment
#	TMesh	1499637=IfcFlowSegment
-0.993474	-0.0805163	0.0807618	0	-0.0805172	-0.00628453	-0.996732	0	0.0807608	-0.996732	-0.000239429	0	172.266	87.9541	84.6746	1

COMPONENTFINISH

COMPONENT 1501133=IfcFlowSegment
#	TMesh	1019711=IfcFlowSegment
-0.0807607	0.996729	-0.000441518	0	-0.996729	-0.0807607	-2.98397e-010	0	3.56578e-005	-0.000440076	-0.999995	0	154.493	44.429	2.04493	1

COMPONENTFINISH

COMPONENT 1501221=IfcFlowSegment
#	TMesh	1019711=IfcFlowSegment
-0.0807618	0.99673	-0.000183938	0	-0.99673	-0.0807618	1.33449e-010	0	1.48551e-005	-0.000183337	-0.999997	0	151.104	44.1542	2.03435	1

COMPONENTFINISH

COMPONENT 1501309=IfcFlowSegment
#	TMesh	1032713=IfcFlowSegment
-1.00001	-1.02445e-005	-0.000152301	0	9.95398e-006	-1	0.00187968	0	-0.00015232	0.00187968	1	0	149.514	152.356	-0.0913798	1

COMPONENTFINISH

COMPONENT 1501397=IfcFlowSegment
#	Mesh	0	Begin

#	Vertex	72
87.9358	77.9311	0.913539
87.936	77.9283	0.912772
87.9362	77.9256	0.91152
87.9364	77.9232	0.90982
87.9366	77.9211	0.907724
87.9367	77.9194	0.905297
87.9368	77.9181	0.902611
87.9369	77.9174	0.899749
87.9369	77.9171	0.896797
87.9369	77.9174	0.893845
87.9368	77.9181	0.890983
87.9367	77.9194	0.888297
87.9366	77.9211	0.88587
87.9364	77.9232	0.883774
87.9362	77.9256	0.882075
87.936	77.9283	0.880822
87.9358	77.9311	0.880055
87.9355	77.9341	0.879797
87.9353	77.937	0.880055
87.935	77.9399	0.880822
87.9348	77.9425	0.882075
87.9346	77.9449	0.883774
87.9345	77.947	0.88587
87.9343	77.9487	0.888297
87.9342	77.95	0.890983
87.9342	77.9507	0.893845
87.9341	77.951	0.896797
87.9342	77.9507	0.899749
87.9342	77.95	0.902611
87.9343	77.9487	0.905297
87.9345	77.947	0.907724
87.9346	77.9449	0.90982
87.9348	77.9425	0.91152
87.935	77.9399	0.912772
87.9353	77.937	0.913539
87.9355	77.9341	0.913797
90.8465	78.167	0.913539
90.8468	78.1641	0.912772
90.847	78.1614	0.91152
90.8472	78.159	0.90982
90.8473	78.1569	0.907724
90.8475	78.1552	0.905297
90.8476	78.154	0.902611
90.8476	78.1532	0.899749
90.8477	78.153	0.896797
90.8476	78.1532	0.893845
90.8476	78.154	0.890983
90.8475	78.1552	0.888297
90.8473	78.1569	0.88587
90.8472	78.159	0.883774
90.847	78.1614	0.882075
90.8468	78.1641	0.880822
90.8465	78.167	0.880055
90.8463	78.1699	0.879797
90.8461	78.1728	0.880055
90.8458	78.1757	0.880822
90.8456	78.1784	0.882075
90.8454	78.1808	0.883774
90.8452	78.1829	0.88587
90.8451	78.1846	0.888297
90.845	78.1858	0.890983
90.8449	78.1866	0.893845
90.8449	78.1868	0.896797
90.8449	78.1866	0.899749
90.845	78.1858	0.902611
90.8451	78.1846	0.905297
90.8452	78.1829	0.907724
90.8454	78.1808	0.90982
90.8456	78.1784	0.91152
90.8458	78.1757	0.912772
90.8461	78.1728	0.913539
90.8463	78.1699	0.913797

#	Triangle	108
35	36	71
0	36	35
0	37	36
1	37	0
1	38	37
2	38	1
2	39	38
3	39	2
3	40	39
4	40	3
4	41	40	5	41	4
5	42	41
6	42	5
6	43	42	7	43	6
7	44	43	8	44	7
8	45	44	9	45	8
9	46	45	10	46	9
10	47	46
11	47	10
11	48	47	12	48	11
12	49	48
13	49	12
13	50	49
14	50	13
14	51	50
15	51	14
15	52	51
16	52	15
16	53	52
17	53	16
17	54	53
18	54	17
18	55	54
19	55	18
19	56	55
20	56	19
20	57	56
21	57	20
21	58	57
22	58	21
22	59	58
23	59	22
23	60	59
24	60	23
24	61	60	25	61	24
25	62	61	26	62	25
26	63	62	27	63	26
27	64	63	28	64	27
28	65	64
29	65	28
29	66	65
30	66	29
30	67	66
31	67	30
31	68	67
32	68	31
32	69	68
33	69	32
33	70	69
34	70	33
34	71	70
35	71	34
7	9	8	26	25	27
6	9	7	27	25	24
6	10	9	27	24	28
5	10	6
5	11	10	28	23	29
4	11	5	29	23	22
4	12	11	29	22	30
3	12	4	30	22	21
3	13	12
2	13	3	31	21	20
2	14	13	31	20	32
1	14	2	32	20	19
1	15	14
0	15	1	33	19	18
0	16	15
35	16	0
35	17	16
34	17	35
34	18	17
33	18	34
32	19	33
30	21	31
28	24	23
45	43	44	62	63	61
46	43	45	61	63	64
46	42	43	61	64	60
47	42	46
47	41	42	60	65	59
48	41	47	59	65	66
48	40	41	59	66	58
49	40	48	58	66	67
49	39	40
50	39	49	57	67	68
50	38	39	57	68	56
51	38	50	56	68	69
51	37	38
52	37	51	55	69	70
52	36	37
53	36	52
53	71	36
54	71	53
54	70	71
55	70	54
56	69	55
58	67	57
60	64	65

#	Normal	108
0.00705036	-0.0870152	0.996182
0.00703215	-0.0867876	0.996202
0.0208623	-0.257473	0.96606
0.0209146	-0.258127	0.965885
0.0341807	-0.421856	0.906018
0.0341005	-0.420852	0.906488
0.0462928	-0.571325	0.819417
0.0463911	-0.572557	0.818552
0.0571384	-0.7052	0.706703
0.0570342	-0.70389	0.708015
0.066146	-0.816344	0.573766
0.0731771	-0.903119	0.423109
0.0732559	-0.904122	0.420949
0.0779996	-0.962668	0.259203
0.080451	-0.992923	0.0873548
0.080451	-0.992923	-0.0873548
0.0779996	-0.962668	-0.259203
0.0731747	-0.903119	-0.423109
0.0732583	-0.904121	-0.420949
0.0661465	-0.81635	-0.573757
0.0571395	-0.705189	-0.706713
0.0570315	-0.70388	-0.708025
0.0462924	-0.571339	-0.819408
0.0463937	-0.57257	-0.818542
0.0341818	-0.421856	-0.906018
0.0340993	-0.420852	-0.906488
0.0208616	-0.257473	-0.96606
0.0209152	-0.258126	-0.965885
0.00704893	-0.0869948	-0.996184
0.00703027	-0.0867673	-0.996204
-0.00703176	0.0867857	-0.996202
-0.00705043	0.0870132	-0.996182
-0.0209109	0.258073	-0.965899
-0.0208573	0.25742	-0.966075
-0.0340993	0.420852	-0.906488
-0.0341818	0.421856	-0.906018
-0.0463937	0.57257	-0.818542
-0.0462924	0.571339	-0.819408
-0.0570401	0.703986	-0.707919
-0.0571393	0.705189	-0.706713
-0.0661383	0.816251	-0.5739
-0.0661465	0.81635	-0.573757
-0.0732583	0.904121	-0.420949
-0.0731747	0.903119	-0.423109
-0.0779996	0.962668	-0.259203
-0.080451	0.992923	-0.0873548
-0.080451	0.992923	0.0873548
-0.0779996	0.962668	0.259203
-0.0732559	0.904122	0.420949
-0.0731771	0.903119	0.423109
-0.0661379	0.816244	0.573909
-0.0661458	0.816344	0.573766
-0.0570426	0.703996	0.707909
-0.0571384	0.7052	0.706703
-0.0463911	0.572557	0.818552
-0.0462928	0.571325	0.819417
-0.0341005	0.420852	0.906488
-0.0341807	0.421856	0.906018
-0.0209103	0.258073	0.965899
-0.020858	0.25742	0.966075
-0.00703364	0.086806	0.9962
-0.00705185	0.0870337	0.99618
-1.52214e-006	-1.38376e-007	-0
-4.52029e-006	-3.69003e-007	-0
-8.90319e-006	-7.26791e-007	-0
-1.4445e-005	-1.18104e-006	-0
-2.11172e-005	-1.72656e-006	-0
-2.88203e-005	-2.25781e-006	-0
-3.70507e-005	-2.90259e-006	-0
-4.57585e-005	-3.75629e-006	-0
-5.45328e-005	-4.47658e-006	-0
-6.28755e-005	-5.08702e-006	-0
-7.10818e-005	-5.75095e-006	-0
-7.89031e-005	-6.44107e-006	-0
-8.56147e-005	-6.98896e-006	-0
-9.11061e-005	-7.23856e-006	-0
-9.54802e-005	-7.5861e-006	-0
-9.86193e-005	-8.10928e-006	-0
-0.996636	-0.0819515	-0
-0.996832	-0.0795345	-0
-9.83577e-005	-7.84769e-006	-0
-9.57418e-005	-7.84769e-006	-0
-8.53651e-005	-6.98896e-006	-0
-5.43294e-005	-4.47658e-006	-0
-1.45358e-005	-1.18104e-006	-0
1.52214e-006	1.38376e-007	-0
4.52029e-006	3.69003e-007	-0
8.90319e-006	7.26791e-007	-0
1.45358e-005	1.18104e-006	-0
2.125e-005	1.72656e-006	-0
2.88203e-005	2.25781e-006	-0
3.70507e-005	2.90259e-006	-0
4.55877e-005	3.75629e-006	-0
5.43294e-005	4.47658e-006	-0
6.3079e-005	5.08702e-006	-0
7.13118e-005	5.75095e-006	-0
7.86731e-005	6.44107e-006	-0
8.53651e-005	6.98896e-006	-0
9.13557e-005	7.23856e-006	-0
9.57418e-005	7.5861e-006	-0
9.83577e-005	8.10928e-006	-0
0.996618	0.082168	-0
0.996849	0.0793248	-0
9.86193e-005	7.84769e-006	-0
9.54802e-005	7.84769e-006	-0
8.56147e-005	6.98896e-006	-0
5.45328e-005	4.2731e-006	-0
1.4445e-005	1.18104e-006	-0

#	Mesh	0	End


COMPONENTFINISH

COMPONENT 1501485=IfcFlowSegment
#	TMesh	1029294=IfcFlowSegment
0.0807606	-0.996728	0.000277936	0	-0.996728	-0.0807606	-1.21502e-010	0	-2.24465e-005	0.000277028	0.999994	0	171.281	119.572	-0.242861	1

COMPONENTFINISH

COMPONENT 1501573=IfcFlowSegment
#	TMesh	1499637=IfcFlowSegment
-0.993509	-0.0803866	-0.0807636	0	-0.0803849	-0.00794087	0.996754	0	0.0807652	-0.996754	-0.00142742	0	172.443	85.8013	-82.8814	1

COMPONENTFINISH

COMPONENT 1501661=IfcFlowSegment
#	TMesh	1019711=IfcFlowSegment
0.0807623	-0.996727	0.000194421	0	-0.996727	-0.0807623	-7.37987e-011	0	1.5702e-005	-0.000193785	-0.999994	0	148.045	124.011	2.01881	1

COMPONENTFINISH

COMPONENT 1501749=IfcFlowSegment
#	TMesh	1019711=IfcFlowSegment
-0.0807621	0.99673	-0.000376417	0	0.996731	0.0807621	1.15567e-010	0	3.04004e-005	-0.000375188	-0.999997	0	9.00745	30.3331	2.04225	1

COMPONENTFINISH

COMPONENT 1501837=IfcFlowSegment
#	TMesh	1032713=IfcFlowSegment
