COMPONENT 1439499=IfcFlowFitting
#	TMesh	1068129=IfcFlowFitting
-0.0810487	0.996846	-6.5309e-008	0	0.996846	0.0810487	2.85335e-006	0	2.84926e-006	1.66135e-007	-1.00014	0	3.67145	12.018	1.99197	1

COMPONENTFINISH

COMPONENT 1439639=IfcFlowFitting
#	TMesh	1068267=IfcFlowFitting
-0.0812503	0.996897	4.61104e-009	0	0.996897	0.0812503	-4.92275e-006	0	-4.90686e-006	-3.95298e-007	-1.0002	0	3.67589	12.0008	1.99257	1

COMPONENTFINISH

COMPONENT 1439779=IfcFlowFitting
#	TMesh	1004891=IfcFlowFitting
0.987087	0.161665	-1.65963e-005	0	0.161665	-0.987087	1.96625e-005	0	1.32001e-005	2.20864e-005	1.00024	0	-10.7939	8.24409	0.20207	1

COMPONENTFINISH

COMPONENT 1439919=IfcFlowFitting
#	TMesh	1072657=IfcFlowFitting
0.0806306	-0.996617	1.73352e-008	0	-0.996617	-0.0806306	1.28714e-006	0	1.28155e-006	1.21075e-007	0.999874	0	153.125	48.7656	-0.267976	1

COMPONENTFINISH

COMPONENT 1440059=IfcFlowFitting
#	TMesh	1072795=IfcFlowFitting
0.080659	-0.996511	1.27735e-005	0	-0.996511	-0.080659	3.01505e-005	0	2.90217e-005	1.51643e-005	0.99977	0	153.515	48.8022	-0.270272	1

COMPONENTFINISH

COMPONENT 1440199=IfcFlowFitting
#	TMesh	1068129=IfcFlowFitting
-0.0810401	0.99681	-3.89606e-008	0	0.99681	0.0810401	3.17739e-006	0	3.1701e-006	2.18638e-007	-1.0001	0	3.96424	8.43181	1.9919	1

COMPONENTFINISH

COMPONENT 1440339=IfcFlowFitting
#	TMesh	1068267=IfcFlowFitting
0.0799996	-0.996718	2.98931e-008	0	0.996718	0.0799996	3.12249e-006	0	-3.11487e-006	-2.2002e-007	0.999924	0	-2.6439	90.3806	-0.268133	1

COMPONENTFINISH

COMPONENT 1440479=IfcFlowFitting
#	TMesh	1004891=IfcFlowFitting
-0.986928	-0.161179	1.37504e-005	0	-0.161179	0.986928	-8.76034e-006	0	-1.21586e-005	-1.08621e-005	-1	0	157.46	105.879	1.52243	1

COMPONENTFINISH

COMPONENT 1440619=IfcFlowFitting
#	TMesh	1072545=IfcFlowFitting
0.0824261	-0.996055	-1.45104e-006	0	-0.996055	-0.0824261	5.51808e-005	0	5.51128e-005	3.10471e-006	0.99946	0	152.987	45.3233	-0.27268	1

COMPONENTFINISH

COMPONENT 1440733=IfcFlowFitting
#	TMesh	1072657=IfcFlowFitting
-0.0815776	0.996719	-1.3933e-008	0	-0.996719	-0.0815776	-6.52685e-006	0	6.50624e-006	5.18531e-007	-1.00005	0	149.933	70.9227	1.99266	1

COMPONENTFINISH

COMPONENT 1440873=IfcFlowFitting
#	TMesh	1072795=IfcFlowFitting
0.0812231	-0.99645	-2.55982e-005	0	0.99645	0.0812231	-1.12955e-005	0	1.33379e-005	-2.45959e-005	0.999755	0	-24.5061	30.7304	-0.267043	1

COMPONENTFINISH

COMPONENT 1441013=IfcFlowFitting
#	TMesh	1068129=IfcFlowFitting
-0.080674	0.996808	-9.97395e-009	0	0.996808	0.080674	3.14899e-006	0	3.13953e-006	2.44083e-007	-1.00007	0	4.24004	4.86787	1.99187	1

COMPONENTFINISH

COMPONENT 1441153=IfcFlowFitting
#	TMesh	1068267=IfcFlowFitting
0.079816	-0.996708	-2.11086e-008	0	0.996708	0.079816	-1.51167e-006	0	-1.50853e-006	-9.96265e-008	-0.999899	0	-2.34492	86.8047	1.99199	1

COMPONENTFINISH

COMPONENT 1441293=IfcFlowFitting
#	TMesh	1004891=IfcFlowFitting
-0.986992	-0.161319	-3.81365e-007	0	-0.161319	0.986992	-1.07464e-005	0	2.10982e-006	-1.05441e-005	-1.00009	0	157.751	102.306	1.5237	1

COMPONENTFINISH

COMPONENT 1441433=IfcFlowFitting
#	TMesh	1072545=IfcFlowFitting
0.0813772	-0.995784	-2.79115e-007	0	-0.995784	-0.0813772	4.10512e-005	0	4.09376e-005	3.06543e-006	0.999103	0	153.238	41.6385	-0.270912	1

COMPONENTFINISH

COMPONENT 1441547=IfcFlowFitting
#	TMesh	1072657=IfcFlowFitting
0.0799211	-0.996581	1.42119e-007	0	-0.996581	-0.0799211	-1.40994e-005	0	-1.40656e-005	-9.85419e-007	0.999781	0	152.299	41.4109	-0.266448	1

COMPONENTFINISH

COMPONENT 1441687=IfcFlowFitting
#	TMesh	1072795=IfcFlowFitting
-0.0803053	0.996658	8.13708e-007	0	-0.996658	-0.0803053	2.78471e-005	0	2.78225e-005	1.42544e-006	0.999888	0	152.029	67.3627	-0.270355	1

COMPONENTFINISH

COMPONENT 1441827=IfcFlowFitting
#	TMesh	1068129=IfcFlowFitting
-0.0807097	0.996838	-2.87276e-008	0	0.996838	0.0807097	2.18335e-006	0	2.17855e-006	1.47566e-007	-1.0001	0	4.53028	1.27605	1.99197	1

COMPONENTFINISH

COMPONENT 1441967=IfcFlowFitting
#	TMesh	1068267=IfcFlowFitting
-0.081213	0.996917	-7.28286e-008	0	0.996917	0.081213	-4.53318e-006	0	-4.5123e-006	-4.40661e-007	-1.00022	0	4.54511	1.23793	1.99257	1

COMPONENTFINISH

COMPONENT 1442107=IfcFlowFitting
#	TMesh	1004891=IfcFlowFitting
0.987009	0.160877	-4.38717e-006	0	0.160877	-0.987009	-3.49492e-007	0	-4.38625e-006	-3.60831e-007	-1.00003	0	-9.94346	-2.44613	1.52441	1

COMPONENTFINISH

COMPONENT 1442247=IfcFlowFitting
#	TMesh	1072545=IfcFlowFitting
0.0801402	-0.995835	2.42149e-007	0	-0.995835	-0.0801402	4.3442e-005	0	4.32826e-005	3.72612e-006	0.999055	0	153.493	38.2305	-0.271079	1

COMPONENTFINISH

COMPONENT 1442361=IfcFlowFitting
#	TMesh	1072657=IfcFlowFitting
-0.0812998	0.996753	-8.5878e-008	0	-0.996753	-0.0812998	8.85056e-006	0	-8.81429e-006	-8.05097e-007	-1.00006	0	150.497	64.02	1.99125	1

COMPONENTFINISH

COMPONENT 1442501=IfcFlowFitting
#	TMesh	1072795=IfcFlowFitting
-0.0805728	0.996549	-1.30852e-005	0	-0.996549	-0.0805728	1.79266e-006	0	7.32308e-007	1.31871e-005	0.999801	0	152.282	64.096	-0.267886	1

COMPONENTFINISH

COMPONENT 1442641=IfcFlowFitting
#	TMesh	1068129=IfcFlowFitting
0.0811152	-0.996644	3.59009e-008	0	0.996644	0.0811152	-2.24295e-006	0	2.23265e-006	2.17731e-007	0.999939	0	-1.83684	79.8353	-0.267566	1

COMPONENTFINISH

COMPONENT 1442781=IfcFlowFitting
#	TMesh	1068267=IfcFlowFitting
-0.0813041	0.996956	-4.28196e-008	0	0.996956	0.0813041	-6.50954e-006	0	-6.48452e-006	-5.71789e-007	-1.00027	0	4.81277	-2.05922	1.99297	1

COMPONENTFINISH

COMPONENT 1442921=IfcFlowFitting
#	TMesh	1004891=IfcFlowFitting
0.986982	0.161096	-1.38463e-006	0	0.161096	-0.986982	2.05174e-005	0	-1.9386e-006	2.04725e-005	1.00004	0	-9.66646	-5.75433	0.201063	1

COMPONENTFINISH

COMPONENT 1443061=IfcFlowFitting
#	TMesh	1072545=IfcFlowFitting
-0.082456	0.995721	1.9113e-006	0	-0.995721	-0.082456	4.61537e-005	0	4.61542e-005	1.90418e-006	0.999129	0	151.695	60.312	-0.2714	1

COMPONENTFINISH

COMPONENT 1443175=IfcFlowFitting
#	TMesh	1072657=IfcFlowFitting
0.0803767	-0.996688	1.5793e-010	0	-0.996688	-0.0803767	-2.62184e-007	0	2.61349e-007	2.09176e-008	-0.999923	0	152.821	34.2691	1.99194	1

COMPONENTFINISH

COMPONENT 1443315=IfcFlowFitting
#	TMesh	1072795=IfcFlowFitting
-0.0804493	0.996648	1.83175e-006	0	0.996648	0.0804493	-8.53524e-005	0	8.52231e-005	5.04148e-006	0.99989	0	-25.7418	45.8026	-0.259997	1

COMPONENTFINISH

COMPONENT 1443455=IfcFlowFitting
#	TMesh	1068129=IfcFlowFitting
0.0804557	-0.996935	3.62588e-008	0	0.996935	0.0804557	-4.86266e-006	0	4.84399e-006	4.27302e-007	1.00018	0	-1.51389	76.0037	-0.267659	1

COMPONENTFINISH

COMPONENT 1443595=IfcFlowFitting
#	TMesh	1068267=IfcFlowFitting
-0.0813443	0.996764	-2.25538e-008	0	0.996764	0.0813443	-7.69338e-006	0	-7.66606e-006	-6.48243e-007	-1.00008	0	5.14258	-5.94146	1.99284	1

COMPONENTFINISH

COMPONENT 1443735=IfcFlowFitting
#	TMesh	1004891=IfcFlowFitting
1.00005	-6.03274e-005	-1.22267e-005	0	6.03274e-005	1.00005	1.04565e-005	0	1.22261e-005	-1.04573e-005	1.00005	0	-16.4012	77.3356	0.201678	1

COMPONENTFINISH

COMPONENT 1443875=IfcFlowFitting
#	TMesh	1072545=IfcFlowFitting
0.0791439	-0.996139	1.43568e-006	0	-0.996139	-0.0791439	5.37738e-005	0	5.34911e-005	5.69012e-006	0.999278	0	154.115	30.656	-0.272302	1

COMPONENTFINISH

COMPONENT 1443989=IfcFlowFitting
#	TMesh	1072657=IfcFlowFitting
0.0800888	-0.99677	2.16173e-008	0	-0.99677	-0.0800888	6.00672e-006	0	5.9857e-006	5.02627e-007	0.999983	0	153.116	30.6531	-0.268535	1

COMPONENTFINISH

COMPONENT 1444129=IfcFlowFitting
#	TMesh	1072795=IfcFlowFitting
-0.0807719	0.996543	-1.35773e-005	0	-0.996543	-0.0807719	2.07659e-005	0	-1.96011e-005	-1.52106e-005	-0.999811	0	152.885	56.6382	1.98997	1

COMPONENTFINISH

COMPONENT 1444269=IfcFlowFitting
#	TMesh	1068129=IfcFlowFitting
0.081109	-0.996656	7.7865e-009	0	0.996656	0.081109	-4.04034e-006	0	4.0264e-006	3.35485e-007	0.999951	0	-1.23166	72.3607	-0.267458	1

COMPONENTFINISH

COMPONENT 1444409=IfcFlowFitting
#	TMesh	1068267=IfcFlowFitting
-0.0806645	0.99684	9.8481e-010	0	0.99684	0.0806645	-1.05987e-006	0	1.05649e-006	8.45037e-008	1.0001	0	5.40017	-9.48545	-0.26782	1

COMPONENTFINISH

COMPONENT 1444549=IfcFlowFitting
#	TMesh	1004891=IfcFlowFitting
1.00005	-0.000145651	-1.42216e-005	0	0.000145651	1.00005	1.44119e-007	0	1.42216e-005	-1.46194e-007	1.00005	0	-16.107	73.7549	0.201487	1

COMPONENTFINISH

COMPONENT 1444689=IfcFlowFitting
#	TMesh	1072545=IfcFlowFitting
0.0820142	-0.995726	-9.27489e-007	0	-0.995726	-0.0820142	5.19285e-005	0	5.18296e-005	3.33838e-006	0.999098	0	154.331	28.2441	-0.271953	1

COMPONENTFINISH

COMPONENT 1444803=IfcFlowFitting
#	TMesh	1072657=IfcFlowFitting
-0.0809113	0.996532	6.87392e-008	0	-0.996532	-0.0809113	-1.0189e-005	0	-1.01501e-005	-8.93077e-007	0.999812	0	151.23	53.8084	-0.266627	1

COMPONENTFINISH

COMPONENT 1444943=IfcFlowFitting
#	TMesh	1072795=IfcFlowFitting
-0.0805373	0.996585	1.08467e-005	0	-0.996585	-0.0805373	-4.18742e-006	0	-3.3001e-006	-1.11488e-005	0.999834	0	153.11	53.9266	-0.26708	1

COMPONENTFINISH

COMPONENT 1445083=IfcFlowFitting
#	TMesh	1068129=IfcFlowFitting
0.080856	-0.996658	6.21232e-008	0	0.996658	0.080856	-1.44365e-006	0	1.4339e-006	1.78656e-007	0.999933	0	-1.0034	69.6864	-0.267613	1

COMPONENTFINISH

COMPONENT 1445223=IfcFlowFitting
#	TMesh	1068267=IfcFlowFitting
-0.080497	0.996566	-1.26143e-008	0	0.996566	0.080497	2.00219e-006	0	-1.9967e-006	-1.48627e-007	0.999812	0	5.63023	-12.1538	-0.267709	1

COMPONENTFINISH

COMPONENT 1445363=IfcFlowFitting
#	TMesh	1004891=IfcFlowFitting
1	-0.000222318	-1.54948e-005	0	0.000222318	1	-1.12025e-005	0	-1.54973e-005	-1.1199e-005	-1	0	-15.8819	71.0691	1.52522	1

COMPONENTFINISH

COMPONENT 1445503=IfcFlowFitting
#	TMesh	1072545=IfcFlowFitting
0.081378	-0.995902	-4.92849e-007	0	-0.995902	-0.081378	5.15507e-005	0	5.14196e-005	3.70716e-006	0.999222	0	154.703	23.6958	-0.272051	1

COMPONENTFINISH

COMPONENT 1445617=IfcFlowFitting
#	TMesh	1072657=IfcFlowFitting
-0.0807829	0.996661	1.44546e-008	0	-0.996661	-0.0807829	-5.29623e-006	0	-5.27775e-006	-4.42282e-007	0.99993	0	151.607	49.3128	-0.267431	1

COMPONENTFINISH

COMPONENT 1445757=IfcFlowFitting
#	TMesh	1072545=IfcFlowFitting
0.0782733	-0.995982	2.44571e-006	0	-0.995982	-0.0782733	4.77828e-005	0	4.74446e-005	6.18186e-006	0.999053	0	154.961	19.8102	-0.271463	1

COMPONENTFINISH

COMPONENT 1445871=IfcFlowFitting
#	TMesh	1072657=IfcFlowFitting
-0.0811218	0.996639	7.16587e-009	0	-0.996639	-0.0811218	-2.69299e-006	0	2.68354e-006	2.25617e-007	-0.999935	0	151.892	45.7557	1.99218	1

COMPONENTFINISH

COMPONENT 1446011=IfcFlowFitting
#	TMesh	1072795=IfcFlowFitting
0.0808419	-0.996476	-2.02178e-006	0	0.996476	0.0808419	-7.28056e-005	0	-7.27306e-005	-3.87205e-006	-0.99975	0	-22.4781	5.64651	1.99842	1

COMPONENTFINISH

COMPONENT 1446151=IfcFlowFitting
#	TMesh	1068129=IfcFlowFitting
-0.0806439	0.996657	1.11378e-008	0	0.996657	0.0806439	-6.62853e-006	0	6.60783e-006	5.23494e-007	0.999915	0	6.28395	-20.2416	-0.267245	1

COMPONENTFINISH

COMPONENT 1446291=IfcFlowFitting
#	TMesh	1068267=IfcFlowFitting
-0.0810709	0.996773	-4.93911e-008	0	0.996773	0.0810709	-9.22553e-006	0	-9.19117e-006	-7.97102e-007	-1.00006	0	6.29371	-20.2757	1.99294	1

COMPONENTFINISH

COMPONENT 1446431=IfcFlowFitting
#	TMesh	1004891=IfcFlowFitting
0.9871	0.161119	4.17458e-007	0	0.161119	-0.9871	1.07769e-005	0	-2.14808e-006	1.05689e-005	1.00016	0	-8.19836	-24.0009	0.200465	1

COMPONENTFINISH

COMPONENT 1446571=IfcFlowFitting
#	TMesh	1072545=IfcFlowFitting
0.0826984	-0.995636	-1.30088e-006	0	-0.995636	-0.0826984	4.81619e-005	0	4.81043e-005	2.69023e-006	0.999065	0	155.276	16.6488	-0.271561	1

COMPONENTFINISH

COMPONENT 1446685=IfcFlowFitting
#	TMesh	1072657=IfcFlowFitting
0.0802496	-0.996507	9.07437e-008	0	-0.996507	-0.0802496	-2.94366e-005	0	-2.93489e-005	-2.27246e-006	0.999733	0	154.256	16.3185	-0.264976	1

COMPONENTFINISH

COMPONENT 1446825=IfcFlowFitting
#	TMesh	1072795=IfcFlowFitting
0.0804673	-0.99664	-8.54778e-007	0	0.99664	0.0804673	-3.07256e-005	0	-3.06947e-005	-1.62068e-006	-0.999884	0	-22.2069	2.08966	1.99482	1

COMPONENTFINISH

COMPONENT 1446965=IfcFlowFitting
#	TMesh	1068129=IfcFlowFitting
0.0803882	-0.996848	-1.03259e-008	0	0.996848	0.0803882	-6.27207e-006	0	6.25261e-006	4.93866e-007	1.00008	0	-0.0517883	58.0634	-0.267461	1

COMPONENTFINISH

COMPONENT 1447105=IfcFlowFitting
#	TMesh	1068267=IfcFlowFitting
0.081122	-0.996593	2.52486e-008	0	0.996593	0.081122	4.27292e-006	0	-4.26089e-006	-3.21501e-007	0.999889	0	-0.0646439	58.0031	-0.267956	1

COMPONENTFINISH

COMPONENT 1447245=IfcFlowFitting
#	TMesh	1004891=IfcFlowFitting
-0.986968	-0.161345	2.52245e-005	0	-0.161345	0.986968	-7.15466e-006	0	-2.37397e-005	-1.11305e-005	-1.00007	0	160.074	73.6014	1.52171	1

COMPONENTFINISH

COMPONENT 1447779=IfcFlowFitting
#	TMesh	1068129=IfcFlowFitting
0.0810112	-0.996819	7.04249e-009	0	0.996819	0.0810112	-5.95257e-006	0	5.93244e-006	4.89193e-007	1.00011	0	0.191063	54.7318	-0.267507	1

COMPONENTFINISH

COMPONENT 1447919=IfcFlowFitting
#	TMesh	1068267=IfcFlowFitting
0.0803699	-0.996606	2.14155e-008	0	0.996606	0.0803699	3.64302e-006	0	-3.63296e-006	-2.7149e-007	0.999841	0	0.231865	54.7668	-0.267858	1

COMPONENTFINISH

COMPONENT 1447=IfcFlowSegment
#	Mesh	0	Begin

#	Vertex	8
56.6761	85.8249	1.462
56.2764	85.805	1.462
65.5971	-28.5617	1.462
65.9958	-28.5292	1.462
56.6761	85.8249	1.562
56.2764	85.805	1.562
65.5971	-28.5617	1.562
65.9958	-28.5292	1.562

#	Triangle	6
3	4	7	0	4	3
0	5	4	1	5	0
1	6	5	2	6	1
2	7	6	3	7	2
3	1	0	2	1	3
4	6	7	5	6	4

#	Normal	6
0.996695	0.0812296	-0
-0.0495647	0.998771	-0
-0.996695	-0.0812296	0
0.0812302	-0.996695	-0
-0	-0	-1
-0	0	1

#	Mesh	0	End


COMPONENTFINISH

COMPONENT 1448059=IfcFlowFitting
#	TMesh	1004891=IfcFlowFitting
0.987104	0.1605	-1.25656e-005	0	0.1605	-0.987104	8.94624e-006	0	1.09669e-005	1.08469e-005	1.00007	0	-7.66404	-30.8222	0.201643	1

COMPONENTFINISH

COMPONENT 145540=IfcFlowSegment
#	Mesh	0	Begin

#	Vertex	72
-180.236	101.929	-8.85286
-180.236	101.944	-8.84906
-180.236	101.957	-8.84287
-180.236	101.969	-8.83445
-180.236	101.979	-8.82408
-180.236	101.988	-8.81207
-180.236	101.994	-8.79878
-180.236	101.998	-8.78461
-180.236	101.999	-8.77
-180.236	101.998	-8.75539
-180.236	101.994	-8.74122
-180.236	101.988	-8.72793
-180.236	101.979	-8.71592
-180.236	101.969	-8.70555
-180.236	101.957	-8.69713
-180.236	101.944	-8.69094
-180.236	101.929	-8.68714
-180.236	101.915	-8.68586
-180.236	101.9	-8.68714
-180.236	101.886	-8.69094
-180.236	101.873	-8.69713
-180.236	101.861	-8.70555
-180.236	101.85	-8.71592
-180.236	101.842	-8.72793
-180.236	101.836	-8.74122
-180.236	101.832	-8.75539
-180.236	101.831	-8.77
-180.236	101.832	-8.78461
-180.236	101.836	-8.79878
-180.236	101.842	-8.81207
-180.236	101.85	-8.82408
-180.236	101.861	-8.83445
-180.236	101.873	-8.84287
-180.236	101.886	-8.84906
-180.236	101.9	-8.85286
-180.236	101.915	-8.85414
-176.593	101.929	-8.85286
-176.593	101.944	-8.84906
-176.593	101.957	-8.84287
-176.593	101.969	-8.83445
-176.593	101.979	-8.82408
-176.593	101.988	-8.81207
-176.593	101.994	-8.79878
-176.593	101.998	-8.78461
-176.593	101.999	-8.77
-176.593	101.998	-8.75539
-176.593	101.994	-8.74122
-176.593	101.988	-8.72793
-176.593	101.979	-8.71592
-176.593	101.969	-8.70555
-176.593	101.957	-8.69713
-176.593	101.944	-8.69094
-176.593	101.929	-8.68714
-176.593	101.915	-8.68586
-176.593	101.9	-8.68714
-176.593	101.886	-8.69094
-176.593	101.873	-8.69713
-176.593	101.861	-8.70555
-176.593	101.85	-8.71592
-176.593	101.842	-8.72793
-176.593	101.836	-8.74122
-176.593	101.832	-8.75539
-176.593	101.831	-8.77
-176.593	101.832	-8.78461
-176.593	101.836	-8.79878
-176.593	101.842	-8.81207
-176.593	101.85	-8.82408
-176.593	101.861	-8.83445
-176.593	101.873	-8.84287
-176.593	101.886	-8.84906
-176.593	101.9	-8.85286
-176.593	101.915	-8.85414

#	Triangle	40
35	36	71	0	36	35
0	37	36	1	37	0
1	38	37	2	38	1
2	39	38	3	39	2
3	40	39	4	40	3
4	41	40	5	41	4
5	42	41	6	42	5
6	43	42	7	43	6
7	44	43	8	44	7
8	45	44	9	45	8
9	46	45	10	46	9
10	47	46	11	47	10
11	48	47	12	48	11
12	49	48	13	49	12
13	50	49	14	50	13
14	51	50	15	51	14
15	52	51	16	52	15
16	53	52	17	53	16
17	54	53	18	54	17
18	55	54	19	55	18
19	56	55	20	56	19
20	57	56	21	57	20
21	58	57	22	58	21
22	59	58	23	59	22
23	60	59	24	60	23
24	61	60	25	61	24
25	62	61	26	62	25
26	63	62	27	63	26
27	64	63	28	64	27
28	65	64	29	65	28
29	66	65	30	66	29
30	67	66	31	67	30
31	68	67	32	68	31
32	69	68	33	69	32
33	70	69	34	70	33
34	71	70	35	71	34
7	9	8	26	25	27
6	9	7	6	10	9	5	10	6	5	11	10	4	11	5	4	12	11	3	12	4	3	13	12	2	13	3	2	14	13	1	14	2	1	15	14	0	15	1	0	16	15	35	16	0	35	17	16	34	17	35	34	18	17	33	18	34	33	19	18	32	19	33	32	20	19	31	20	32	31	21	20	30	21	31	30	22	21	29	22	30	29	23	22	28	23	29	28	24	23	27	24	28	27	25	24
45	43	44	62	63	61
46	43	45	46	42	43	47	42	46	47	41	42	48	41	47	48	40	41	49	40	48	49	39	40	50	39	49	50	38	39	51	38	50	51	37	38	52	37	51	52	36	37	53	36	52	53	71	36	54	71	53	54	70	71	55	70	54	55	69	70	56	69	55	56	68	69	57	68	56	57	67	68	58	67	57	58	66	67	59	66	58	59	65	66	60	65	59	60	64	65	61	64	60	61	63	64

#	Normal	40
-0	0.087167	-0.996194
-0	0.258727	-0.96595
-0	0.4227	-0.90627
-0	0.573516	-0.819194
-0	0.707207	-0.707007
-0	0.81911	-0.573637
-0	0.906382	-0.422459
-0	0.965907	-0.258889
-0	0.996177	-0.0873594
-0	0.996177	0.0873594
-0	0.965907	0.258889
-0	0.906382	0.422459
-0	0.81911	0.573637
-0	0.707207	0.707007
-0	0.573516	0.819194
-0	0.4227	0.90627
-0	0.258727	0.96595
-0	0.087167	0.996194
-0	-0.087167	0.996194
-0	-0.25886	0.965915
-0	-0.422496	0.906365
-0	-0.573766	0.819019
-0	-0.70694	0.707273
-0	-0.81911	0.573637
-0	-0.906382	0.422459
-0	-0.965907	0.258889
-0	-0.996223	0.0868308
0	-0.996223	-0.0868308
0	-0.965907	-0.258889
0	-0.906382	-0.422459
0	-0.81911	-0.573637
0	-0.70694	-0.707273
0	-0.573766	-0.819019
0	-0.422496	-0.906365
0	-0.25886	-0.965915
0	-0.087167	-0.996194
-3.7439e-005	-0	0
-1	-0	-0
3.7439e-005	-0	0
1	-0	-0

#	Mesh	0	End


COMPONENTFINISH

COMPONENT 1457967=IfcFlowFitting
#	TMesh	1072545=IfcFlowFitting
-0.0789526	0.995836	1.23513e-006	0	0.995836	0.0789526	5.46817e-005	0	-5.44132e-005	-5.55306e-006	0.998961	0	-3.91894	79.9306	-0.272034	1

COMPONENTFINISH

COMPONENT 1458081=IfcFlowFitting
#	TMesh	1072657=IfcFlowFitting
0.0808038	-0.996584	1.91462e-009	0	0.996584	0.0808038	3.58779e-006	0	-3.57621e-006	-2.88041e-007	0.999854	0	-2.1246	53.979	-0.268167	1

COMPONENTFINISH

COMPONENT 1458221=IfcFlowFitting
#	TMesh	1072795=IfcFlowFitting
0.0807415	-0.996579	1.38069e-005	0	-0.996579	-0.0807415	-1.42266e-005	0	-1.52951e-005	1.26129e-005	0.999844	0	175.813	68.4011	-0.266372	1

COMPONENTFINISH

COMPONENT 1458361=IfcFlowFitting
#	TMesh	1068129=IfcFlowFitting
-0.0808727	0.996621	-6.18011e-008	0	-0.996621	-0.0808727	8.77968e-007	0	-8.70093e-007	-1.3261e-007	-0.999897	0	151.584	38.2135	1.99183	1

COMPONENTFINISH

COMPONENT 1458501=IfcFlowFitting
#	TMesh	1068267=IfcFlowFitting
-0.080513	0.996869	-4.65425e-009	0	-0.996869	-0.080513	2.24588e-006	0	2.23822e-006	1.85441e-007	1.00011	0	151.257	38.152	-0.268286	1

COMPONENTFINISH

COMPONENT 1458641=IfcFlowFitting
#	TMesh	1004891=IfcFlowFitting
-0.986885	-0.161365	-1.26994e-005	0	-0.161365	0.986885	9.64336e-006	0	-1.09768e-005	-1.15662e-005	0.999991	0	159.407	123.839	0.201513	1

COMPONENTFINISH

COMPONENT 1458781=IfcFlowFitting
#	TMesh	1072545=IfcFlowFitting
0.0827989	-0.996109	-2.16436e-007	0	0.996109	0.0827989	5.59043e-005	0	-5.56943e-005	-4.84662e-006	0.999544	0	-1.58484	50.4935	-0.447828	1

COMPONENTFINISH

COMPONENT 1458895=IfcFlowFitting
#	TMesh	1072657=IfcFlowFitting
-0.0800456	0.996741	-1.19273e-007	0	0.996741	0.0800456	9.62706e-006	0	9.60572e-006	6.51752e-007	-0.99995	0	-3.94992	76.5025	1.99105	1

COMPONENTFINISH

COMPONENT 1459035=IfcFlowFitting
#	TMesh	1072795=IfcFlowFitting
-0.0805356	0.996652	-2.0805e-006	0	-0.996652	-0.0805356	-8.47877e-005	0	-8.46798e-005	-4.75536e-006	0.999901	0	174.003	90.8349	-0.260328	1

COMPONENTFINISH

COMPONENT 1459175=IfcFlowFitting
#	TMesh	1068129=IfcFlowFitting
0.0803264	-0.996841	1.27868e-008	0	-0.996841	-0.0803264	-4.41366e-006	0	-4.40042e-006	-3.41762e-007	1.00007	0	145.247	116.735	-0.267789	1

COMPONENTFINISH

COMPONENT 1459315=IfcFlowFitting
#	TMesh	1068267=IfcFlowFitting
-0.0805218	0.996933	2.94668e-009	0	-0.996933	-0.0805218	-1.50712e-007	0	1.49986e-007	1.50706e-008	-1.00018	0	151.86	34.8593	1.99221	1

COMPONENTFINISH

COMPONENT 1459455=IfcFlowFitting
#	TMesh	1004891=IfcFlowFitting
-1.00018	0.000191756	-2.87258e-005	0	-0.000191756	-1.00018	-1.15579e-005	0	2.8728e-005	1.15524e-005	-1.00018	0	166.751	33.507	1.52632	1

COMPONENTFINISH

COMPONENT 1459595=IfcFlowFitting
#	TMesh	1072545=IfcFlowFitting
-0.0787908	0.996043	8.4451e-007	0	0.996043	0.0787908	5.0443e-005	0	-5.02191e-005	-4.81968e-006	0.999154	0	-3.37701	73.0432	-0.446852	1

COMPONENTFINISH

COMPONENT 1459709=IfcFlowFitting
#	TMesh	1072657=IfcFlowFitting
-0.0799657	0.996775	-5.73894e-009	0	0.996775	0.0799657	7.28709e-006	0	-7.26421e-006	-5.7701e-007	0.999977	0	-3.66122	72.9221	-0.268648	1

COMPONENTFINISH

COMPONENT 1459849=IfcFlowFitting
#	TMesh	1072795=IfcFlowFitting
-0.0809536	0.99663	-1.09632e-005	0	-0.99663	-0.0809536	-1.45541e-005	0	-1.53939e-005	9.74894e-006	0.999912	0	174.287	87.2837	-0.266739	1

COMPONENTFINISH

COMPONENT 1459989=IfcFlowFitting
#	TMesh	1068129=IfcFlowFitting
-0.0809358	0.996547	-8.871e-008	0	-0.996547	-0.0809358	9.63941e-007	0	-9.53597e-007	-1.6645e-007	-0.999828	0	152.141	31.3152	1.99175	1

COMPONENTFINISH

COMPONENT 1460129=IfcFlowFitting
#	TMesh	1068267=IfcFlowFitting
0.0804747	-0.99676	8.82639e-010	0	-0.99676	-0.0804747	2.92266e-006	0	2.91311e-006	2.36079e-007	1	0	145.526	113.152	-0.268208	1

COMPONENTFINISH

COMPONENT 1460269=IfcFlowFitting
#	TMesh	1004891=IfcFlowFitting
0.987094	0.161108	3.29956e-005	0	0.161108	-0.987094	3.60416e-006	0	-3.31453e-005	-1.75795e-006	1.00016	0	-8.00751	15.7456	0.197025	1

COMPONENTFINISH

COMPONENT 1460409=IfcFlowFitting
#	TMesh	1072545=IfcFlowFitting
-0.0805508	0.996178	4.11703e-007	0	0.996178	0.0805508	5.10076e-005	0	-5.08086e-005	-4.52144e-006	0.999429	0	-3.12185	69.2887	-0.447222	1

COMPONENTFINISH

COMPONENT 1460523=IfcFlowFitting
#	TMesh	1072657=IfcFlowFitting
-0.0798693	0.996621	-6.19924e-008	0	0.996621	0.0798693	1.91254e-006	0	1.91138e-006	9.09869e-008	-0.999816	0	-3.35496	69.3407	1.99161	1

COMPONENTFINISH

COMPONENT 1460663=IfcFlowFitting
#	TMesh	1072795=IfcFlowFitting
0.0805085	-0.996634	1.28036e-005	0	0.996634	0.0805085	4.95561e-005	0	-5.04261e-005	8.77187e-006	0.99988	0	-1.68172	43.4788	-0.272134	1

COMPONENTFINISH

COMPONENT 1460803=IfcFlowFitting
#	TMesh	1068129=IfcFlowFitting
0.0808886	-0.996721	-3.41099e-008	0	-0.996721	-0.0808886	3.96561e-006	0	-3.95537e-006	-2.86775e-007	-0.999998	0	145.797	109.59	1.99174	1

COMPONENTFINISH

COMPONENT 1460943=IfcFlowFitting
#	TMesh	1068267=IfcFlowFitting
0.0804338	-0.996726	5.47198e-009	0	-0.996726	-0.0804338	-4.58816e-006	0	4.57373e-006	3.63601e-007	-0.999966	0	145.816	109.559	1.99228	1

COMPONENTFINISH

COMPONENT 1461083=IfcFlowFitting
#	TMesh	1004891=IfcFlowFitting
0.986988	0.161148	3.27711e-006	0	0.161148	-0.986988	-3.02304e-005	0	-1.637e-006	3.03634e-005	-1.00006	0	-7.70573	12.1575	1.52264	1

COMPONENTFINISH

COMPONENT 1461223=IfcFlowFitting
#	TMesh	1072545=IfcFlowFitting
0.0807633	-0.996098	3.67662e-007	0	0.996098	0.0807633	5.87345e-005	0	-5.85723e-005	-4.38013e-006	0.999367	0	-0.737968	39.9232	-0.447891	1

COMPONENTFINISH

COMPONENT 1461337=IfcFlowFitting
#	TMesh	1072657=IfcFlowFitting
0.0815514	-0.996654	-4.94023e-008	0	0.996654	0.0815514	4.78635e-006	0	4.76638e-006	4.39577e-007	-0.999985	0	-0.980446	39.8269	1.99154	1

COMPONENTFINISH

COMPONENT 1461477=IfcFlowFitting
#	TMesh	1072795=IfcFlowFitting
0.081031	-0.99658	-1.30362e-005	0	0.99658	0.081031	2.05332e-005	0	1.94092e-005	1.46573e-005	-0.999869	0	-1.37954	39.8444	1.98985	1

COMPONENTFINISH

COMPONENT 1461617=IfcFlowFitting
#	TMesh	1068129=IfcFlowFitting
0.0808368	-0.996786	-9.21128e-009	0	-0.996786	-0.0808368	5.51395e-006	0	-5.49665e-006	-4.36523e-007	-1.00006	0	146.094	106.001	1.9917	1

COMPONENTFINISH

COMPONENT 1461757=IfcFlowFitting
#	TMesh	1068267=IfcFlowFitting
-0.0801826	0.996696	-1.36478e-008	0	-0.996696	-0.0801826	-1.17721e-006	0	1.17451e-006	8.07956e-008	-0.999916	0	152.701	24.0807	1.99199	1

COMPONENTFINISH

COMPONENT 1461897=IfcFlowFitting
#	TMesh	1004891=IfcFlowFitting
0.999967	-0.000257172	-2.18837e-007	0	0.000257172	0.999967	-8.53207e-007	0	-2.19056e-007	-8.5315e-007	-0.999967	0	-14.4512	95.5662	1.52397	1

COMPONENTFINISH

COMPONENT 1462037=IfcFlowFitting
#	TMesh	1072545=IfcFlowFitting
-0.0815086	0.996083	-9.35984e-007	0	0.996083	0.0815086	5.71165e-005	0	-5.70024e-005	-3.72537e-006	0.999412	0	-2.54367	62.0196	-0.447804	1

COMPONENTFINISH

COMPONENT 1462151=IfcFlowFitting
#	TMesh	1072657=IfcFlowFitting
0.0811486	-0.996508	-2.44303e-008	0	0.996508	0.0811486	2.09289e-006	0	2.084e-006	1.94217e-007	-0.999807	0	-0.681389	36.2778	1.99159	1

COMPONENTFINISH

COMPONENT 1462291=IfcFlowFitting
#	TMesh	1072795=IfcFlowFitting
-0.0807126	0.996589	-1.38171e-005	0	-0.996589	-0.0807126	-1.39898e-005	0	-1.50595e-005	1.26427e-005	0.999852	0	175.158	76.4968	-0.266759	1

COMPONENTFINISH

COMPONENT 1462431=IfcFlowFitting
#	TMesh	1068129=IfcFlowFitting
0.0804066	-0.996951	-2.43581e-009	0	-0.996951	-0.0804066	3.43564e-006	0	-3.42471e-006	-2.73768e-007	-1.00019	0	146.413	102.391	1.99198	1

COMPONENTFINISH

COMPONENT 1462571=IfcFlowFitting
#	TMesh	1068267=IfcFlowFitting
-0.0806543	0.996744	-1.51887e-008	0	-0.996744	-0.0806543	-1.49096e-006	0	1.48733e-006	1.05113e-007	-1	0	153.015	20.5233	1.99211	1

COMPONENTFINISH

COMPONENT 1462711=IfcFlowFitting
#	TMesh	1004891=IfcFlowFitting
0.987039	0.161419	4.22373e-006	0	0.161419	-0.987039	1.97199e-007	0	-4.20018e-006	-4.87074e-007	1.00015	0	-7.11891	4.95456	0.199524	1

COMPONENTFINISH

COMPONENT 1462851=IfcFlowFitting
#	TMesh	1072545=IfcFlowFitting
0.0802513	-0.99643	-1.47289e-006	0	0.99643	0.0802513	5.10656e-005	0	-5.07826e-005	-5.56764e-006	0.999656	0	-0.194725	32.7913	-0.447508	1

COMPONENTFINISH

COMPONENT 1462965=IfcFlowFitting
#	TMesh	1072657=IfcFlowFitting
0.0811113	-0.996654	-4.53045e-008	0	0.996654	0.0811113	9.34902e-007	0	9.28146e-007	1.2099e-007	-0.999949	0	-0.404671	32.6911	1.99186	1

COMPONENTFINISH

COMPONENT 1463105=IfcFlowFitting
#	TMesh	1072795=IfcFlowFitting
0.0806193	-0.99653	-1.10561e-005	0	-0.99653	-0.0806193	-3.67596e-005	0	3.57483e-005	1.39843e-005	-0.999786	0	177.529	47.1323	1.9949	1

COMPONENTFINISH

COMPONENT 1463245=IfcFlowFitting
#	TMesh	1068129=IfcFlowFitting
-0.0805962	0.996711	-1.208e-009	0	-0.996711	-0.0805962	1.09347e-006	0	-1.08982e-006	-8.93368e-008	-0.999964	0	153.301	16.9329	1.99189	1

COMPONENTFINISH

COMPONENT 1463385=IfcFlowFitting
#	TMesh	1068267=IfcFlowFitting
0.0812163	-0.996734	3.06175e-008	0	-0.996734	-0.0812163	3.98755e-006	0	3.97189e-006	3.54358e-007	1.00004	0	146.657	98.8495	-0.268322	1

COMPONENTFINISH

COMPONENT 1463525=IfcFlowFitting
#	TMesh	1004891=IfcFlowFitting
-1.00003	0.000120267	-2.28775e-006	0	-0.000120267	-1.00003	-1.09155e-005	0	2.28906e-006	1.09152e-005	-1.00003	0	168.193	15.5779	1.52383	1

COMPONENTFINISH

COMPONENT 1463665=IfcFlowFitting
#	TMesh	1072545=IfcFlowFitting
-0.0819753	0.99563	-1.20729e-006	0	0.99563	0.0819754	5.14965e-005	0	-5.14221e-005	-3.02246e-006	0.998999	0	-1.92506	54.7927	-0.446804	1

COMPONENTFINISH

COMPONENT 1463779=IfcFlowFitting
#	TMesh	1072657=IfcFlowFitting
-0.0801932	0.996759	3.42398e-009	0	0.996759	0.0801932	-6.4962e-006	0	-6.47555e-006	-5.17549e-007	-0.99998	0	-2.209	54.9596	1.99258	1

COMPONENTFINISH

COMPONENT 1463919=IfcFlowFitting
#	TMesh	1072795=IfcFlowFitting
-0.0808647	0.996523	9.78446e-006	0	0.996523	0.0808647	3.92686e-005	0	-3.83486e-005	-1.29285e-005	0.999799	0	-2.59515	54.8625	-0.27116	1

COMPONENTFINISH

COMPONENT 1464059=IfcFlowFitting
#	TMesh	1068129=IfcFlowFitting
0.081019	-0.996757	-1.6296e-008	0	-0.996757	-0.081019	5.56472e-006	0	-5.54775e-006	-4.34586e-007	-1.00004	0	146.957	95.2475	1.99168	1

COMPONENTFINISH

COMPONENT 1464199=IfcFlowFitting
#	TMesh	1068267=IfcFlowFitting
0.0807154	-0.9968	4.25111e-009	0	-0.9968	-0.0807154	3.27217e-006	0	3.26115e-006	2.68335e-007	1.00006	0	146.973	95.2291	-0.2683	1

COMPONENTFINISH

COMPONENT 1464339=IfcFlowFitting
#	TMesh	1004891=IfcFlowFitting
-0.987109	-0.161052	-4.00927e-006	0	-0.161052	0.987109	-3.51307e-007	0	4.01352e-006	2.98875e-007	-1.00016	0	161.451	98.9721	1.52446	1

COMPONENTFINISH

COMPONENT 1464479=IfcFlowFitting
#	TMesh	1072545=IfcFlowFitting
0.0822942	-0.995948	1.45508e-006	0	0.995948	0.0822942	4.30962e-005	0	-4.30698e-005	-2.09877e-006	0.999343	0	0.434837	25.725	-0.446137	1

COMPONENTFINISH

COMPONENT 1464593=IfcFlowFitting
#	TMesh	1072657=IfcFlowFitting
0.0809396	-0.996644	4.3798e-008	0	0.996644	0.0809396	-8.38972e-006	0	8.35864e-006	7.22766e-007	0.999925	0	0.151329	25.8297	-0.266921	1

COMPONENTFINISH

COMPONENT 1464733=IfcFlowFitting
#	TMesh	1072795=IfcFlowFitting
-0.0807321	0.996563	-8.91582e-007	0	0.996563	0.0807321	3.03839e-005	0	-3.03566e-005	-1.56471e-006	0.999827	0	-2.33044	51.5856	-0.270317	1

COMPONENTFINISH

COMPONENT 1464873=IfcFlowFitting
#	TMesh	1068129=IfcFlowFitting
-0.0810862	0.99656	-1.3837e-008	0	-0.99656	-0.0810862	1.94909e-006	0	-1.94155e-006	-1.71859e-007	-0.999853	0	153.868	10.0942	1.99192	1

COMPONENTFINISH

COMPONENT 1465013=IfcFlowFitting
#	TMesh	1068267=IfcFlowFitting
0.0811766	-0.996814	1.15408e-008	0	-0.996814	-0.0811766	-3.88265e-007	0	-3.87921e-007	-2.00118e-008	1.00011	0	147.221	91.9725	-0.267884	1

COMPONENTFINISH

COMPONENT 1465153=IfcFlowFitting
#	TMesh	1004891=IfcFlowFitting
0.986944	0.161613	2.40477e-006	0	0.161613	-0.986944	1.01956e-005	0	-4.02075e-006	9.67294e-006	1.00009	0	-6.25537	-5.52542	0.200311	1

COMPONENTFINISH

COMPONENT 1465293=IfcFlowFitting
#	TMesh	1072545=IfcFlowFitting
0.081353	-0.996504	5.50423e-007	0	0.996504	0.081353	4.70141e-005	0	-4.69032e-005	-3.27684e-006	0.99982	0	0.684647	21.9204	-0.447061	1

COMPONENTFINISH

COMPONENT 1465407=IfcFlowFitting
#	TMesh	1072657=IfcFlowFitting
0.0816758	-0.996614	-1.3187e-008	0	0.996614	0.0816758	-7.29111e-006	0	-7.26782e-006	-5.82391e-007	-0.999956	0	0.478561	21.8747	1.99284	1

COMPONENTFINISH

COMPONENT 1465547=IfcFlowFitting
#	TMesh	1072795=IfcFlowFitting
0.0811129	-0.996404	-1.30752e-005	0	0.996404	0.0811129	2.07409e-005	0	1.96116e-005	1.4715e-005	-0.9997	0	0.0910263	21.8983	1.98985	1

COMPONENTFINISH

COMPONENT 1465687=IfcFlowFitting
#	TMesh	1068129=IfcFlowFitting
-0.0808844	0.996716	3.50641e-010	0	-0.996716	-0.0808844	-4.60009e-006	0	-4.58499e-006	-3.72428e-007	0.999992	0	154.185	6.18711	-0.267468	1

COMPONENTFINISH

COMPONENT 1465827=IfcFlowFitting
#	TMesh	1068267=IfcFlowFitting
0.0805862	-0.996736	3.89896e-009	0	-0.996736	-0.0805862	-1.0759e-006	0	-1.07272e-006	-8.28176e-008	0.999988	0	147.555	88.0409	-0.267694	1

COMPONENTFINISH

COMPONENT 1465967=IfcFlowFitting
#	TMesh	1004891=IfcFlowFitting
-1.00001	0.000205524	5.54131e-007	0	-0.000205524	-1.00001	1.0755e-005	0	5.56342e-007	1.07549e-005	1.00001	0	169.06	4.80624	0.200554	1

COMPONENTFINISH

COMPONENT 1466107=IfcFlowFitting
#	TMesh	1072545=IfcFlowFitting
0.0820502	-0.995709	1.2684e-006	0	0.995709	0.0820502	4.25393e-005	0	-4.24998e-005	-2.22945e-006	0.999084	0	1.06023	18.2759	-0.445794	1

COMPONENTFINISH

COMPONENT 1466221=IfcFlowFitting
#	TMesh	1072657=IfcFlowFitting
0.0808521	-0.996931	2.40827e-008	0	0.996931	0.0808521	-2.84677e-006	0	2.83551e-006	2.54124e-007	1.0002	0	0.729172	18.3586	-0.26775	1

COMPONENTFINISH

COMPONENT 1466361=IfcFlowFitting
#	TMesh	1072795=IfcFlowFitting
-0.0807238	0.996599	-1.37919e-005	0	-0.996599	-0.0807238	-1.42339e-005	0	-1.53009e-005	1.25977e-005	0.999863	0	176.613	58.5567	-0.266532	1

COMPONENTFINISH

COMPONENT 1466501=IfcFlowFitting
#	TMesh	1068129=IfcFlowFitting
0.0809665	-0.996876	4.62079e-008	0	-0.996876	-0.0809665	-3.5962e-006	0	-3.58814e-006	-2.45069e-007	1.00016	0	147.839	84.4842	-0.267724	1

COMPONENTFINISH

COMPONENT 1466641=IfcFlowFitting
#	TMesh	1068267=IfcFlowFitting
-0.0807309	0.996675	-3.96303e-008	0	-0.996675	-0.0807309	-5.73985e-006	0	5.72431e-006	4.2391e-007	-0.999939	0	154.467	2.5903	1.99255	1

COMPONENTFINISH

COMPONENT 1466781=IfcFlowFitting
#	TMesh	1004891=IfcFlowFitting
0.986933	0.161568	1.66814e-005	0	0.161568	-0.986933	1.22484e-005	0	-1.84411e-005	9.39252e-006	1.00007	0	-5.65023	-12.9964	0.199098	1

COMPONENTFINISH

COMPONENT 1466921=IfcFlowFitting
#	TMesh	1072545=IfcFlowFitting
-0.0787854	0.995538	1.15068e-006	0	0.995538	0.0787854	4.44293e-005	0	-4.42001e-005	-4.65222e-006	0.99865	0	-0.784813	41.6401	-0.445487	1

COMPONENTFINISH

COMPONENT 1467035=IfcFlowFitting
#	TMesh	1072657=IfcFlowFitting
-0.0807914	0.996705	2.25865e-008	0	0.996705	0.0807914	5.52061e-006	0	-5.50074e-006	-4.68542e-007	0.999974	0	-1.12151	41.4477	-0.268263	1

COMPONENTFINISH

COMPONENT 1467175=IfcFlowFitting
#	TMesh	1072795=IfcFlowFitting
-0.0808726	0.996614	5.94202e-010	0	-0.996614	-0.0808726	-1.74173e-005	0	-1.73602e-005	-1.40933e-006	0.99989	0	176.83	55.8791	-0.266099	1

COMPONENTFINISH

COMPONENT 1467315=IfcFlowFitting
#	TMesh	1068129=IfcFlowFitting
0.0806593	-0.996721	7.88534e-009	0	-0.996721	-0.0806593	4.5358e-006	0	-4.52039e-006	-3.73722e-007	-0.999979	0	148.06	81.7663	1.99189	1

COMPONENTFINISH

COMPONENT 1467455=IfcFlowFitting
#	TMesh	1068267=IfcFlowFitting
-0.080575	0.99675	1.23123e-008	0	-0.99675	-0.080575	-3.44468e-006	0	3.43248e-006	2.89827e-007	-1	0	154.684	-0.114883	1.99246	1

COMPONENTFINISH

COMPONENT 1467595=IfcFlowFitting
#	TMesh	1004891=IfcFlowFitting
0.999954	-1.96174e-005	-5.73417e-007	0	1.96174e-005	0.999954	-1.10249e-005	0	-5.73633e-007	-1.10249e-005	-0.999954	0	-12.4961	71.3235	1.52384	1

COMPONENTFINISH

COMPONENT 1467735=IfcFlowFitting
#	TMesh	1072545=IfcFlowFitting
0.081423	-0.996214	8.72518e-007	0	0.996214	0.081423	5.2942e-005	0	-5.28371e-005	-3.44305e-006	0.999536	0	1.58541	11.1528	-0.447522	1

COMPONENTFINISH

COMPONENT 1467849=IfcFlowFitting
#	TMesh	1072657=IfcFlowFitting
-0.0806583	0.996658	2.77615e-009	0	0.996658	0.0806583	8.09767e-007	0	8.06905e-007	6.8087e-008	-0.999917	0	-0.751976	36.974	1.99183	1

COMPONENTFINISH

COMPONENT 1467989=IfcFlowFitting
#	TMesh	1072545=IfcFlowFitting
0.0801377	-0.996743	-6.33854e-007	0	0.996743	0.0801377	5.11248e-005	0	-5.09097e-005	-4.72902e-006	0.999959	0	1.80914	7.68039	-0.447627	1

COMPONENTFINISH

COMPONENT 1468103=IfcFlowFitting
#	TMesh	1072657=IfcFlowFitting
0.0808976	-0.996688	3.28547e-008	0	0.996688	0.0808976	-1.23662e-005	0	1.2323e-005	1.03318e-006	0.999965	0	1.62463	7.59278	-0.266599	1

COMPONENTFINISH

COMPONENT 1468243=IfcFlowFitting
#	TMesh	1072795=IfcFlowFitting
0.0803896	-0.996596	-6.06561e-008	0	-0.996596	-0.0803896	-1.70988e-005	0	-1.70386e-005	-1.43526e-006	0.999833	0	179.568	21.9932	-0.266064	1

COMPONENTFINISH

COMPONENT 1468383=IfcFlowFitting
#	TMesh	1068129=IfcFlowFitting
-0.0807448	0.996863	4.42751e-009	0	-0.996863	-0.0807448	-5.27734e-006	0	-5.25975e-006	-4.30476e-007	1.00013	0	155.352	-8.18115	-0.267576	1

COMPONENTFINISH

COMPONENT 1468523=IfcFlowFitting
#	TMesh	1068267=IfcFlowFitting
-0.0806014	0.996836	1.07783e-008	0	-0.996836	-0.0806014	-2.01149e-006	0	2.00407e-006	1.72857e-007	-1.00009	0	155.345	-8.19012	1.99246	1

COMPONENTFINISH

COMPONENT 1468663=IfcFlowFitting
#	TMesh	1004891=IfcFlowFitting
0.987127	0.160611	1.62997e-005	0	0.160611	-0.987127	1.28857e-005	0	-1.81575e-005	1.01009e-005	1.00011	0	-4.83047	-23.681	0.199132	1

COMPONENTFINISH

COMPONENT 1468803=IfcFlowFitting
#	TMesh	1072545=IfcFlowFitting
0.081089	-0.996173	6.57401e-007	0	0.996173	0.081089	4.8987e-005	0	-4.88785e-005	-3.31919e-006	0.999468	0	2.16652	4.00869	-0.446851	1

COMPONENTFINISH

COMPONENT 1468917=IfcFlowFitting
#	TMesh	1072657=IfcFlowFitting
0.0811218	-0.996694	-9.09814e-010	0	0.996694	0.0811218	2.70928e-006	0	2.70028e-006	2.20691e-007	-0.99999	0	1.91771	3.98375	1.99196	1

COMPONENTFINISH

COMPONENT 1469057=IfcFlowFitting
#	TMesh	1072795=IfcFlowFitting
0.0811568	-0.996541	2.65663e-008	0	0.996541	0.0811568	1.69189e-005	0	1.68652e-005	1.34683e-006	-0.99984	0	1.53294	3.95136	1.99052	1

COMPONENTFINISH

COMPONENT 1469197=IfcFlowFitting
#	TMesh	1068129=IfcFlowFitting
0.0805928	-0.996807	7.43538e-010	0	-0.996807	-0.0805928	2.98707e-007	0	-2.97675e-007	-2.48133e-008	-1.00006	0	149.013	70.1036	1.99226	1

COMPONENTFINISH

COMPONENT 1469337=IfcFlowFitting
#	TMesh	1068267=IfcFlowFitting
-0.0800929	0.996803	-5.51733e-009	0	-0.996803	-0.0800929	3.59151e-007	0	3.57555e-007	3.42646e-008	1.00002	0	155.613	-11.8124	-0.267824	1

COMPONENTFINISH

COMPONENT 1469477=IfcFlowFitting
#	TMesh	1004891=IfcFlowFitting
-0.99995	0.000149295	2.76279e-007	0	-0.000149295	-0.99995	1.59191e-006	0	2.76517e-007	1.59187e-006	0.99995	0	170.511	-13.1278	0.200284	1

COMPONENTFINISH

COMPONENT 1469617=IfcFlowFitting
#	TMesh	1072545=IfcFlowFitting
0.0792502	-0.996141	-8.23379e-007	0	0.996141	0.0792502	4.32611e-005	0	-4.30598e-005	-4.25169e-006	0.999288	0	2.41229	0.895411	-0.446121	1

COMPONENTFINISH

COMPONENT 1469731=IfcFlowFitting
#	TMesh	1072657=IfcFlowFitting
0.0809069	-0.996699	6.02778e-010	0	0.996699	0.0809069	8.39499e-006	0	8.36752e-006	6.78628e-007	-0.999977	0	2.18098	0.714336	1.99142	1

COMPONENTFINISH

COMPONENT 1469871=IfcFlowFitting
#	TMesh	1072795=IfcFlowFitting
0.0808024	-0.996462	-1.08377e-005	0	0.996462	0.0808024	2.02219e-005	0	1.92798e-005	1.24367e-005	-0.999732	0	1.80212	0.694881	1.98997	1

COMPONENTFINISH

COMPONENT 1470011=IfcFlowFitting
#	TMesh	1068129=IfcFlowFitting
-0.080899	0.996787	4.30355e-009	0	-0.996787	-0.080899	-7.27125e-006	0	-7.24708e-006	-5.92488e-007	1.00006	0	155.911	-15.0453	-0.267373	1

COMPONENTFINISH

COMPONENT 1470151=IfcFlowFitting
#	TMesh	1068267=IfcFlowFitting
0.0806974	-0.996983	-3.11501e-009	0	-0.996983	-0.0806974	4.72775e-006	0	4.71259e-006	3.78319e-007	1.00024	0	149.288	66.8284	-0.268387	1

COMPONENTFINISH

COMPONENT 1470291=IfcFlowFitting
#	TMesh	1004891=IfcFlowFitting
-0.98698	-0.160822	-1.279e-007	0	-0.160822	0.98698	-2.1939e-005	0	3.65452e-006	-2.16328e-005	-0.999996	0	163.75	70.5396	1.52343	1

COMPONENTFINISH

COMPONENT 1482491=IfcFlowFitting
#	TMesh	1004790=IfcFlowFitting
0.999989	-3.51667e-006	3.30864e-009	0	3.51667e-006	0.999989	-8.57571e-009	0	3.30861e-009	-8.57572e-009	-0.999989	0	-6.78923	107.33	1.52399	1

COMPONENTFINISH

COMPONENT 1482574=IfcFlowFitting
#	TMesh	1004790=IfcFlowFitting
-0.999991	5.46798e-005	-7.07582e-009	0	-5.46798e-005	-0.999991	-1.51321e-009	0	-7.0759e-009	-1.51283e-009	0.999991	0	155.931	35.6611	0.200005	1

COMPONENTFINISH

COMPONENT 1482657=IfcFlowFitting
#	TMesh	1004790=IfcFlowFitting
0.999975	-3.06666e-005	4.31492e-011	0	3.06666e-005	0.999975	1.12946e-008	0	-4.34956e-011	-1.12946e-008	0.999975	0	-6.22765	100.426	0.200017	1

COMPONENTFINISH

COMPONENT 1482740=IfcFlowFitting
#	TMesh	1004790=IfcFlowFitting
0.999976	4.23789e-005	-1.90036e-009	0	-4.23789e-005	0.999976	-2.78626e-009	0	1.90024e-009	2.78634e-009	0.999976	0	-5.93956	96.8324	0.200015	1

COMPONENTFINISH

COMPONENT 1482823=IfcFlowFitting
#	TMesh	1004790=IfcFlowFitting
0.986959	0.160862	-1.7762e-009	0	0.160862	-0.986959	4.57077e-009	0	1.01779e-009	4.79698e-009	0.999983	0	0.90728	12.2798	0.20001	1

COMPONENTFINISH

COMPONENT 1482906=IfcFlowFitting
#	TMesh	1004790=IfcFlowFitting
0.999993	7.32467e-005	1.083e-008	0	-7.32467e-005	0.999993	2.24406e-009	0	1.08298e-008	2.24486e-009	-0.999993	0	-5.36035	89.6539	1.524	1

COMPONENTFINISH

COMPONENT 1482989=IfcFlowFitting
#	TMesh	1004790=IfcFlowFitting
0.986953	0.160912	1.54154e-009	0	0.160912	-0.986953	3.35043e-009	0	-2.06058e-009	3.05872e-009	0.999984	0	1.49097	5.09949	0.20001	1

COMPONENTFINISH

COMPONENT 1483072=IfcFlowFitting
#	TMesh	1004790=IfcFlowFitting
0.999971	-7.53254e-006	-5.37255e-010	0	7.53254e-006	0.999971	1.74201e-009	0	5.37242e-010	-1.74201e-009	0.999971	0	-4.77443	82.4832	0.20002	1

COMPONENTFINISH

COMPONENT 1483155=IfcFlowFitting
#	TMesh	1004790=IfcFlowFitting
0.999992	2.86847e-006	7.39722e-009	0	-2.86847e-006	0.999992	-1.33837e-009	0	7.39722e-009	-1.33835e-009	-0.999991	0	-6.40366	79.0404	1.52421	1

COMPONENTFINISH

COMPONENT 1483238=IfcFlowFitting
#	TMesh	1004790=IfcFlowFitting
-0.999989	-5.09918e-005	-1.49575e-009	0	5.09918e-005	-0.999989	3.7889e-009	0	-1.49594e-009	3.78882e-009	0.999989	0	156.366	6.81043	0.200225	1

COMPONENTFINISH

COMPONENT 1483321=IfcFlowFitting
#	TMesh	1004790=IfcFlowFitting
