COMPONENT 764168=IfcFlowTerminal
#	TMesh	1000018=IfcFlowTerminal
-0.996738	-0.0809955	0.000673165	0	-0.0809966	0.996736	-0.00188374	0	0.000518382	0.00193207	1.00002	0	75.5989	-68.818	-0.295009	1

COMPONENTFINISH

COMPONENT 764238=IfcFlowTerminal
#	TMesh	1000086=IfcFlowTerminal
0.996767	0.0803402	-3.83114e-005	0	-0.0803402	0.996767	2.15858e-005	0	3.99218e-005	-1.84381e-005	1	0	57.4557	-70.2824	-0.71969	1

COMPONENTFINISH

COMPONENT 764308=IfcFlowTerminal
#	TMesh	1000018=IfcFlowTerminal
-0.996731	-0.0808576	0.000773272	0	-0.080859	0.996729	-0.00200563	0	0.000608569	0.00206159	1	0	77.504	-68.6632	-0.284317	1

COMPONENTFINISH

COMPONENT 764378=IfcFlowTerminal
#	TMesh	1000086=IfcFlowTerminal
-0.996607	-0.0824812	0.000116039	0	0.0824812	-0.996607	0.00028	0	9.25494e-005	0.000288617	1.00001	0	61.9737	120.868	-0.745692	1

COMPONENTFINISH

COMPONENT 764448=IfcFlowTerminal
#	TMesh	1000018=IfcFlowTerminal
-0.996849	-0.0810493	0.000918939	0	0.0810475	-0.996848	-0.0018826	0	0.00106848	-0.00180194	1.00014	0	66.9709	121.275	-0.297431	1

COMPONENTFINISH

COMPONENT 764518=IfcFlowTerminal
#	TMesh	1000086=IfcFlowTerminal
-0.998728	0.0484471	0.000255623	0	0.0484472	0.998727	0.000195972	0	0.000245828	-0.000208127	0.999902	0	70.0878	-69.6299	-0.738711	1

COMPONENTFINISH

COMPONENT 764588=IfcFlowTerminal
#	TMesh	1000018=IfcFlowTerminal
0.996765	0.0806196	0.000839033	0	-0.0806177	0.996763	-0.00206909	0	-0.00100311	0.00199471	1.00002	0	67.6498	-69.4627	-0.278884	1

COMPONENTFINISH

COMPONENT 764658=IfcFlowTerminal
#	TMesh	1000086=IfcFlowTerminal
-0.996744	-0.0803674	-6.03554e-005	0	0.0803674	-0.996744	0.000165565	0	-7.34665e-005	0.000160178	0.999978	0	70.4247	121.531	-0.733133	1

COMPONENTFINISH

COMPONENT 764728=IfcFlowTerminal
#	TMesh	1000018=IfcFlowTerminal
0.996648	0.081209	2.31361e-005	0	0.0812089	-0.996646	-0.00186571	0	0.00012846	-0.00186143	0.999949	0	55.6531	120.333	-0.29078	1

COMPONENTFINISH

COMPONENT 764798=IfcFlowTerminal
#	TMesh	1000086=IfcFlowTerminal
-0.996767	-0.080869	3.97115e-005	0	0.080869	-0.996767	0.000361692	0	1.0333e-005	0.000363719	1.00004	0	73.7659	121.812	-0.752834	1

COMPONENTFINISH

COMPONENT 764868=IfcFlowTerminal
#	TMesh	1000018=IfcFlowTerminal
0.996707	0.0804012	-0.000220991	0	0.0804008	-0.996706	-0.00135495	0	0.000329221	-0.00133279	0.999943	0	59.1181	120.62	-0.337121	1

COMPONENTFINISH

COMPONENT 764938=IfcFlowTerminal
#	TMesh	1000086=IfcFlowTerminal
-0.996721	-0.0815656	0.000544276	0	0.0815657	-0.996721	0.000203554	0	0.00052586	0.000247268	1.00005	0	77.0869	122.089	-0.742395	1

COMPONENTFINISH

COMPONENT 765008=IfcFlowTerminal
#	TMesh	1000018=IfcFlowTerminal
-0.996789	-0.0807666	0.00161298	0	0.0807643	-0.996789	-0.00145768	0	0.00172543	-0.00132265	1.00005	0	80.5523	122.364	-0.34408	1

COMPONENTFINISH

COMPONENT 765078=IfcFlowTerminal
#	TMesh	1000086=IfcFlowTerminal
0.996603	0.0829701	0.000610988	0	-0.0829702	0.996603	0.000214832	0	-0.000591058	-0.000264783	1.00005	0	78.0421	-68.6426	-0.744067	1

COMPONENTFINISH

COMPONENT 765148=IfcFlowTerminal
#	TMesh	1000018=IfcFlowTerminal
0.996626	0.0806677	-0.000240585	0	0.0806671	-0.996624	-0.00193415	0	0.000395841	-0.00190843	0.999883	0	65.8713	121.159	-0.281828	1

COMPONENTFINISH

COMPONENT 765218=IfcFlowTerminal
#	TMesh	1000086=IfcFlowTerminal
0.998754	-0.0487726	0.000999132	0	-0.048773	-0.998755	0.000381407	0	-0.000979339	0.000429686	0.999944	0	78.1611	122.533	-0.76318	1

COMPONENTFINISH

COMPONENT 765288=IfcFlowTerminal
#	TMesh	1000018=IfcFlowTerminal
0.996633	0.0813818	0.000983107	0	0.0813835	-0.996632	-0.00188684	0	-0.000826281	-0.0019606	0.999949	0	69.1931	121.428	-0.297484	1

COMPONENTFINISH

COMPONENT 765358=IfcFlowTerminal
#	TMesh	1000086=IfcFlowTerminal
0.998771	-0.0496173	0.000378496	0	-0.0496174	-0.998772	0.000241959	0	-0.000366024	0.000260441	1	0	81.6287	122.818	-0.744431	1

COMPONENTFINISH

COMPONENT 765428=IfcFlowTerminal
#	TMesh	1000018=IfcFlowTerminal
-0.996722	-0.0806398	0.00135376	0	0.0806371	-0.996721	-0.00193856	0	0.00150568	-0.00182308	0.999977	0	90.7306	123.181	-0.295935	1

COMPONENTFINISH

COMPONENT 765498=IfcFlowTerminal
#	TMesh	1000086=IfcFlowTerminal
0.998818	-0.0505919	0.00019335	0	-0.050592	-0.998818	0.000218436	0	-0.000182053	0.000227937	1.0001	0	85.1094	123.105	-0.740731	1

COMPONENTFINISH

COMPONENT 765568=IfcFlowTerminal
#	TMesh	1000018=IfcFlowTerminal
-0.996712	-0.0815191	-0.00016758	0	-0.0815186	0.99671	-0.00199906	0	-0.000329976	0.00197874	1.00004	0	109.538	-66.065	-0.276421	1

COMPONENTFINISH

COMPONENT 765638=IfcFlowTerminal
#	TMesh	1000086=IfcFlowTerminal
0.998748	-0.0499174	0.000296645	0	-0.0499175	-0.998748	0.000265632	0	-0.000283015	0.000280108	0.999995	0	88.435	123.367	-0.745916	1

COMPONENTFINISH

COMPONENT 765708=IfcFlowTerminal
#	TMesh	1000018=IfcFlowTerminal
-0.996739	-0.0806125	0.00135183	0	-0.0806147	0.996739	-0.00161313	0	0.00121739	0.00171686	0.999992	0	112.64	-65.8172	-0.326881	1

COMPONENTFINISH

COMPONENT 765778=IfcFlowTerminal
#	TMesh	1000018=IfcFlowTerminal
-0.996665	-0.0808415	0.000718466	0	0.0808401	-0.996663	-0.00174952	0	0.000857556	-0.00168571	0.999936	0	60.5021	117.118	-0.308114	1

COMPONENTFINISH

COMPONENT 765848=IfcFlowTerminal
#	TMesh	1000086=IfcFlowTerminal
0.998896	-0.0503503	-5.54734e-005	0	-0.0503503	-0.998896	0.000163013	0	6.36095e-005	0.000160014	1.00016	0	54.8758	117.051	-0.733355	1

COMPONENTFINISH

COMPONENT 765918=IfcFlowTerminal
#	TMesh	1000018=IfcFlowTerminal
-0.996698	-0.0805871	0.00018645	0	-0.0805874	0.996696	-0.00180092	0	4.07054e-005	0.00181009	0.999949	0	77.7691	-72.2506	-0.298407	1

COMPONENTFINISH

COMPONENT 765988=IfcFlowTerminal
#	TMesh	1000086=IfcFlowTerminal
0.998768	-0.049777	0.000107571	0	-0.049777	-0.998767	0.000266096	0	-9.41927e-005	0.000271121	1.00001	0	56.7412	117.189	-0.744277	1

COMPONENTFINISH

COMPONENT 766058=IfcFlowTerminal
#	TMesh	1000018=IfcFlowTerminal
0.996667	0.0805943	0.000313518	0	-0.0805934	0.996664	-0.00211328	0	-0.000482829	0.00208114	0.999918	0	64.5498	-73.316	-0.269847	1

COMPONENTFINISH

COMPONENT 766128=IfcFlowTerminal
#	TMesh	1000086=IfcFlowTerminal
-0.996705	-0.0808746	0.000179012	0	0.0808746	-0.996705	0.000166001	0	0.000165	0.000179935	0.999981	0	67.2774	117.669	-0.735343	1

COMPONENTFINISH

COMPONENT 766198=IfcFlowTerminal
#	TMesh	1000018=IfcFlowTerminal
-0.99667	-0.0806671	0.000321796	0	-0.0806675	0.996668	-0.0017461	0	0.000179884	0.00176637	0.999927	0	86.0247	-71.5788	-0.304837	1

COMPONENTFINISH

COMPONENT 766268=IfcFlowTerminal
#	TMesh	1000086=IfcFlowTerminal
-0.996674	-0.0815693	0.000309878	0	0.0815694	-0.996674	0.000322415	0	0.000282546	0.000346617	1.00001	0	70.5996	117.947	-0.751464	1

COMPONENTFINISH

COMPONENT 766338=IfcFlowTerminal
#	TMesh	1000018=IfcFlowTerminal
-0.996739	-0.0802927	0.000955062	0	0.0802905	-0.996737	-0.00216186	0	0.00112556	-0.00207819	0.999965	0	74.1103	118.218	-0.271087	1

COMPONENTFINISH

COMPONENT 766408=IfcFlowTerminal
#	TMesh	1000086=IfcFlowTerminal
-0.998961	0.0478475	6.39598e-006	0	0.0478475	0.998961	5.20749e-005	0	3.89725e-006	-5.23213e-005	1.00011	0	77.216	-72.6862	-0.723241	1

COMPONENTFINISH

COMPONENT 766478=IfcFlowTerminal
#	TMesh	1000018=IfcFlowTerminal
0.99669	0.0809843	0.000379097	0	-0.0809835	0.996689	-0.00184287	0	-0.000527098	0.00180612	0.999973	0	74.7534	-72.4978	-0.296192	1

COMPONENTFINISH

COMPONENT 766548=IfcFlowTerminal
#	TMesh	1000086=IfcFlowTerminal
-0.99883	0.0489524	0.000163654	0	0.0489524	0.99883	9.16685e-005	0	0.000158971	-9.95696e-005	1.00003	0	80.4983	-72.409	-0.728254	1

COMPONENTFINISH

COMPONENT 766618=IfcFlowTerminal
#	TMesh	1000018=IfcFlowTerminal
-0.996823	-0.0806151	0.00126434	0	0.0806125	-0.996822	-0.00202102	0	0.00142314	-0.00191253	1.00008	0	80.858	118.778	-0.287359	1

COMPONENTFINISH

COMPONENT 766688=IfcFlowTerminal
#	TMesh	1000086=IfcFlowTerminal
-0.998861	0.0483037	1.84738e-005	0	0.0483037	0.998861	0.000399949	0	-8.66226e-007	-0.000400374	1.00003	0	83.9496	-72.1308	-0.756245	1

COMPONENTFINISH

COMPONENT 766758=IfcFlowTerminal
#	TMesh	1000018=IfcFlowTerminal
-0.99683	-0.0810393	0.000866381	0	0.0810375	-0.996828	-0.00200488	0	0.00102599	-0.00192809	1.00012	0	84.2069	119.057	-0.285311	1

COMPONENTFINISH

COMPONENT 766828=IfcFlowTerminal
#	TMesh	1000086=IfcFlowTerminal
0.998739	-0.0492118	0.00015395	0	-0.0492119	-0.998739	0.000289236	0	-0.000139529	0.000296462	0.999951	0	78.4917	118.948	-0.746769	1

COMPONENTFINISH

COMPONENT 766898=IfcFlowTerminal
#	TMesh	1000018=IfcFlowTerminal
0.996912	0.0803801	0.00226754	0	-0.0803755	0.996913	-0.00203081	0	-0.00242341	0.00184201	1.00015	0	84.862	-71.69	-0.295588	1

COMPONENTFINISH

COMPONENT 766968=IfcFlowTerminal
#	TMesh	1000086=IfcFlowTerminal
-0.998792	0.0480469	0.00120136	0	0.048047	0.998793	5.09649e-005	0	0.00119752	-0.000108631	0.999947	0	90.7483	-71.5734	-0.733606	1

COMPONENTFINISH

COMPONENT 767038=IfcFlowTerminal
#	TMesh	1000018=IfcFlowTerminal
0.996655	0.0812761	-7.46653e-005	0	0.0812758	-0.996653	-0.00199963	0	0.000236946	-0.00198695	0.999962	0	72.8818	118.118	-0.277172	1

COMPONENTFINISH

COMPONENT 767108=IfcFlowTerminal
#	TMesh	1000086=IfcFlowTerminal
0.998826	-0.0492499	0.000959073	0	-0.0492502	-0.998826	0.000252608	0	-0.000945469	0.000299534	1.00004	0	85.2743	119.506	-0.750799	1

COMPONENTFINISH

COMPONENT 767178=IfcFlowTerminal
#	TMesh	1000018=IfcFlowTerminal
0.996672	0.0805732	-0.000126028	0	-0.0805733	0.996671	-0.00183439	0	-2.21952e-005	0.00183858	0.999922	0	91.6585	-71.1195	-0.29238	1

COMPONENTFINISH

COMPONENT 767248=IfcFlowTerminal
#	TMesh	1000086=IfcFlowTerminal
-0.99883	0.0484647	0.000537781	0	0.048465	0.99883	0.000491923	0	0.000513308	-0.000517408	1.00001	0	97.4883	-71.0306	-0.76964	1

COMPONENTFINISH

COMPONENT 767318=IfcFlowTerminal
#	TMesh	1000018=IfcFlowTerminal
-0.99678	-0.0808463	0.000237061	0	0.0808456	-0.996778	-0.00204186	0	0.000401353	-0.00201601	1.00005	0	97.5815	120.133	-0.276036	1

COMPONENTFINISH

COMPONENT 767808=IfcFlowTerminal
#	TMesh	1000018=IfcFlowTerminal
-0.996657	-0.0812103	0.00101442	0	-0.0812121	0.996656	-0.00193116	0	0.000854231	0.00200716	0.999959	0	86.3423	-74.8622	-0.293558	1

COMPONENTFINISH

COMPONENT 767878=IfcFlowTerminal
#	TMesh	1000086=IfcFlowTerminal
0.998804	-0.0500473	-6.59314e-005	0	-0.0500472	-0.998804	0.000313838	0	8.15546e-005	0.000310145	1.00006	0	65.281	114.574	-0.747358	1

COMPONENTFINISH

COMPONENT 767948=IfcFlowTerminal
#	TMesh	1000018=IfcFlowTerminal
-0.996786	-0.0806175	0.00178796	0	-0.0806207	0.996786	-0.00177431	0	0.0016391	0.00191268	1.00004	0	89.6754	-74.6052	-0.315538	1

COMPONENTFINISH

COMPONENT 768018=IfcFlowTerminal
#	TMesh	1000086=IfcFlowTerminal
0.996767	0.0802658	0.000722485	0	-0.080266	0.996768	0.000340335	0	-0.000692836	-0.000397228	0.999994	0	71.5632	-76.06	-0.756881	1

COMPONENTFINISH

COMPONENT 768088=IfcFlowTerminal
#	TMesh	1000018=IfcFlowTerminal
-0.99681	-0.0810696	0.000686941	0	0.0810681	-0.996808	-0.00195019	0	0.000842764	-0.00188809	1.0001	0	77.6927	115.217	-0.288867	1

COMPONENTFINISH

COMPONENT 768158=IfcFlowTerminal
#	TMesh	1000086=IfcFlowTerminal
-0.998855	0.0488608	-0.000116338	0	0.0488607	0.998855	0.000334159	0	-0.000132526	-0.000328076	1.00005	0	80.7745	-75.6992	-0.748812	1

COMPONENTFINISH

COMPONENT 768228=IfcFlowTerminal
#	TMesh	1000018=IfcFlowTerminal
-0.996835	-0.0804011	0.00108289	0	0.080399	-0.996834	-0.00182932	0	0.00122645	-0.00173635	1.00007	0	81.1451	115.488	-0.303936	1

COMPONENTFINISH

COMPONENT 768298=IfcFlowTerminal
#	TMesh	1000086=IfcFlowTerminal
-0.998938	0.0483175	0.00015741	0	0.0483176	0.998938	0.000292805	0	0.00014308	-0.000300068	1.00011	0	84.2151	-75.4277	-0.747495	1

COMPONENTFINISH

COMPONENT 768368=IfcFlowTerminal
#	TMesh	1000018=IfcFlowTerminal
-0.996705	-0.081078	0.000232656	0	0.0810775	-0.996703	-0.00170616	0	0.000370223	-0.00168168	0.999996	0	84.4691	115.756	-0.307883	1

COMPONENTFINISH

COMPONENT 768438=IfcFlowTerminal
#	TMesh	1000086=IfcFlowTerminal
-0.99886	0.0489867	0.000946514	0	0.048987	0.99886	0.000305093	0	0.000930433	-0.000351091	1.00006	0	87.5378	-75.1516	-0.755716	1

COMPONENTFINISH

COMPONENT 768508=IfcFlowTerminal
#	TMesh	1000018=IfcFlowTerminal
-0.996679	-0.0806711	0.000540303	0	0.0806699	-0.996678	-0.00191251	0	0.000692834	-0.00186269	0.999937	0	87.8962	116.025	-0.291008	1

COMPONENTFINISH

COMPONENT 768578=IfcFlowTerminal
#	TMesh	1000086=IfcFlowTerminal
-0.99881	0.04848	0.000120561	0	0.04848	0.99881	0.000302769	0	0.000105741	-0.000308258	0.999986	0	90.9764	-74.8678	-0.747834	1

COMPONENTFINISH

COMPONENT 768648=IfcFlowTerminal
#	TMesh	1000018=IfcFlowTerminal
-0.996747	-0.0804375	0.000279185	0	0.0804368	-0.996745	-0.0020118	0	0.000440106	-0.00198282	0.999985	0	91.3081	116.304	-0.279235	1

COMPONENTFINISH

COMPONENT 768718=IfcFlowTerminal
#	TMesh	1000086=IfcFlowTerminal
0.996421	0.0836227	0.000260039	0	-0.0836227	0.996421	0.000368995	0	-0.000228269	-0.000389449	0.999924	0	88.8289	-74.6846	-0.755246	1

COMPONENTFINISH

COMPONENT 768788=IfcFlowTerminal
#	TMesh	1000018=IfcFlowTerminal
-0.996842	-0.0806601	0.00320118	0	0.0806544	-0.996846	-0.00188239	0	0.00334257	-0.00161809	1.0001	0	94.6745	116.59	-0.318147	1

COMPONENTFINISH

COMPONENT 768858=IfcFlowTerminal
#	TMesh	1000086=IfcFlowTerminal
0.998732	-0.0481835	0.00117905	0	-0.048184	-0.998733	0.000383798	0	-0.00115918	0.000440169	0.999894	0	88.8297	116.472	-0.764925	1

COMPONENTFINISH

COMPONENT 768928=IfcFlowTerminal
#	TMesh	1000018=IfcFlowTerminal
0.996715	0.0808777	0.00149559	0	-0.0808747	0.996714	-0.00193447	0	-0.00164714	0.00180718	0.999989	0	95.1444	-74.1572	-0.297633	1

COMPONENTFINISH

COMPONENT 775660=IfcStairFlight
#	Mesh	0	Begin

#	Vertex	708
70.8149	50.604	-4.63753
68.0241	50.3778	-4.63753
68.0251	50.3654	-4.63753
70.816	50.5915	-4.63753
70.8149	50.604	-4.50297
68.0241	50.3778	-4.50297
68.0251	50.3654	-4.50297
70.816	50.5915	-4.50297
68.0247	50.3704	-4.47383
68.0249	50.3678	-4.47406
68.0251	50.3652	-4.47473
68.0253	50.3629	-4.47584
68.0255	50.3607	-4.47734
68.0256	50.3589	-4.47919
68.0258	50.3574	-4.48133
68.0258	50.3563	-4.4837
68.0259	50.3556	-4.48623
68.0259	50.3554	-4.48883
68.0259	50.3556	-4.49143
68.0258	50.3563	-4.49396
68.0258	50.3574	-4.49633
68.0256	50.3589	-4.49847
68.0255	50.3607	-4.50032
68.0253	50.3629	-4.50182
68.0251	50.3652	-4.50293
68.0249	50.3678	-4.5036
68.0247	50.3704	-4.50383
68.0247	50.3704	-4.48883
68.0009	50.6644	-4.48883
68.0009	50.6644	-4.47383
70.8156	50.5965	-4.47383
70.8158	50.5939	-4.47406
70.816	50.5914	-4.47473
70.8162	50.589	-4.47584
70.8163	50.5869	-4.47734
70.8165	50.585	-4.47919
70.8166	50.5835	-4.48133
70.8167	50.5824	-4.4837
70.8167	50.5818	-4.48623
70.8168	50.5815	-4.48883
70.8167	50.5818	-4.49143
70.8167	50.5824	-4.49396
70.8166	50.5835	-4.49633
70.8165	50.585	-4.49847
70.8163	50.5869	-4.50032
70.8162	50.589	-4.50182
70.816	50.5914	-4.50293
70.8158	50.5939	-4.5036
70.8156	50.5965	-4.50383
70.8156	50.5965	-4.48883
70.7917	50.8905	-4.48883
70.7917	50.8905	-4.47383
70.7907	50.903	-4.48883
67.9999	50.6769	-4.48883
70.7907	50.903	-4.35427
67.9999	50.6769	-4.35427
68.0009	50.6644	-4.35427
70.7917	50.8905	-4.35427
68.0005	50.6694	-4.32513
68.0007	50.6668	-4.32536
68.0009	50.6643	-4.32603
68.0011	50.6619	-4.32714
68.0012	50.6598	-4.32864
68.0014	50.6579	-4.33049
68.0015	50.6564	-4.33263
68.0016	50.6553	-4.335
68.0017	50.6547	-4.33752
68.0017	50.6544	-4.34013
68.0017	50.6547	-4.34273
68.0016	50.6553	-4.34526
68.0015	50.6564	-4.34763
68.0014	50.6579	-4.34977
68.0012	50.6598	-4.35162
68.0011	50.6619	-4.35312
68.0009	50.6643	-4.35422
68.0007	50.6668	-4.3549
68.0005	50.6694	-4.35513
68.0005	50.6694	-4.34013
67.9766	50.9634	-4.34013
67.9766	50.9634	-4.32513
70.7913	50.8955	-4.32513
70.7915	50.8929	-4.32536
70.7917	50.8904	-4.32603
70.7919	50.888	-4.32714
70.7921	50.8859	-4.32864
70.7922	50.8841	-4.33049
70.7924	50.8826	-4.33263
70.7925	50.8815	-4.335
70.7925	50.8808	-4.33752
70.7925	50.8806	-4.34013
70.7925	50.8808	-4.34273
70.7925	50.8815	-4.34526
70.7924	50.8826	-4.34763
70.7922	50.8841	-4.34977
70.7921	50.8859	-4.35162
70.7919	50.888	-4.35312
70.7917	50.8904	-4.35422
70.7915	50.8929	-4.3549
70.7913	50.8955	-4.35513
70.7913	50.8955	-4.34013
70.7675	51.1895	-4.34013
70.7675	51.1895	-4.32513
70.7665	51.202	-4.34013
67.9756	50.9759	-4.34013
70.7665	51.202	-4.20557
67.9756	50.9759	-4.20557
67.9766	50.9634	-4.20557
70.7675	51.1895	-4.20557
67.9762	50.9684	-4.17643
67.9765	50.9658	-4.17665
67.9767	50.9633	-4.17733
67.9768	50.9609	-4.17844
67.977	50.9588	-4.17994
67.9772	50.9569	-4.18178
67.9773	50.9554	-4.18393
67.9774	50.9543	-4.1863
67.9774	50.9537	-4.18882
67.9775	50.9534	-4.19143
67.9774	50.9537	-4.19403
67.9774	50.9543	-4.19656
67.9773	50.9554	-4.19893
67.9772	50.9569	-4.20107
67.977	50.9588	-4.20292
67.9768	50.9609	-4.20442
67.9767	50.9633	-4.20552
67.9765	50.9658	-4.2062
67.9762	50.9684	-4.20643
67.9762	50.9684	-4.19143
67.9524	51.2624	-4.19143
67.9524	51.2624	-4.17643
70.7671	51.1945	-4.17643
70.7673	51.1919	-4.17665
70.7675	51.1894	-4.17733
70.7677	51.1871	-4.17844
70.7679	51.1849	-4.17994
70.768	51.1831	-4.18178
70.7681	51.1816	-4.18393
70.7682	51.1805	-4.1863
70.7683	51.1798	-4.18882
70.7683	51.1796	-4.19143
70.7683	51.1798	-4.19403
70.7682	51.1805	-4.19656
70.7681	51.1816	-4.19893
70.768	51.1831	-4.20107
70.7679	51.1849	-4.20292
70.7677	51.1871	-4.20442
70.7675	51.1894	-4.20552
70.7673	51.1919	-4.2062
70.7671	51.1945	-4.20643
70.7671	51.1945	-4.19143
70.7433	51.4886	-4.19143
70.7433	51.4886	-4.17643
70.7423	51.501	-4.19143
67.9514	51.2749	-4.19143
70.7423	51.501	-4.05687
67.9514	51.2749	-4.05687
67.9524	51.2624	-4.05687
70.7433	51.4886	-4.05687
67.952	51.2674	-4.02772
67.9522	51.2648	-4.02795
67.9524	51.2623	-4.02863
67.9526	51.2599	-4.02973
67.9528	51.2578	-4.03123
67.9529	51.256	-4.03308
67.9531	51.2545	-4.03522
67.9531	51.2534	-4.03759
67.9532	51.2527	-4.04012
67.9532	51.2525	-4.04272
67.9532	51.2527	-4.04533
67.9531	51.2534	-4.04785
67.9531	51.2545	-4.05022
67.9529	51.256	-4.05237
67.9528	51.2578	-4.05421
67.9526	51.2599	-4.05571
67.9524	51.2623	-4.05682
67.9522	51.2648	-4.0575
67.952	51.2674	-4.05772
67.952	51.2674	-4.04272
67.9282	51.5615	-4.04272
67.9282	51.5615	-4.02772
70.7429	51.4935	-4.02772
70.7431	51.491	-4.02795
70.7433	51.4884	-4.02863
70.7435	51.4861	-4.02973
70.7436	51.4839	-4.03123
70.7438	51.4821	-4.03308
70.7439	51.4806	-4.03522
70.744	51.4795	-4.03759
70.7441	51.4788	-4.04012
70.7441	51.4786	-4.04272
70.7441	51.4788	-4.04533
70.744	51.4795	-4.04785
70.7439	51.4806	-4.05022
70.7438	51.4821	-4.05237
70.7436	51.4839	-4.05421
70.7435	51.4861	-4.05571
70.7433	51.4884	-4.05682
70.7431	51.491	-4.0575
70.7429	51.4935	-4.05772
70.7429	51.4935	-4.04272
70.719	51.7876	-4.04272
70.719	51.7876	-4.02772
70.718	51.8	-4.04272
67.9272	51.5739	-4.04272
70.718	51.8	-3.90816
67.9272	51.5739	-3.90816
67.9282	51.5615	-3.90816
70.719	51.7876	-3.90816
67.9278	51.5664	-3.87902
67.928	51.5638	-3.87925
67.9282	51.5613	-3.87993
67.9284	51.559	-3.88103
67.9286	51.5568	-3.88253
67.9287	51.555	-3.88438
67.9288	51.5535	-3.88652
67.9289	51.5524	-3.88889
67.929	51.5517	-3.89142
67.929	51.5515	-3.89402
67.929	51.5517	-3.89663
67.9289	51.5524	-3.89915
67.9288	51.5535	-3.90152
67.9287	51.555	-3.90366
67.9286	51.5568	-3.90551
67.9284	51.559	-3.90701
67.9282	51.5613	-3.90812
67.928	51.5638	-3.90879
67.9278	51.5664	-3.90902
67.9278	51.5664	-3.89402
67.904	51.8605	-3.89402
67.904	51.8605	-3.87902
70.7186	51.7926	-3.87902
70.7189	51.79	-3.87925
70.7191	51.7875	-3.87993
70.7192	51.7851	-3.88103
70.7194	51.783	-3.88253
70.7196	51.7811	-3.88438
70.7197	51.7796	-3.88652
70.7198	51.7785	-3.88889
70.7198	51.7778	-3.89142
70.7199	51.7776	-3.89402
70.7198	51.7778	-3.89663
70.7198	51.7785	-3.89915
70.7197	51.7796	-3.90152
70.7196	51.7811	-3.90366
70.7194	51.783	-3.90551
70.7192	51.7851	-3.90701
70.7191	51.7875	-3.90812
70.7189	51.79	-3.90879
70.7186	51.7926	-3.90902
70.7186	51.7926	-3.89402
70.6948	52.0866	-3.89402
70.6948	52.0866	-3.87902
70.6938	52.0991	-3.89402
67.903	51.8729	-3.89402
70.6938	52.0991	-3.75946
67.903	51.8729	-3.75946
67.904	51.8605	-3.75946
70.6948	52.0866	-3.75946
67.9036	51.8655	-3.73032
67.9038	51.8629	-3.73055
67.904	51.8603	-3.73122
67.9042	51.858	-3.73233
67.9043	51.8558	-3.73383
67.9045	51.854	-3.73568
67.9046	51.8525	-3.73782
67.9047	51.8514	-3.74019
67.9048	51.8507	-3.74271
67.9048	51.8505	-3.74532
67.9048	51.8507	-3.74792
67.9047	51.8514	-3.75045
67.9046	51.8525	-3.75282
67.9045	51.854	-3.75496
67.9043	51.8558	-3.75681
67.9042	51.858	-3.75831
67.904	51.8603	-3.75941
67.9038	51.8629	-3.76009
67.9036	51.8655	-3.76032
67.9036	51.8655	-3.74532
67.8797	52.1595	-3.74532
67.8797	52.1595	-3.73032
70.6944	52.0916	-3.73032
70.6946	52.089	-3.73055
70.6948	52.0865	-3.73122
70.695	52.0841	-3.73233
70.6952	52.082	-3.73383
70.6953	52.0801	-3.73568
70.6955	52.0786	-3.73782
70.6955	52.0775	-3.74019
70.6956	52.0769	-3.74271
70.6956	52.0766	-3.74532
70.6956	52.0769	-3.74792
70.6955	52.0775	-3.75045
70.6955	52.0786	-3.75282
70.6953	52.0801	-3.75496
70.6952	52.082	-3.75681
70.695	52.0841	-3.75831
70.6948	52.0865	-3.75941
70.6946	52.089	-3.76009
70.6944	52.0916	-3.76032
70.6944	52.0916	-3.74532
70.6706	52.3856	-3.74532
70.6706	52.3856	-3.73032
70.6696	52.3981	-3.74532
67.8787	52.172	-3.74532
70.6696	52.3981	-3.61076
67.8787	52.172	-3.61076
67.8797	52.1595	-3.61076
70.6706	52.3856	-3.61076
67.8793	52.1645	-3.58162
67.8795	52.1619	-3.58184
67.8797	52.1594	-3.58252
67.8799	52.157	-3.58363
67.8801	52.1549	-3.58513
67.8803	52.153	-3.58698
67.8804	52.1515	-3.58912
67.8805	52.1504	-3.59149
67.8805	52.1498	-3.59401
67.8805	52.1495	-3.59662
67.8805	52.1498	-3.59922
67.8805	52.1504	-3.60175
67.8804	52.1515	-3.60412
67.8803	52.153	-3.60626
67.8801	52.1549	-3.60811
67.8799	52.157	-3.60961
67.8797	52.1594	-3.61071
67.8795	52.1619	-3.61139
67.8793	52.1645	-3.61162
67.8793	52.1645	-3.59662
67.8555	52.4585	-3.59662
67.8555	52.4585	-3.58162
70.6702	52.3906	-3.58162
70.6704	52.388	-3.58184
70.6706	52.3855	-3.58252
70.6708	52.3831	-3.58363
70.671	52.381	-3.58513
70.6711	52.3792	-3.58698
70.6712	52.3777	-3.58912
70.6713	52.3766	-3.59149
70.6714	52.3759	-3.59401
70.6714	52.3757	-3.59662
70.6714	52.3759	-3.59922
70.6713	52.3766	-3.60175
70.6712	52.3777	-3.60412
70.6711	52.3792	-3.60626
70.671	52.381	-3.60811
70.6708	52.3831	-3.60961
70.6706	52.3855	-3.61071
70.6704	52.388	-3.61139
70.6702	52.3906	-3.61162
70.6702	52.3906	-3.59662
70.6464	52.6846	-3.59662
70.6464	52.6846	-3.58162
70.6453	52.6971	-3.59662
67.8545	52.471	-3.59662
70.6453	52.6971	-3.46206
67.8545	52.471	-3.46206
67.8555	52.4585	-3.46206
70.6464	52.6846	-3.46206
67.8551	52.4635	-3.43291
67.8553	52.4609	-3.43314
67.8555	52.4584	-3.43382
67.8557	52.456	-3.43492
67.8559	52.4539	-3.43642
67.856	52.452	-3.43827
67.8561	52.4506	-3.44041
67.8562	52.4494	-3.44278
67.8563	52.4488	-3.44531
67.8563	52.4485	-3.44791
67.8563	52.4488	-3.45052
67.8562	52.4494	-3.45305
67.8561	52.4506	-3.45541
67.856	52.452	-3.45756
67.8559	52.4539	-3.45941
67.8557	52.456	-3.46091
67.8555	52.4584	-3.46201
67.8553	52.4609	-3.46269
67.8551	52.4635	-3.46291
67.8551	52.4635	-3.44791
67.8313	52.7575	-3.44791
67.8313	52.7575	-3.43291
70.646	52.6896	-3.43291
70.6462	52.687	-3.43314
70.6464	52.6845	-3.43382
70.6466	52.6822	-3.43492
70.6467	52.68	-3.43642
70.6469	52.6782	-3.43827
70.647	52.6767	-3.44041
70.6471	52.6756	-3.44278
70.6471	52.6749	-3.44531
70.6472	52.6747	-3.44791
70.6471	52.6749	-3.45052
70.6471	52.6756	-3.45305
70.647	52.6767	-3.45541
70.6469	52.6782	-3.45756
70.6467	52.68	-3.45941
70.6466	52.6822	-3.46091
70.6464	52.6845	-3.46201
70.6462	52.687	-3.46269
70.646	52.6896	-3.46291
70.646	52.6896	-3.44791
70.6221	52.9837	-3.44791
70.6221	52.9837	-3.43291
70.6211	52.9961	-3.44791
67.8303	52.77	-3.44791
70.6211	52.9961	-3.31335
67.8303	52.77	-3.31335
67.8313	52.7575	-3.31335
70.6221	52.9837	-3.31335
67.8309	52.7625	-3.28421
67.8311	52.7599	-3.28444
67.8313	52.7574	-3.28512
67.8315	52.755	-3.28622
67.8316	52.7529	-3.28772
67.8318	52.7511	-3.28957
67.8319	52.7496	-3.29171
67.832	52.7485	-3.29408
67.8321	52.7478	-3.29661
67.8321	52.7476	-3.29921
67.8321	52.7478	-3.30182
67.832	52.7485	-3.30434
67.8319	52.7496	-3.30671
67.8318	52.7511	-3.30885
67.8316	52.7529	-3.3107
67.8315	52.755	-3.3122
67.8313	52.7574	-3.31331
67.8311	52.7599	-3.31398
67.8309	52.7625	-3.31421
67.8309	52.7625	-3.29921
67.807	53.0566	-3.29921
67.807	53.0566	-3.28421
70.6217	52.9886	-3.28421
70.6219	52.9861	-3.28444
70.6221	52.9835	-3.28512
70.6223	52.9812	-3.28622
70.6225	52.979	-3.28772
70.6226	52.9772	-3.28957
70.6228	52.9757	-3.29171
70.6229	52.9746	-3.29408
70.6229	52.9739	-3.29661
70.6229	52.9737	-3.29921
70.6229	52.9739	-3.30182
70.6229	52.9746	-3.30434
70.6228	52.9757	-3.30671
70.6226	52.9772	-3.30885
70.6225	52.979	-3.3107
70.6223	52.9812	-3.3122
70.6221	52.9835	-3.31331
70.6219	52.9861	-3.31398
70.6217	52.9886	-3.31421
70.6217	52.9886	-3.29921
70.5979	53.2827	-3.29921
70.5979	53.2827	-3.28421
70.5969	53.2951	-3.29921
67.806	53.069	-3.29921
70.5969	53.2951	-3.16465
67.806	53.069	-3.16465
67.807	53.0566	-3.16465
70.5979	53.2827	-3.16465
67.8066	53.0615	-3.13551
67.8069	53.0589	-3.13574
67.8071	53.0564	-3.13642
67.8072	53.0541	-3.13752
67.8074	53.0519	-3.13902
67.8076	53.0501	-3.14087
67.8077	53.0486	-3.14301
67.8078	53.0475	-3.14538
67.8078	53.0468	-3.14791
67.8079	53.0466	-3.15051
67.8078	53.0468	-3.15312
67.8078	53.0475	-3.15564
67.8077	53.0486	-3.15801
67.8076	53.0501	-3.16015
67.8074	53.0519	-3.162
67.8072	53.0541	-3.1635
67.8071	53.0564	-3.16461
67.8069	53.0589	-3.16528
67.8066	53.0615	-3.16551
67.8066	53.0615	-3.15051
67.7828	53.3556	-3.15051
67.7828	53.3556	-3.13551
70.5975	53.2877	-3.13551
70.5977	53.2851	-3.13574
70.5979	53.2826	-3.13642
70.5981	53.2802	-3.13752
70.5983	53.2781	-3.13902
70.5984	53.2762	-3.14087
70.5985	53.2747	-3.14301
70.5986	53.2736	-3.14538
70.5987	53.2729	-3.14791
70.5987	53.2727	-3.15051
70.5987	53.2729	-3.15312
70.5986	53.2736	-3.15564
70.5985	53.2747	-3.15801
70.5984	53.2762	-3.16015
70.5983	53.2781	-3.162
70.5981	53.2802	-3.1635
70.5979	53.2826	-3.16461
70.5977	53.2851	-3.16528
70.5975	53.2877	-3.16551
70.5975	53.2877	-3.15051
70.5737	53.5817	-3.15051
70.5737	53.5817	-3.13551
70.5727	53.5942	-3.15051
67.7818	53.368	-3.15051
70.5727	53.5942	-3.01595
67.7818	53.368	-3.01595
67.7828	53.3556	-3.01595
70.5737	53.5817	-3.01595
67.7824	53.3606	-2.98681
67.7826	53.358	-2.98704
67.7828	53.3554	-2.98771
67.783	53.3531	-2.98882
67.7832	53.3509	-2.99032
67.7833	53.3491	-2.99217
67.7835	53.3476	-2.99431
67.7836	53.3465	-2.99668
67.7836	53.3458	-2.9992
67.7836	53.3456	-3.00181
67.7836	53.3458	-3.00441
67.7836	53.3465	-3.00694
67.7835	53.3476	-3.00931
67.7833	53.3491	-3.01145
67.7832	53.3509	-3.0133
67.783	53.3531	-3.0148
67.7828	53.3554	-3.0159
67.7826	53.358	-3.01658
67.7824	53.3606	-3.01681
67.7824	53.3606	-3.00181
67.7586	53.6546	-3.00181
67.7586	53.6546	-2.98681
70.5733	53.5867	-2.98681
70.5735	53.5841	-2.98704
70.5737	53.5816	-2.98771
70.5739	53.5792	-2.98882
70.574	53.5771	-2.99032
70.5742	53.5752	-2.99217
70.5743	53.5737	-2.99431
70.5744	53.5726	-2.99668
70.5745	53.572	-2.9992
70.5745	53.5717	-3.00181
70.5745	53.572	-3.00441
70.5744	53.5726	-3.00694
70.5743	53.5737	-3.00931
70.5742	53.5752	-3.01145
70.574	53.5771	-3.0133
70.5739	53.5792	-3.0148
70.5737	53.5816	-3.0159
70.5735	53.5841	-3.01658
70.5733	53.5867	-3.01681
70.5733	53.5867	-3.00181
70.5494	53.8807	-3.00181
70.5494	53.8807	-2.98681
70.5484	53.8932	-3.00181
67.7576	53.6671	-3.00181
70.5484	53.8932	-2.86725
67.7576	53.6671	-2.86725
67.7586	53.6546	-2.86725
70.5494	53.8807	-2.86725
67.7582	53.6596	-2.83811
67.7584	53.657	-2.83833
67.7586	53.6545	-2.83901
67.7588	53.6521	-2.84012
67.759	53.65	-2.84162
67.7591	53.6481	-2.84346
67.7592	53.6466	-2.84561
67.7593	53.6455	-2.84798
67.7594	53.6449	-2.8505
67.7594	53.6446	-2.85311
67.7594	53.6449	-2.85571
67.7593	53.6455	-2.85824
67.7592	53.6466	-2.86061
67.7591	53.6481	-2.86275
67.759	53.65	-2.8646
67.7588	53.6521	-2.8661
67.7586	53.6545	-2.8672
67.7584	53.657	-2.86788
67.7582	53.6596	-2.86811
67.7582	53.6596	-2.85311
67.7344	53.9536	-2.85311
67.7344	53.9536	-2.83811
70.549	53.8857	-2.83811
70.5493	53.8831	-2.83833
70.5495	53.8806	-2.83901
70.5496	53.8782	-2.84012
70.5498	53.8761	-2.84162
70.55	53.8743	-2.84346
70.5501	53.8728	-2.84561
70.5502	53.8717	-2.84798
70.5502	53.871	-2.8505
70.5503	53.8708	-2.85311
70.5502	53.871	-2.85571
70.5502	53.8717	-2.85824
70.5501	53.8728	-2.86061
70.55	53.8743	-2.86275
70.5498	53.8761	-2.8646
70.5496	53.8782	-2.8661
70.5495	53.8806	-2.8672
70.5493	53.8831	-2.86788
70.549	53.8857	-2.86811
70.549	53.8857	-2.85311
70.5252	54.1797	-2.85311
70.5252	54.1797	-2.83811
70.5242	54.1922	-2.85311
67.7334	53.9661	-2.85311
70.5242	54.1922	-2.71855
67.7334	53.9661	-2.71855
67.7344	53.9536	-2.71855
70.5252	54.1797	-2.71855
67.734	53.9586	-2.6894
67.7342	53.956	-2.68963
67.7344	53.9535	-2.69031
67.7346	53.9511	-2.69141
67.7347	53.949	-2.69291
67.7349	53.9471	-2.69476
67.735	53.9456	-2.6969
67.7351	53.9445	-2.69927
67.7351	53.9439	-2.7018
67.7352	53.9436	-2.7044
67.7351	53.9439	-2.70701
67.7351	53.9445	-2.70953
67.735	53.9456	-2.7119
67.7349	53.9471	-2.71405
67.7347	53.949	-2.7159
67.7346	53.9511	-2.71739
67.7344	53.9535	-2.7185
67.7342	53.956	-2.71918
67.734	53.9586	-2.7194
67.734	53.9586	-2.7044
67.7101	54.2526	-2.7044
67.7101	54.2526	-2.6894
70.5248	54.1847	-2.6894
70.525	54.1821	-2.68963
70.5252	54.1796	-2.69031
70.5254	54.1773	-2.69141
70.5256	54.1751	-2.69291
70.5257	54.1733	-2.69476
70.5259	54.1718	-2.6969
70.5259	54.1707	-2.69927
70.526	54.17	-2.7018
70.526	54.1698	-2.7044
70.526	54.17	-2.70701
70.5259	54.1707	-2.70953
70.5259	54.1718	-2.7119
70.5257	54.1733	-2.71405
70.5256	54.1751	-2.7159
70.5254	54.1773	-2.71739
70.5252	54.1796	-2.7185
70.525	54.1821	-2.71918
70.5248	54.1847	-2.7194
70.5248	54.1847	-2.7044
70.501	54.4788	-2.7044
70.501	54.4788	-2.6894
70.4758	54.7902	-2.5557
67.6849	54.5641	-2.5557
67.6859	54.5517	-2.5557
70.4768	54.7778	-2.5557
70.4758	54.7902	-2.42114
67.6849	54.5641	-2.42114
67.6859	54.5517	-2.42114
70.4768	54.7778	-2.42114
70.5	54.4912	-2.7044
67.7091	54.2651	-2.7044
70.5	54.4912	-2.56984
67.7091	54.2651	-2.56984
67.7101	54.2526	-2.56984
70.501	54.4788	-2.56984
67.7097	54.2576	-2.5407
67.7099	54.255	-2.54093
67.7101	54.2525	-2.54161
67.7103	54.2501	-2.54271
67.7105	54.248	-2.54421
67.7107	54.2462	-2.54606
67.7108	54.2447	-2.5482
67.7109	54.2436	-2.55057
67.7109	54.2429	-2.5531
67.7109	54.2427	-2.5557
67.7109	54.2429	-2.55831
67.7109	54.2436	-2.56083
67.7108	54.2447	-2.5632
67.7107	54.2462	-2.56534
67.7105	54.248	-2.56719
67.7103	54.2501	-2.56869
67.7101	54.2525	-2.5698
67.7099	54.255	-2.57047
67.7097	54.2576	-2.5707
67.7097	54.2576	-2.5557
67.6859	54.5517	-2.5407
70.5006	54.4838	-2.5407
70.5008	54.4812	-2.54093
70.501	54.4786	-2.54161
70.5012	54.4763	-2.54271
70.5014	54.4741	-2.54421
70.5015	54.4723	-2.54606
70.5016	54.4708	-2.5482
70.5017	54.4697	-2.55057
70.5018	54.469	-2.5531
70.5018	54.4688	-2.5557
70.5018	54.469	-2.55831
70.5017	54.4697	-2.56083
70.5016	54.4708	-2.5632
70.5015	54.4723	-2.56534
70.5014	54.4741	-2.56719
70.5012	54.4763	-2.56869
70.501	54.4786	-2.5698
70.5008	54.4812	-2.57047
70.5006	54.4838	-2.5707
70.5006	54.4838	-2.5557
70.4768	54.7778	-2.5407

#	Triangle	208
3	4	7	0	4	3	50	54	57	52	54	50	300	304	307	302	304	300	400	404	407	402	404	400	450	454	457	452	454	450	655	656	659	652	656	655	650	662	665	660	662	650
0	5	4	1	5	0	26	49	48	27	49	26	52	55	54	53	55	52	78	101	100	79	101	78	102	105	104	103	105	102	128	151	150	129	151	128	178	201	200	179	201	178	226	249	248	227	249	226	228	251	250	229	251	228	276	299	298	277	299	276	278	301	300	279	301	278	302	305	304	303	305	302	326	349	348	327	349	326	352	355	354	353	355	352	376	399	398	377	399	376	402	405	404	403	405	402	426	449	448	427	449	426	452	455	454	453	455	452	478	501	500	479	501	478	502	505	504	503	505	502	528	551	550	529	551	528	576	599	598	577	599	576	578	601	600	579	601	578	626	649	648	627	649	626	628	651	650	629	651	628	652	657	656	653	657	652	660	663	662	661	663	660	684	706	705	685	706	684	654	707	655	686	707	654
1	6	5	2	6	1	103	106	105	78	106	103	353	356	355	328	356	353	403	406	405	378	406	403	453	456	455	428	456	453
2	7	6	3	7	2	28	57	56	50	57	28	328	357	356	350	357	328	378	407	406	400	407	378	428	457	456	450	457	428
3	1	0	2	1	3	27	50	49	28	50	27	50	53	52	28	53	50	77	100	99	78	100	77	100	103	102	78	103	100	127	150	149	128	150	127	150	153	152	128	153	150	177	200	199	178	200	177	200	203	202	178	203	200	227	250	249	228	250	227	250	253	252	228	253	250	277	300	299	278	300	277	300	303	302	278	303	300	327	350	349	328	350	327	350	353	352	328	353	350	377	400	399	378	400	377	400	403	402	378	403	400	427	450	449	428	450	427	450	453	452	428	453	450	477	500	499	478	500	477	500	503	502	478	503	500	527	550	549	528	550	527	550	553	552	528	553	550	577	600	599	578	600	577	600	603	602	578	603	600	627	650	649	628	650	627	655	653	652	654	653	655	650	661	660	628	661	650	685	655	706	654	655	685
4	6	7	5	6	4	29	30	51	8	30	29	54	56	57	55	56	54	79	80	101	58	80	79	104	106	107	105	106	104	129	130	151	108	130	129	154	156	157	155	156	154	179	180	201	158	180	179	204	206	207	205	206	204	229	230	251	208	230	229	254	256	257	255	256	254	279	280	301	258	280	279	304	306	307	305	306	304	329	330	351	308	330	329	354	356	357	355	356	354	379	380	401	358	380	379	404	406	407	405	406	404	429	430	451	408	430	429	454	456	457	455	456	454	479	480	501	458	480	479	504	506	507	505	506	504	529	530	551	508	530	529	554	556	557	555	556	554	579	580	601	558	580	579	604	606	607	605	606	604	629	630	651	608	630	629	656	658	659	657	658	656	662	664	665	663	664	662	686	687	707	666	687	686
8	31	30
9	31	8	58	81	80	108	131	130	309	331	308	359	381	358	409	431	408
9	32	31	160	182	159	610	632	609	667	689	688
10	32	9	59	82	81	109	132	131	159	182	181	310	332	309	360	382	359	410	432	409	459	482	481	509	532	531	559	582	581	668	689	667
10	33	32	111	133	110	161	183	160	311	333	310	360	383	382	410	433	432	511	533	510	561	583	560	610	633	632	611	633	610	668	690	689
11	33	10	110	133	132	411	433	410	460	483	482	510	533	532	560	583	582
11	34	33	61	84	83
12	34	11	62	84	61	111	134	133	112	134	111
12	35	34	13	35	12	62	85	84	112	135	134	312	335	334	313	335	312
13	36	35	413	436	435
14	36	13	63	86	85	364	386	363	414	436	413
14	37	36	15	37	14
15	38	37	266	288	265	315	338	337	365	388	387
16	38	15	65	88	87	66	88	65	115	138	137	116	138	115	265	288	287	316	338	315	366	388	365
16	39	38	416	439	438
17	39	16	417	439	416
17	40	39
18	40	17	67	90	89	68	90	67	117	140	139	118	140	117
18	41	40	569	591	568
19	41	18	568	591	590
19	42	41	20	42	19	370	392	369	419	442	441	420	442	419	677	699	698
20	43	42
21	43	20	70	93	92
21	44	43	22	44	21	71	94	93	121	144	143	521	544	543	522	544	521
22	45	44	72	95	94
23	45	22	73	95	72
23	46	45	124	146	123	174	196	173	373	396	395	423	446	445	524	546	523	574	596	573
24	46	23	123	146	145	424	446	423	473	496	495	523	546	545	573	596	595
24	47	46	175	197	174	682	704	703
25	47	24	74	97	96	124	147	146	174	197	196	325	347	324	375	397	374	425	447	424	474	497	496	524	547	546	574	597	596	683	704	682
25	48	47
26	48	25	75	98	97	125	148	147
28	51	50	29	51	28	76	99	98	77	99	76	126	149	148	127	149	126	152	155	154	153	155	152	176	199	198	177	199	176	202	205	204	203	205	202	252	255	254	253	255	252	328	351	350	329	351	328	378	401	400	379	401	378	428	451	450	429	451	428	476	499	498	477	499	476	526	549	548	527	549	526	552	555	554	553	555	552	602	605	604	603	605	602
16	18	17	66	68	67	116	118	117	166	168	167	216	218	217	266	268	267	316	318	317	366	368	367	416	418	417	466	468	467	516	518	517	566	568	567	616	618	617	674	676	675
15	18	16	65	68	66	115	118	116	165	168	166	215	218	216	265	268	266	315	318	316	365	368	366	415	418	416	465	468	466	515	518	516	565	568	566	615	618	616	673	676	674
15	19	18	65	69	68	115	119	118	165	169	168	215	219	218	265	269	268	315	319	318	365	369	368	415	419	418	465	469	468	515	519	518	565	569	568	615	619	618	673	677	676
14	19	15	64	69	65	114	119	115	164	169	165	214	219	215	264	269	265	314	319	315	364	369	365	414	419	415	464	469	465	514	519	515	564	569	565	614	619	615	672	677	673
14	20	19	64	70	69	114	120	119	164	170	169	214	220	219	264	270	269	314	320	319	364	370	369	414	420	419	464	470	469	514	520	519	564	570	569	614	620	619
13	20	14	63	70	64	113	120	114	163	170	164	213	220	214	263	270	264	313	320	314	363	370	364	413	420	414	463	470	464	513	520	514	563	570	564	613	620	614	671	678	672
13	21	20	63	71	70	113	121	120	163	171	170	213	221	220	263	271	270	313	321	320	363	371	370	413	421	420	463	471	470	513	521	520	563	571	570	613	621	620	671	679	678
12	21	13	162	171	163	212	221	213	262	271	263	312	321	313	362	371	363	412	421	413	512	521	513	562	571	563	612	621	613	670	679	671
12	22	21	62	72	71	162	172	171	212	222	221	262	272	271	312	322	321	362	372	371	412	422	421	462	472	471	512	522	521	612	622	621	670	680	679
11	22	12	61	72	62	111	122	112	161	172	162	211	222	212	261	272	262	311	322	312	361	372	362	411	422	412	461	472	462	511	522	512	561	572	562	611	622	612	669	680	670
11	23	22	61	73	72	111	123	122	361	373	372	411	423	422	461	473	472
10	23	11	60	73	61	110	123	111	160	173	161	210	223	211	260	273	261	310	323	311	360	373	361	410	423	411	460	473	461	510	523	511	560	573	561	610	623	611	668	681	669
10	24	23	60	74	73	210	224	223	260	274	273	410	424	423	460	474	473	668	682	681
9	24	10	59	74	60	109	124	110	159	174	160	209	224	210	259	274	260	309	324	310	359	374	360	409	424	410	459	474	460	509	524	510	559	574	560	609	624	610	667	682	668
9	25	24	59	75	74	109	125	124	159	175	174	209	225	224	259	275	274	309	325	324	359	375	374	409	425	424	459	475	474	509	525	524	559	575	574	609	625	624	667	683	682
8	25	9	58	75	59	108	125	109	158	175	159	208	225	209	258	275	259	308	325	309	358	375	359	408	425	409	458	475	459	508	525	509	558	575	559	608	625	609	666	683	667
8	27	25	27	26	25	58	77	75	77	76	75	108	127	125	127	126	125	158	177	175	177	176	175	208	227	225	227	226	225	258	277	275	277	276	275	308	327	325	327	326	325	358	377	375	377	376	375	408	427	425	427	426	425	458	477	475	477	476	475	508	527	525	527	526	525	558	577	575	577	576	575	608	627	625	627	626	625	666	685	683	685	684	683
29	27	8	29	28	27	429	427	408	429	428	427
40	38	39	90	88	89	140	138	139	190	188	189	240	238	239	290	288	289	340	338	339	390	388	389	440	438	439	490	488	489	540	538	539	590	588	589	640	638	639	697	695	696
41	38	40	91	88	90	141	138	140	191	188	190	241	238	240	291	288	290	341	338	340	391	388	390	491	488	490	541	538	540	591	588	590	641	638	640	698	695	697
41	37	38	91	87	88	141	137	138	191	187	188	241	237	238	291	287	288	341	337	338	391	387	388	441	437	438	491	487	488	541	537	538	591	587	588	641	637	638	698	694	695
42	37	41	92	87	91	142	137	141	192	187	191	242	237	241	292	287	291	342	337	341	392	387	391	442	437	441	492	487	491	542	537	541	592	587	591	642	637	641	699	694	698
42	36	37	92	86	87	142	136	137	192	186	187	242	236	237	292	286	287	342	336	337	392	386	387	442	436	437	492	486	487	542	536	537	592	586	587	642	636	637	699	693	694
43	36	42	93	86	92	143	136	142	193	186	192	243	236	242	293	286	292	343	336	342	393	386	392	443	436	442	493	486	492	543	536	542	593	586	592	643	636	642	700	693	699
43	35	36	93	85	86	143	135	136	193	185	186	243	235	236	293	285	286	343	335	336	393	385	386	443	435	436	493	485	486	543	535	536	593	585	586	643	635	636	700	692	693
44	35	43	94	85	93	144	135	143	194	185	193	344	335	343	394	385	393	444	435	443	494	485	493	544	535	543	701	692	700
44	34	35	94	84	85	144	134	135	194	184	185	244	234	235	294	284	285	344	334	335	394	384	385	444	434	435	494	484	485	544	534	535	594	584	585	701	691	692
45	34	44	95	84	94	145	134	144	195	184	194	245	234	244	295	284	294	345	334	344	395	384	394	445	434	444	495	484	494	545	534	544	595	584	594	645	634	644	702	691	701
45	33	34	95	83	84	345	333	334	445	433	434	702	690	691
46	33	45	96	83	95	146	133	145	196	183	195	246	233	245	296	283	295	346	333	345	396	383	395	446	433	445	496	483	495	546	533	545	596	583	595	646	633	645	703	690	702
46	32	33	196	182	183	246	232	233	396	382	383	446	432	433	646	632	633	703	689	690
47	32	46	97	82	96	147	132	146	197	182	196	247	232	246	297	282	296	347	332	346	397	382	396	447	432	446	497	482	496	547	532	546	597	582	596	647	632	646	704	689	703
47	31	32	97	81	82	147	131	132	197	181	182	247	231	232	297	281	282	347	331	332	397	381	382	447	431	432	497	481	482	547	531	532	597	581	582	647	631	632	704	688	689
