COMPONENT 750168=IfcFlowTerminal
#	TMesh	1000086=IfcFlowTerminal
0.998777	-0.0490488	-4.38891e-005	0	-0.0490488	-0.998777	1.67277e-005	0	4.46567e-005	1.45548e-005	0.99998	0	58.6236	153.46	-0.71913	1

COMPONENTFINISH

COMPONENT 750238=IfcFlowTerminal
#	TMesh	1000018=IfcFlowTerminal
-0.996749	-0.0805966	0.00105154	0	0.0805946	-0.996748	-0.0017652	0	0.00119039	-0.0016747	1	0	67.7851	153.829	-0.309701	1

COMPONENTFINISH

COMPONENT 750308=IfcFlowTerminal
#	TMesh	1000086=IfcFlowTerminal
0.996668	0.0829489	0.000296143	0	-0.082949	0.996668	0.000218706	0	-0.000276983	-0.000242514	1.00011	0	65.2554	-37.1782	-0.741723	1

COMPONENTFINISH

COMPONENT 750378=IfcFlowTerminal
#	TMesh	1000018=IfcFlowTerminal
0.996769	0.0802475	0.00132727	0	-0.0802451	0.996769	-0.00172877	0	-0.00146172	0.00161668	0.999993	0	68.387	-36.8908	-0.315664	1

COMPONENTFINISH

COMPONENT 750448=IfcFlowTerminal
#	TMesh	1000086=IfcFlowTerminal
0.998874	-0.048407	0.000605396	0	-0.048407	-0.998874	7.37825e-005	0	-0.000601115	0.000103	1.00005	0	65.341	154.012	-0.730598	1

COMPONENTFINISH

COMPONENT 750518=IfcFlowTerminal
#	TMesh	1000018=IfcFlowTerminal
-0.996687	-0.0812366	0.000656113	0	-0.0812374	0.996686	-0.00125466	0	0.000552019	0.00130381	0.999991	0	89.9491	-35.1434	-0.354654	1

COMPONENTFINISH

COMPONENT 750588=IfcFlowTerminal
#	TMesh	1000086=IfcFlowTerminal
-0.996782	-0.0810966	0.000342606	0	0.0810966	-0.996782	0.000174776	0	0.000327305	0.000201983	1.00007	0	74.5158	154.384	-0.737884	1

COMPONENTFINISH

COMPONENT 750658=IfcFlowTerminal
#	TMesh	1000018=IfcFlowTerminal
-0.996791	-0.0805184	0.000798141	0	0.0805167	-0.996789	-0.00204749	0	0.000960403	-0.00197658	1.00004	0	77.9598	154.657	-0.280581	1

COMPONENTFINISH

COMPONENT 750728=IfcFlowTerminal
#	TMesh	1000086=IfcFlowTerminal
-0.998791	0.0490076	-7.29871e-005	0	0.0490076	0.998791	-3.09327e-005	0	-7.13835e-005	3.44724e-005	0.999993	0	80.9748	-36.2491	-0.714372	1

COMPONENTFINISH

COMPONENT 750798=IfcFlowTerminal
#	TMesh	1000018=IfcFlowTerminal
0.996843	0.0811198	5.71585e-005	0	-0.0811196	0.996842	-0.00154347	0	-0.000182159	0.00153375	1.00014	0	78.635	-36.0818	-0.321852	1

COMPONENTFINISH

COMPONENT 750868=IfcFlowTerminal
#	TMesh	1000086=IfcFlowTerminal
-0.996593	-0.0813424	0.000479238	0	0.0813425	-0.996593	0.000270951	0	0.000455608	0.000309039	0.999908	0	81.2682	154.918	-0.747879	1

COMPONENTFINISH

COMPONENT 750938=IfcFlowTerminal
#	TMesh	1000018=IfcFlowTerminal
-0.996908	-0.0803593	0.00102789	0	0.0803583	-0.996908	-0.00094778	0	0.00110072	-0.000862127	1.00014	0	84.7536	155.215	-0.387307	1

COMPONENTFINISH

COMPONENT 751008=IfcFlowTerminal
#	TMesh	1000086=IfcFlowTerminal
-0.998778	0.0482785	0.000592722	0	0.0482781	0.998778	-0.00050837	0	0.000616576	0.000479159	0.999944	0	87.8202	-35.6931	-0.674903	1

COMPONENTFINISH

COMPONENT 751078=IfcFlowTerminal
#	TMesh	1000018=IfcFlowTerminal
0.996705	0.0808372	0.000515528	0	-0.080836	0.996703	-0.00203184	0	-0.000678092	0.00198351	0.999976	0	85.3875	-35.5173	-0.279462	1

COMPONENTFINISH

COMPONENT 751148=IfcFlowTerminal
#	TMesh	1000086=IfcFlowTerminal
-0.9968	-0.0811058	0.000235224	0	0.0811058	-0.9968	0.000199506	0	0.00021827	0.000217925	1.00009	0	88.071	155.485	-0.739306	1

COMPONENTFINISH

COMPONENT 751218=IfcFlowTerminal
#	TMesh	1000018=IfcFlowTerminal
0.996739	0.0803767	0.000145537	0	-0.0803764	0.996738	-0.00151344	0	-0.000266714	0.00149685	0.999973	0	88.732	-35.2413	-0.3254	1

COMPONENTFINISH

COMPONENT 751288=IfcFlowTerminal
#	TMesh	1000086=IfcFlowTerminal
-0.998887	0.0483249	0.000625011	0	0.0483252	0.998887	0.000449859	0	0.000602543	-0.000479535	1.00006	0	94.5945	-35.1525	-0.766554	1

COMPONENTFINISH

COMPONENT 751358=IfcFlowTerminal
#	TMesh	1000018=IfcFlowTerminal
0.996803	0.0812955	0.00101522	0	-0.0812936	0.996802	-0.00181245	0	-0.00115919	0.00172393	1.00011	0	92.009	-34.9976	-0.304946	1

COMPONENTFINISH

COMPONENT 751428=IfcFlowTerminal
#	TMesh	1000018=IfcFlowTerminal
-0.996747	-0.0809048	0.00152907	0	-0.0809077	0.996746	-0.00196161	0	0.00136536	0.00207889	1.00002	0	73.2638	-40.1139	-0.295376	1

COMPONENTFINISH

COMPONENT 751498=IfcFlowTerminal
#	TMesh	1000086=IfcFlowTerminal
0.998926	-0.0469242	0.000315856	0	-0.0469243	-0.998926	0.000372521	0	-0.000298028	0.000386932	1.00003	0	51.934	149.317	-0.756332	1

COMPONENTFINISH

COMPONENT 751568=IfcFlowTerminal
#	TMesh	1000018=IfcFlowTerminal
-0.996748	-0.0804347	0.000461564	0	-0.0804352	0.996748	-0.000987168	0	0.000380664	0.0010211	0.999988	0	76.6087	-39.8428	-0.378317	1

COMPONENTFINISH

COMPONENT 751638=IfcFlowTerminal
#	TMesh	1000086=IfcFlowTerminal
-0.998956	0.0477112	0.000602522	0	0.047711	0.998956	-0.000421118	0	0.000621926	0.000391894	1.00009	0	64.4442	-41.215	-0.683629	1

COMPONENTFINISH

COMPONENT 751708=IfcFlowTerminal
#	TMesh	1000018=IfcFlowTerminal
-0.996737	-0.0810309	0.000222246	0	0.0810304	-0.996735	-0.00182903	0	0.000369719	-0.001805	1.00002	0	64.6462	149.97	-0.296128	1

COMPONENTFINISH

COMPONENT 751778=IfcFlowTerminal
#	TMesh	1000086=IfcFlowTerminal
-0.998908	0.0493	8.58159e-005	0	0.0493	0.998908	0.000113895	0	8.00972e-005	-0.000117986	1.00012	0	67.6828	-40.9491	-0.729882	1

COMPONENTFINISH

COMPONENT 751848=IfcFlowTerminal
#	TMesh	1000018=IfcFlowTerminal
-0.996799	-0.0803616	0.00062638	0	0.0803605	-0.996798	-0.00168973	0	0.000760138	-0.00163393	1.00003	0	68.099	150.244	-0.313035	1

COMPONENTFINISH

COMPONENT 751918=IfcFlowTerminal
#	TMesh	1000086=IfcFlowTerminal
-0.998873	0.0490343	0.000386483	0	0.0490344	0.998873	0.000327918	0	0.00036994	-0.000346474	1.00008	0	71.096	-40.6683	-0.752841	1

COMPONENTFINISH

COMPONENT 751988=IfcFlowTerminal
#	TMesh	1000018=IfcFlowTerminal
-0.996741	-0.0808926	0.000232362	0	0.0808921	-0.996739	-0.00169978	0	0.000369097	-0.00167541	1.00002	0	71.4372	150.518	-0.308487	1

COMPONENTFINISH

COMPONENT 752058=IfcFlowTerminal
#	TMesh	1000086=IfcFlowTerminal
-0.998761	0.0490503	0.000163855	0	0.0490503	0.998761	6.20636e-005	0	0.000160613	-7.00263e-005	0.999965	0	74.4828	-40.3838	-0.72529	1

COMPONENTFINISH

COMPONENT 752128=IfcFlowTerminal
#	TMesh	1000018=IfcFlowTerminal
0.996719	0.0806779	0.00065609	0	-0.0806766	0.996717	-0.00174625	0	-0.000794837	0.00168762	0.999977	0	72.1075	-40.2035	-0.307891	1

COMPONENTFINISH

COMPONENT 752198=IfcFlowTerminal
#	TMesh	1000086=IfcFlowTerminal
-0.996927	-0.0793288	0.0001624	0	0.0793288	-0.996927	0.000303951	0	0.000137779	0.000315875	1.00008	0	74.9764	150.794	-0.748535	1

COMPONENTFINISH

COMPONENT 752268=IfcFlowTerminal
#	TMesh	1000018=IfcFlowTerminal
-0.99663	-0.0813382	0.00131291	0	0.0813359	-0.996629	-0.00172354	0	0.00144875	-0.00161104	0.999942	0	78.1708	151.06	-0.315994	1

COMPONENTFINISH

COMPONENT 752338=IfcFlowTerminal
#	TMesh	1000086=IfcFlowTerminal
-0.998811	0.0509457	0.000500195	0	0.0509456	0.998811	-0.000242429	0	0.000511895	0.000216635	1.00011	0	81.08	-39.8572	-0.699721	1

COMPONENTFINISH

COMPONENT 752408=IfcFlowTerminal
#	TMesh	1000018=IfcFlowTerminal
-0.996647	-0.0807347	0.000798622	0	-0.0807363	0.996645	-0.00209384	0	0.000626952	0.00215149	0.99991	0	96.9696	-38.1839	-0.276097	1

COMPONENTFINISH

COMPONENT 752478=IfcFlowTerminal
#	TMesh	1000086=IfcFlowTerminal
0.998806	-0.0492887	0.000815317	0	-0.0492881	-0.998807	-0.000719507	0	-0.000849788	-0.000678448	1.00002	0	75.8834	151.251	-0.657018	1

COMPONENTFINISH

COMPONENT 752548=IfcFlowTerminal
#	TMesh	1000018=IfcFlowTerminal
0.996652	0.0811096	0.000828435	0	0.0811106	-0.996651	-0.00132715	0	-0.000718054	-0.00138997	0.999945	0	66.8929	150.138	-0.349281	1

COMPONENTFINISH

COMPONENT 752618=IfcFlowTerminal
#	TMesh	1000086=IfcFlowTerminal
0.998859	-0.0470539	0.000111562	0	-0.0470539	-0.998858	0.000392494	0	-9.29691e-005	0.000397309	0.999966	0	79.0576	151.508	-0.756228	1

COMPONENTFINISH

COMPONENT 752688=IfcFlowTerminal
#	TMesh	1000018=IfcFlowTerminal
-0.996749	-0.0804136	0.00116407	0	0.0804112	-0.996748	-0.0019824	0	0.00131972	-0.00188237	0.999985	0	88.4266	151.887	-0.290066	1

COMPONENTFINISH

COMPONENT 752758=IfcFlowTerminal
#	TMesh	1000086=IfcFlowTerminal
0.998845	-0.0489831	0.000402258	0	-0.0489831	-0.998845	-7.95661e-005	0	-0.000405673	-5.97677e-005	1.00005	0	82.6308	151.8	-0.714173	1

COMPONENTFINISH

COMPONENT 752828=IfcFlowTerminal
#	TMesh	1000018=IfcFlowTerminal
-0.996676	-0.0812139	0.000804975	0	0.0812126	-0.996675	-0.00155608	0	0.000928693	-0.00148557	0.999978	0	91.739	152.162	-0.327336	1

COMPONENTFINISH

COMPONENT 752898=IfcFlowTerminal
#	TMesh	1000086=IfcFlowTerminal
0.99886	-0.0491781	0.000635749	0	-0.0491783	-0.99886	0.00025602	0	-0.00062239	0.000286973	1.00007	0	86.0386	152.077	-0.748258	1

COMPONENTFINISH

COMPONENT 752968=IfcFlowTerminal
#	TMesh	1000018=IfcFlowTerminal
0.996657	0.0807438	0.00114196	0	-0.0807419	0.996657	-0.00162715	0	-0.00126963	0.00152963	0.999921	0	92.2487	-38.5668	-0.323586	1

COMPONENTFINISH

COMPONENT 753038=IfcFlowTerminal
#	TMesh	1000018=IfcFlowTerminal
-0.996828	-0.0804786	0.000643713	0	-0.0804798	0.996826	-0.0020508	0	0.00047659	0.00209596	1.00007	0	73.5154	-43.7137	-0.278886	1

COMPONENTFINISH

COMPONENT 753108=IfcFlowTerminal
#	TMesh	1000086=IfcFlowTerminal
-0.998865	0.0483578	0.000692962	0	0.0483576	0.998865	-0.000280293	0	0.000705705	0.000246457	1.00003	0	61.2835	-45.0747	-0.697701	1

COMPONENTFINISH

COMPONENT 753178=IfcFlowTerminal
#	TMesh	1000018=IfcFlowTerminal
-0.996692	-0.0811922	0.000206668	0	0.0811916	-0.99669	-0.00215507	0	0.000380961	-0.00213117	0.999992	0	60.1369	145.991	-0.264971	1

COMPONENTFINISH

COMPONENT 753248=IfcFlowTerminal
#	TMesh	1000086=IfcFlowTerminal
-0.998708	0.0493806	0.0004305	0	0.0493807	0.998708	0.000240848	0	0.000418081	-0.000261814	0.999928	0	63.179	-44.9064	-0.744629	1

COMPONENTFINISH

COMPONENT 753318=IfcFlowTerminal
#	TMesh	1000018=IfcFlowTerminal
0.996685	0.0810134	-2.46459e-006	0	0.0810133	-0.996684	-0.00166601	0	0.00013743	-0.00166033	0.999971	0	46.8584	144.906	-0.309538	1

COMPONENTFINISH

COMPONENT 753388=IfcFlowTerminal
#	TMesh	1000086=IfcFlowTerminal
-0.998877	0.0487319	0.000306403	0	0.0487319	0.998878	3.12674e-005	0	0.000304515	-4.61609e-005	1.00007	0	68.0268	-44.5295	-0.723891	1

COMPONENTFINISH

COMPONENT 753458=IfcFlowTerminal
#	TMesh	1000018=IfcFlowTerminal
0.99669	0.0809109	0.000253819	0	0.0809112	-0.996689	-0.00171546	0	-0.000114183	-0.00173037	0.999968	0	50.2572	145.183	-0.307173	1

COMPONENTFINISH

COMPONENT 753528=IfcFlowTerminal
#	TMesh	1000086=IfcFlowTerminal
0.996654	0.081019	0.000467144	0	-0.0810192	0.996654	0.000370643	0	-0.000435578	-0.000407274	0.999942	0	65.6539	-44.3355	-0.757334	1

COMPONENTFINISH

COMPONENT 753598=IfcFlowTerminal
#	TMesh	1000018=IfcFlowTerminal
0.996819	0.0802959	0.00148501	0	0.0802983	-0.996819	-0.00162439	0	-0.00134979	-0.00173838	1.00005	0	53.7043	145.475	-0.327063	1

COMPONENTFINISH

COMPONENT 753668=IfcFlowTerminal
#	TMesh	1000086=IfcFlowTerminal
-0.998785	0.0474298	0.000428992	0	0.04743	0.998785	0.000571146	0	0.000401418	-0.000590852	0.99991	0	74.9273	-43.9584	-0.775969	1

COMPONENTFINISH

COMPONENT 753738=IfcFlowTerminal
#	TMesh	1000018=IfcFlowTerminal
0.99675	0.0808124	0.000594798	0	-0.080811	0.996749	-0.0020803	0	-0.000760962	0.00202543	1.00002	0	72.4107	-43.7963	-0.275614	1

COMPONENTFINISH

COMPONENT 753808=IfcFlowTerminal
#	TMesh	1000086=IfcFlowTerminal
-0.9988	0.0463147	0.000536967	0	0.0463147	0.9988	4.01509e-005	0	0.000534531	-6.49805e-005	0.999873	0	78.422	-43.6764	-0.726376	1

COMPONENTFINISH

COMPONENT 753878=IfcFlowTerminal
#	TMesh	1000018=IfcFlowTerminal
-0.99674	-0.0807539	0.00161573	0	-0.0807565	0.99674	-0.0016239	0	0.00147931	0.00174907	1.00001	0	93.8734	-42.0552	-0.328263	1

COMPONENTFINISH

COMPONENT 753948=IfcFlowTerminal
#	TMesh	1000086=IfcFlowTerminal
-0.99875	0.0482971	0.000559681	0	0.0482969	0.99875	-0.000269096	0	0.000572025	0.000241748	0.999917	0	81.6219	-43.4157	-0.697287	1

COMPONENTFINISH

COMPONENT 754018=IfcFlowTerminal
#	TMesh	1000018=IfcFlowTerminal
0.996704	0.0810641	-7.72409e-005	0	-0.0810641	0.996702	-0.00178808	0	-6.79633e-005	0.00178846	0.999993	0	79.2124	-43.2447	-0.297278	1

COMPONENTFINISH

COMPONENT 754088=IfcFlowTerminal
#	TMesh	1000086=IfcFlowTerminal
-0.996844	-0.0803751	0.00121544	0	0.0803752	-0.996845	8.89278e-005	0	0.00120436	0.000186324	1.00008	0	81.9422	147.757	-0.737652	1

COMPONENTFINISH

COMPONENT 754158=IfcFlowTerminal
#	TMesh	1000018=IfcFlowTerminal
0.996817	0.080414	-0.000402518	0	-0.0804146	0.996816	-0.00162088	0	0.00027088	0.001648	1.00005	0	82.5382	-42.9749	-0.310264	1

COMPONENTFINISH

COMPONENT 754228=IfcFlowTerminal
#	TMesh	1000086=IfcFlowTerminal
0.998868	-0.0481385	0.0012955	0	-0.0481385	-0.998869	-7.30472e-005	0	-0.00129752	-1.06007e-005	1.00003	0	79.4542	147.932	-0.722852	1

COMPONENTFINISH

COMPONENT 754298=IfcFlowTerminal
#	TMesh	1000018=IfcFlowTerminal
0.996738	0.0812113	0.000325653	0	0.0812117	-0.996737	-0.00148497	0	-0.000203985	-0.00150652	1.00004	0	70.5616	146.832	-0.329776	1

COMPONENTFINISH

COMPONENT 754368=IfcFlowTerminal
#	TMesh	1000086=IfcFlowTerminal
0.996671	0.080743	0.00025472	0	-0.0807431	0.996672	0.000188336	0	-0.000238681	-0.000208289	0.999937	0	85.9604	-42.6876	-0.738054	1

COMPONENTFINISH

COMPONENT 754438=IfcFlowTerminal
#	TMesh	1000018=IfcFlowTerminal
-0.996757	-0.0806777	0.00167258	0	0.0806742	-0.996757	-0.00205672	0	0.00183305	-0.00191508	1.00001	0	92.0808	148.577	-0.287622	1

COMPONENTFINISH

COMPONENT 754508=IfcFlowTerminal
#	TMesh	1000086=IfcFlowTerminal
-0.996864	-0.0795714	0.000547512	0	0.0795714	-0.996864	6.12336e-005	0	0.000540903	0.000104604	1.00004	0	92.1871	148.575	-0.728853	1

COMPONENTFINISH

COMPONENT 754578=IfcFlowTerminal
#	TMesh	1000018=IfcFlowTerminal
-0.996815	-0.080976	0.00135816	0	0.0809737	-0.996814	-0.00165311	0	0.00148755	-0.00153772	1.0001	0	95.2427	148.843	-0.323217	1

COMPONENTFINISH

COMPONENT 754648=IfcFlowTerminal
#	TMesh	1000018=IfcFlowTerminal
-0.996665	-0.0807894	0.00105341	0	0.080788	-0.996665	-0.00128034	0	0.00115341	-0.00119104	0.999933	0	58.4716	142.234	-0.355768	1

COMPONENTFINISH

COMPONENT 754718=IfcFlowTerminal
#	TMesh	1000086=IfcFlowTerminal
-0.99878	0.0489471	0.00014441	0	0.0489471	0.99878	0.000120943	0	0.000138317	-0.000127866	0.999979	0	61.5188	-48.6594	-0.730743	1

COMPONENTFINISH

COMPONENT 754788=IfcFlowTerminal
#	TMesh	1000018=IfcFlowTerminal
0.996705	0.0806881	2.46826e-005	0	0.080688	-0.996705	-0.00132993	0	8.27108e-005	-0.00132758	0.999965	0	42.3956	140.935	-0.341729	1

COMPONENTFINISH

COMPONENT 754858=IfcFlowTerminal
#	TMesh	1000086=IfcFlowTerminal
-0.99879	0.0493693	0.000616569	0	0.0493692	0.99879	-0.000151067	0	0.000623276	0.000120444	1.00001	0	63.4711	-48.5032	-0.709238	1

COMPONENTFINISH

COMPONENT 754928=IfcFlowTerminal
#	TMesh	1000018=IfcFlowTerminal
0.99666	0.0806089	4.75175e-005	0	0.0806089	-0.996658	-0.00147094	0	7.12181e-005	-0.00146998	0.999913	0	47.1879	141.319	-0.328503	1

COMPONENTFINISH

COMPONENT 754998=IfcFlowTerminal
#	TMesh	1000086=IfcFlowTerminal
0.996899	0.0796803	-0.00013436	0	-0.0796803	0.996899	-2.57662e-005	0	0.00013188	3.63894e-005	1.00008	0	62.4249	-48.2105	-0.714489	1

COMPONENTFINISH

COMPONENT 755068=IfcFlowTerminal
#	TMesh	1000018=IfcFlowTerminal
-0.996592	-0.081168	0.000158207	0	-0.0811682	0.996591	-0.00165176	0	2.36004e-005	0.00165915	0.999891	0	84.0366	-46.4492	-0.312302	1

COMPONENTFINISH

COMPONENT 755138=IfcFlowTerminal
#	TMesh	1000086=IfcFlowTerminal
-0.998848	0.0503396	0.00108314	0	0.0503397	0.998848	5.0966e-006	0	0.00108151	-5.96087e-005	1.00012	0	71.5515	-47.8549	-0.728558	1

COMPONENTFINISH

COMPONENT 755208=IfcFlowTerminal
#	TMesh	1000018=IfcFlowTerminal
-0.996784	-0.0805173	0.00151588	0	0.0805153	-0.996784	-0.0012942	0	0.00161516	-0.00116795	1.00003	0	72.0537	143.342	-0.35871	1

COMPONENTFINISH

COMPONENT 755278=IfcFlowTerminal
#	TMesh	1000086=IfcFlowTerminal
-0.998788	0.0500517	1.86968e-005	0	0.0500517	0.998788	-8.41509e-005	0	2.28851e-005	8.31097e-005	1.00004	0	74.9697	-47.5723	-0.710248	1

COMPONENTFINISH

COMPONENT 755348=IfcFlowTerminal
#	TMesh	1000018=IfcFlowTerminal
0.996698	0.0811396	0.000233759	0	-0.0811391	0.996697	-0.00162551	0	-0.000364881	0.00160118	0.999994	0	72.7328	-47.3822	-0.315542	1

COMPONENTFINISH

COMPONENT 755418=IfcFlowTerminal
#	TMesh	1000086=IfcFlowTerminal
0.998766	-0.0495212	0.000662543	0	-0.0495214	-0.998766	0.00027978	0	-0.000647875	0.000312247	0.999993	0	69.7091	143.522	-0.750577	1

COMPONENTFINISH

COMPONENT 755488=IfcFlowTerminal
#	TMesh	1000018=IfcFlowTerminal
0.996893	0.080605	0.00214253	0	-0.0806033	0.996895	-0.00084009	0	-0.00220327	0.000664686	1.00015	0	76.0706	-47.1206	-0.40766	1

COMPONENTFINISH

COMPONENT 755558=IfcFlowTerminal
#	TMesh	1000086=IfcFlowTerminal
0.996677	0.0811948	-6.51755e-005	0	-0.0811948	0.996677	0.000349065	0	9.33032e-005	-0.000342621	0.999979	0	76.1266	-47.1039	-0.750531	1

COMPONENTFINISH

COMPONENT 755628=IfcFlowTerminal
#	TMesh	1000018=IfcFlowTerminal
0.996855	0.0805612	0.00137269	0	0.0805632	-0.996855	-0.00146437	0	-0.00125026	-0.00157018	1.0001	0	64.1361	142.711	-0.34129	1

COMPONENTFINISH

COMPONENT 755698=IfcFlowTerminal
#	TMesh	1000086=IfcFlowTerminal
-0.998932	0.0487237	0.00116399	0	0.0487232	0.998932	-0.000376191	0	0.00118093	0.000319037	1.00012	0	85.2612	-46.7507	-0.693052	1

COMPONENTFINISH

COMPONENT 755768=IfcFlowTerminal
#	TMesh	1000018=IfcFlowTerminal
0.996645	0.0807468	0.000374087	0	-0.0807458	0.996643	-0.00210236	0	-0.000542638	0.00206529	0.999908	0	82.8627	-46.5501	-0.271429	1

COMPONENTFINISH

COMPONENT 755838=IfcFlowTerminal
#	TMesh	1000086=IfcFlowTerminal
-0.998925	0.0479967	0.00116541	0	0.0479967	0.998926	-4.61715e-005	0	0.00116628	-9.81305e-006	1.00008	0	88.7192	-46.4682	-0.724348	1

COMPONENTFINISH

COMPONENT 755908=IfcFlowTerminal
#	TMesh	1000018=IfcFlowTerminal
-0.996711	-0.0808175	0.000928089	0	0.0808161	-0.99671	-0.00147087	0	0.00104393	-0.00139105	0.999981	0	88.9695	144.71	-0.336551	1

COMPONENTFINISH

COMPONENT 755978=IfcFlowTerminal
#	TMesh	1000086=IfcFlowTerminal
0.996541	0.0819507	-3.61204e-005	0	-0.0819507	0.996541	0.000425215	0	7.08488e-005	-0.000420824	0.999905	0	86.3664	-46.2739	-0.757864	1

COMPONENTFINISH

COMPONENT 756048=IfcFlowTerminal
#	TMesh	1000018=IfcFlowTerminal
-0.996753	-0.0804985	0.000131569	0	0.0804982	-0.996752	-0.00160078	0	0.000260002	-0.00158499	0.999997	0	92.3897	144.986	-0.316985	1

COMPONENTFINISH

COMPONENT 756118=IfcFlowTerminal
#	TMesh	1000086=IfcFlowTerminal
0.99657	0.0823976	1.89324e-005	0	-0.0823976	0.99657	0.000148343	0	-6.64454e-006	-0.000149398	0.99997	0	89.7977	-46.0067	-0.732189	1

COMPONENTFINISH

COMPONENT 756188=IfcFlowTerminal
#	TMesh	1000018=IfcFlowTerminal
0.996788	0.0810568	0.00240164	0	-0.081054	0.99679	-0.00127035	0	-0.0024967	0.00107153	1.00008	0	92.8598	-45.7584	-0.369054	1

COMPONENTFINISH

COMPONENT 756258=IfcFlowTerminal
#	TMesh	1000018=IfcFlowTerminal
-0.996775	-0.0803152	0.000354186	0	0.0803145	-0.996774	-0.00153055	0	0.000475967	-0.00149716	1	0	58.7848	138.952	-0.325686	1

COMPONENTFINISH

COMPONENT 756328=IfcFlowTerminal
#	TMesh	1000086=IfcFlowTerminal
0.996593	0.0823628	0.00117313	0	-0.0823631	0.996593	0.000180505	0	-0.00115427	-0.000276515	0.99999	0	56.1745	-52.0434	-0.745764	1

COMPONENTFINISH

COMPONENT 756398=IfcFlowTerminal
#	TMesh	1000018=IfcFlowTerminal
0.996642	0.0807191	0.000661147	0	-0.0807177	0.99664	-0.0019646	0	-0.000817583	0.00190481	0.999903	0	58.0091	-51.8739	-0.28713	1

COMPONENTFINISH

COMPONENT 756468=IfcFlowTerminal
#	TMesh	1000086=IfcFlowTerminal
-0.99878	0.0498565	0.000182727	0	0.0498565	0.99878	0.000380146	0	0.000163548	-0.000388784	1.00002	0	63.6922	-51.7947	-0.755837	1

COMPONENTFINISH

COMPONENT 756538=IfcFlowTerminal
#	TMesh	1000018=IfcFlowTerminal
0.996669	0.0810756	0.000290073	0	0.0810761	-0.996667	-0.00198931	0	-0.000127827	-0.00200628	0.999959	0	47.4101	138.027	-0.281446	1

COMPONENTFINISH

COMPONENT 756608=IfcFlowTerminal
#	TMesh	1000086=IfcFlowTerminal
0.996744	0.0802046	0.000629853	0	-0.0802047	0.996744	0.000248754	0	-0.000607872	-0.000298472	0.999966	0	62.7444	-51.489	-0.74727	1

COMPONENTFINISH

COMPONENT 756678=IfcFlowTerminal
#	TMesh	1000018=IfcFlowTerminal
-0.996747	-0.0806764	0.000142747	0	-0.0806766	0.996746	-0.00134631	0	3.36669e-005	0.00135344	1.00001	0	84.2578	-49.7573	-0.341278	1

COMPONENTFINISH

COMPONENT 756748=IfcFlowTerminal
#	TMesh	1000086=IfcFlowTerminal
0.998778	-0.0492062	0.000280096	0	-0.0492062	-0.998778	0.000291161	0	-0.00026543	0.000304591	0.99999	0	63.1669	139.682	-0.748176	1

COMPONENTFINISH

COMPONENT 756818=IfcFlowTerminal
#	TMesh	1000018=IfcFlowTerminal
-0.996789	-0.0811654	0.00205398	0	-0.0811696	0.996788	-0.0020372	0	0.00188186	0.00219718	1.00009	0	87.6922	-49.4831	-0.292991	1

COMPONENTFINISH

COMPONENT 756888=IfcFlowTerminal
#	TMesh	1000086=IfcFlowTerminal
0.99881	-0.050125	1.01397e-005	0	-0.050125	-0.99881	7.0507e-005	0	-6.59309e-006	7.09266e-005	1.00007	0	66.6423	139.968	-0.724929	1

COMPONENTFINISH

COMPONENT 756958=IfcFlowTerminal
#	TMesh	1000018=IfcFlowTerminal
0.996748	0.080569	0.000799976	0	0.0805705	-0.996746	-0.00203817	0	-0.00063316	-0.002096	0.999997	0	57.6246	138.863	-0.281453	1

COMPONENTFINISH

COMPONENT 757028=IfcFlowTerminal
#	TMesh	1000086=IfcFlowTerminal
0.998844	-0.0504342	0.000405093	0	-0.0504343	-0.998844	0.00022135	0	-0.000393415	0.000241496	1.00012	0	70.0612	140.248	-0.742973	1

COMPONENTFINISH

COMPONENT 757098=IfcFlowTerminal
#	TMesh	1000018=IfcFlowTerminal
0.996634	0.0814561	0.00103581	0	-0.081454	0.996633	-0.00193359	0	-0.00118988	0.00184279	0.999955	0	76.4194	-50.3938	-0.293523	1

COMPONENTFINISH

COMPONENT 757168=IfcFlowTerminal
#	TMesh	1000086=IfcFlowTerminal
-0.998727	0.0496026	0.000465379	0	0.0496027	0.998727	0.000215443	0	0.000454119	-0.000238262	0.999958	0	82.0551	-50.3017	-0.742592	1

COMPONENTFINISH

COMPONENT 757238=IfcFlowTerminal
#	TMesh	1000018=IfcFlowTerminal
0.996643	0.0806644	0.000272244	0	-0.0806636	0.996641	-0.00206559	0	-0.000437992	0.0020369	0.9999	0	79.7324	-50.113	-0.273992	1

COMPONENTFINISH

COMPONENT 757308=IfcFlowTerminal
#	TMesh	1000086=IfcFlowTerminal
0.998738	-0.0492292	0.000302375	0	-0.0492291	-0.998738	-6.22684e-005	0	-0.000305074	-4.73065e-005	0.999951	0	76.7251	140.777	-0.71469	1

COMPONENTFINISH

COMPONENT 757378=IfcFlowTerminal
#	TMesh	1000018=IfcFlowTerminal
-0.996733	-0.0807399	0.000982292	0	0.0807384	-0.996732	-0.00153755	0	0.00110323	-0.00145322	0.999996	0	85.8546	141.148	-0.330717	1

COMPONENTFINISH

COMPONENT 757448=IfcFlowTerminal
#	TMesh	1000086=IfcFlowTerminal
-0.998931	0.0470088	0.000423647	0	0.0470088	0.998932	0.000124058	0	0.000417347	-0.000143835	1.00004	0	89.0814	-49.7487	-0.733702	1

COMPONENTFINISH

COMPONENT 757518=IfcFlowTerminal
#	TMesh	1000018=IfcFlowTerminal
0.996744	0.080356	0.00118969	0	-0.0803538	0.996743	-0.00178889	0	-0.00132959	0.00168751	0.999976	0	86.4807	-49.5704	-0.308684	1

COMPONENTFINISH

COMPONENT 757588=IfcFlowTerminal
#	TMesh	1000086=IfcFlowTerminal
0.998866	-0.0485133	0.000210292	0	-0.0485134	-0.998866	0.000305993	0	-0.000195201	0.000315834	1.00004	0	83.4334	141.331	-0.749087	1

COMPONENTFINISH

COMPONENT 757658=IfcFlowTerminal
#	TMesh	1000018=IfcFlowTerminal
-0.996669	-0.0811614	-0.000127351	0	0.0811615	-0.996667	-0.00169953	0	1.10105e-005	-0.00170426	0.999966	0	92.5926	141.695	-0.305222	1

COMPONENTFINISH

COMPONENT 757728=IfcFlowTerminal
#	TMesh	1000086=IfcFlowTerminal
0.998798	-0.0494599	0.000171052	0	-0.0494599	-0.998797	0.000254279	0	-0.000158266	0.000262428	1.00002	0	86.9128	141.608	-0.743769	1

COMPONENTFINISH

COMPONENT 757798=IfcFlowTerminal
#	TMesh	1000018=IfcFlowTerminal
0.996628	0.0809329	-2.14026e-005	0	0.0809328	-0.996627	-0.00180591	0	0.000167503	-0.00179825	0.999907	0	77.7245	140.48	-0.296026	1

COMPONENTFINISH

COMPONENT 757868=IfcFlowTerminal
#	TMesh	1000018=IfcFlowTerminal
-0.996718	-0.0805525	0.000566862	0	0.0805514	-0.996717	-0.00171927	0	0.000703515	-0.00166802	0.999966	0	59.0765	135.061	-0.309633	1

COMPONENTFINISH

COMPONENT 757938=IfcFlowTerminal
#	TMesh	1000086=IfcFlowTerminal
-0.99698	-0.0789013	0.000564265	0	0.0789014	-0.99698	0.000214267	0	0.000545602	0.000258116	1.0001	0	59.2351	135.069	-0.743696	1

COMPONENTFINISH

COMPONENT 758008=IfcFlowTerminal
#	TMesh	1000018=IfcFlowTerminal
-0.996724	-0.0806899	0.000579527	0	0.0806887	-0.996722	-0.00190935	0	0.000731704	-0.00185637	0.999983	0	60.9818	135.219	-0.291691	1

COMPONENTFINISH

COMPONENT 758078=IfcFlowTerminal
#	TMesh	1000086=IfcFlowTerminal
0.996825	0.0795147	0.000409388	0	-0.0795148	0.996825	0.000161375	0	-0.00039526	-0.000193417	0.999991	0	58.1331	-55.7716	-0.73702	1

COMPONENTFINISH

COMPONENT 758148=IfcFlowTerminal
#	TMesh	1000018=IfcFlowTerminal
0.996607	0.0807509	0.000507978	0	0.0807517	-0.996605	-0.00174835	0	-0.000365119	-0.00178367	0.999871	0	47.7567	134.137	-0.306271	1

COMPONENTFINISH

COMPONENT 758218=IfcFlowTerminal
#	TMesh	1000086=IfcFlowTerminal
-0.99874	0.0489099	0.000190672	0	0.0489099	0.99874	0.000175451	0	0.000181862	-0.000184567	0.999937	0	68.8811	-55.2824	-0.736244	1

COMPONENTFINISH

COMPONENT 758288=IfcFlowTerminal
#	TMesh	1000018=IfcFlowTerminal
-0.996761	-0.0806212	0.00156583	0	-0.0806239	0.996761	-0.00177952	0	0.00141727	0.00189996	1.00002	0	84.5666	-53.647	-0.31302	1

COMPONENTFINISH

COMPONENT 758358=IfcFlowTerminal
#	TMesh	1000086=IfcFlowTerminal
0.996609	0.0826756	0.000340387	0	-0.0826757	0.996609	0.000143844	0	-0.000327329	-0.000171492	1.00003	0	66.6838	-55.1115	-0.73482	1

COMPONENTFINISH

COMPONENT 758428=IfcFlowTerminal
#	TMesh	1000018=IfcFlowTerminal
-0.9967	-0.080523	-0.000262292	0	-0.0805224	0.996698	-0.00189026	0	-0.000413658	0.001863	0.999946	0	87.9469	-53.3673	-0.285854	1

COMPONENTFINISH

COMPONENT 758498=IfcFlowTerminal
#	TMesh	1000086=IfcFlowTerminal
0.996712	0.0817738	0.000114668	0	-0.0817738	0.996712	8.41335e-005	0	-0.000107405	-9.3228e-005	1.00006	0	69.9855	-54.8387	-0.727163	1

COMPONENTFINISH

COMPONENT 758568=IfcFlowTerminal
#	TMesh	1000018=IfcFlowTerminal
0.996694	0.0812497	0.000990098	0	-0.0812479	0.996693	-0.00177821	0	-0.0011313	0.00169189	0.999999	0	73.3253	-54.5594	-0.307905	1

COMPONENTFINISH

COMPONENT 758638=IfcFlowTerminal
#	TMesh	1000086=IfcFlowTerminal
-0.996856	-0.0802474	0.000209803	0	0.0802474	-0.996856	0.000337827	0	0.000182018	0.000353573	1.00008	0	76.0513	136.442	-0.752197	1

COMPONENTFINISH

COMPONENT 758708=IfcFlowTerminal
#	TMesh	1000018=IfcFlowTerminal
-0.996772	-0.0805501	0.000634546	0	0.0805488	-0.996771	-0.00183929	0	0.000780635	-0.0017822	1.00002	0	79.4105	136.714	-0.298877	1

COMPONENTFINISH

COMPONENT 758778=IfcFlowTerminal
#	TMesh	1000086=IfcFlowTerminal
0.996708	0.0806101	0.000308255	0	-0.0806102	0.996708	0.00031994	0	-0.000281461	-0.000343748	0.999962	0	76.6531	-54.278	-0.751117	1

COMPONENTFINISH

COMPONENT 758848=IfcFlowTerminal
#	TMesh	1000018=IfcFlowTerminal
0.996833	0.0808879	6.58156e-005	0	0.0808879	-0.996832	-0.00173938	0	7.50791e-005	-0.001739	1.00011	0	64.6857	135.53	-0.303283	1

COMPONENTFINISH

COMPONENT 758918=IfcFlowTerminal
#	TMesh	1000086=IfcFlowTerminal
0.996548	0.0819796	0.000273468	0	-0.0819797	0.996548	0.000233353	0	-0.000253416	-0.000254989	0.999914	0	80.1736	-54.0008	-0.742455	1

COMPONENTFINISH

COMPONENT 758988=IfcFlowTerminal
#	TMesh	1000018=IfcFlowTerminal
-0.996867	-0.0805175	0.00131795	0	0.080515	-0.996866	-0.00181689	0	0.00145995	-0.00170489	1.00011	0	86.1917	137.272	-0.307282	1

COMPONENTFINISH

COMPONENT 759058=IfcFlowTerminal
#	TMesh	1000086=IfcFlowTerminal
-0.99885	0.0477262	0.000578598	0	0.0477263	0.99885	0.00027107	0	0.000565002	-0.000298376	0.999989	0	89.3271	-53.6343	-0.748977	1

COMPONENTFINISH

COMPONENT 759128=IfcFlowTerminal
#	TMesh	1000018=IfcFlowTerminal
0.996692	0.0811038	0.000157413	0	0.081104	-0.99669	-0.00186613	0	-5.54125e-006	-0.00187275	0.999985	0	71.4443	136.064	-0.29198	1

COMPONENTFINISH

COMPONENT 759198=IfcFlowTerminal
#	TMesh	1000086=IfcFlowTerminal
0.998826	-0.0491677	0.00104504	0	-0.0491678	-0.998827	9.22384e-005	0	-0.00103924	0.000143507	1.00004	0	83.813	137.447	-0.73632	1

COMPONENTFINISH

COMPONENT 759268=IfcFlowTerminal
#	TMesh	1000018=IfcFlowTerminal
0.996679	0.0806624	-0.000122145	0	0.080662	-0.996677	-0.0018119	0	0.000267907	-0.00179614	0.999936	0	74.8751	136.341	-0.294565	1

COMPONENTFINISH

COMPONENT 759338=IfcFlowTerminal
#	TMesh	1000086=IfcFlowTerminal
-0.998905	0.048251	0.000717479	0	0.0482513	0.998905	0.000404491	0	0.000697127	-0.000438637	1.00007	0	96.0552	-53.0948	-0.763109	1

COMPONENTFINISH

COMPONENT 759408=IfcFlowTerminal
#	TMesh	1000018=IfcFlowTerminal
-0.996791	-0.0810503	-8.20995e-005	0	-0.0810501	0.99679	-0.00164009	0	-0.000214748	0.00162804	1.00008	0	111.521	-51.4651	-0.311358	1

COMPONENTFINISH

COMPONENT 759478=IfcFlowTerminal
#	TMesh	1000018=IfcFlowTerminal
0.996675	0.0809236	-0.000208952	0	0.080923	-0.996673	-0.00210481	0	0.000378603	-0.002081	0.999952	0	41.252	130.005	-0.265936	1

COMPONENTFINISH

COMPONENT 759548=IfcFlowTerminal
#	TMesh	1000086=IfcFlowTerminal
-0.998879	0.0477916	9.51179e-005	0	0.0477916	0.998879	-6.51708e-005	0	9.81238e-005	6.05507e-005	1.00002	0	62.5019	-59.4235	-0.712699	1

COMPONENTFINISH

COMPONENT 759618=IfcFlowTerminal
#	TMesh	1000018=IfcFlowTerminal
-0.99676	-0.0810817	0.000728019	0	0.0810809	-0.996759	-0.000960992	0	0.000803536	-0.000898803	1.00005	0	61.2355	131.637	-0.38327	1

COMPONENTFINISH

COMPONENT 759688=IfcFlowTerminal
#	TMesh	1000086=IfcFlowTerminal
-0.996641	-0.0812005	3.05984e-006	0	0.0812005	-0.996641	1.51024e-005	0	1.82335e-006	1.5301e-005	0.999943	0	61.2238	131.625	-0.719321	1

COMPONENTFINISH

COMPONENT 759758=IfcFlowTerminal
#	TMesh	1000018=IfcFlowTerminal
-0.996743	-0.0806691	0.000446008	0	-0.0806697	0.996741	-0.00172158	0	0.000305676	0.00175195	1	0	81.4736	-57.5074	-0.308351	1

COMPONENTFINISH

COMPONENT 759828=IfcFlowTerminal
#	TMesh	1000086=IfcFlowTerminal
0.996797	0.0807705	4.85161e-005	0	-0.0807706	0.996797	0.000288498	0	-2.5057e-005	-0.000291474	1.00006	0	63.4021	-58.9746	-0.746005	1

COMPONENTFINISH

COMPONENT 759898=IfcFlowTerminal
#	TMesh	1000018=IfcFlowTerminal
-0.996761	-0.0807591	0.000267992	0	0.0807587	-0.99676	-0.00147013	0	0.00038584	-0.00144369	1.00003	0	69.5149	132.302	-0.330655	1

COMPONENTFINISH

COMPONENT 759968=IfcFlowTerminal
#	TMesh	1000086=IfcFlowTerminal
0.998812	-0.0488357	0.000725314	0	-0.048836	-0.998813	0.000325882	0	-0.000708534	0.000360914	1.00001	0	63.7381	132.206	-0.755562	1

COMPONENTFINISH

COMPONENT 760038=IfcFlowTerminal
#	TMesh	1000018=IfcFlowTerminal
0.996732	0.080977	0.000107974	0	0.0809771	-0.99673	-0.00156295	0	1.89418e-005	-0.00156656	1.00001	0	54.8023	131.107	-0.320365	1

COMPONENTFINISH

COMPONENT 760108=IfcFlowTerminal
#	TMesh	1000086=IfcFlowTerminal
-0.998788	0.0492481	0.000331646	0	0.0492482	0.998788	7.14547e-005	0	0.000327725	-8.77009e-005	1	0	75.9176	-58.3293	-0.727786	1

COMPONENTFINISH

COMPONENT 760178=IfcFlowTerminal
#	TMesh	1000018=IfcFlowTerminal
0.996731	0.080682	0.000270775	0	-0.0806817	0.99673	-0.00102314	0	-0.000352442	0.000997958	0.99999	0	73.5612	-58.1453	-0.373156	1

COMPONENTFINISH

COMPONENT 760248=IfcFlowTerminal
#	TMesh	1000086=IfcFlowTerminal
0.998758	-0.050512	-1.07655e-005	0	-0.050512	-0.998758	-7.05039e-005	0	7.1906e-006	-7.09577e-005	1.00003	0	70.6741	132.766	-0.711259	1

COMPONENTFINISH

COMPONENT 760318=IfcFlowTerminal
#	TMesh	1000018=IfcFlowTerminal
0.996569	0.0812685	0.000177522	0	0.0812687	-0.996568	-0.00184823	0	-2.67125e-005	-0.00185654	0.999876	0	61.5539	131.639	-0.293785	1

COMPONENTFINISH

COMPONENT 760388=IfcFlowTerminal
#	TMesh	1000086=IfcFlowTerminal
0.996963	0.0793377	0.000514794	0	-0.0793378	0.996963	0.000144589	0	-0.000501702	-0.000184971	1.00011	0	76.8211	-57.8793	-0.736659	1

COMPONENTFINISH

COMPONENT 760458=IfcFlowTerminal
#	TMesh	1000018=IfcFlowTerminal
0.996645	0.0808248	0.000513124	0	-0.0808235	0.996643	-0.00211396	0	-0.000682319	0.00206557	0.999915	0	80.3535	-57.5901	-0.271591	1

COMPONENTFINISH

COMPONENT 760528=IfcFlowTerminal
#	TMesh	1000086=IfcFlowTerminal
0.996777	0.080395	-3.14641e-005	0	-0.080395	0.996777	0.000348185	0	5.93542e-005	-0.000344528	1.00001	0	80.3108	-57.5962	-0.750829	1

COMPONENTFINISH

COMPONENT 760598=IfcFlowTerminal
#	TMesh	1000018=IfcFlowTerminal
0.996617	0.0809748	0.000288679	0	-0.0809741	0.996616	-0.00192489	0	-0.000443613	0.00189519	0.9999	0	83.7568	-57.3142	-0.287518	1

COMPONENTFINISH

COMPONENT 760668=IfcFlowTerminal
#	TMesh	1000086=IfcFlowTerminal
-0.998847	0.047199	1.28114e-005	0	0.047199	0.998847	8.8379e-005	0	8.62551e-006	-8.88852e-005	0.999962	0	89.6693	-57.218	-0.726407	1

COMPONENTFINISH

COMPONENT 760738=IfcFlowTerminal
#	TMesh	1000018=IfcFlowTerminal
0.996682	0.0806625	0.000386586	0	-0.0806618	0.99668	-0.0015712	0	-0.00051207	0.00153489	0.999939	0	87.1154	-57.0426	-0.322068	1

COMPONENTFINISH

COMPONENT 760808=IfcFlowTerminal
#	TMesh	1000086=IfcFlowTerminal
-0.998952	0.0479981	0.000644436	0	0.0479982	0.998952	2.73513e-005	0	0.000642381	-5.82483e-005	1.0001	0	92.9816	-56.9607	-0.726672	1

COMPONENTFINISH

COMPONENT 760878=IfcFlowTerminal
#	TMesh	1000018=IfcFlowTerminal
-0.996732	-0.0809157	4.02281e-005	0	-0.0809157	0.996731	-0.00173826	0	-0.000100555	0.00173582	1.00001	0	108.608	-55.3074	-0.303095	1

COMPONENTFINISH

COMPONENT 760948=IfcFlowTerminal
#	TMesh	1000086=IfcFlowTerminal
-0.998871	0.0491701	0.00086581	0	0.0491702	0.998871	0.000114003	0	0.000859158	-0.000156433	1.00008	0	96.2578	-56.6888	-0.736868	1

COMPONENTFINISH

COMPONENT 761018=IfcFlowTerminal
#	TMesh	1000018=IfcFlowTerminal
0.996656	0.0806664	0.000220967	0	0.0806667	-0.996654	-0.00188187	0	-6.84297e-005	-0.00189356	0.999913	0	78.3555	133.009	-0.291004	1

COMPONENTFINISH

COMPONENT 761088=IfcFlowTerminal
#	TMesh	1000018=IfcFlowTerminal
-0.996648	-0.0807747	0.000781276	0	-0.080776	0.996647	-0.00173297	0	0.00063873	0.00179042	0.999915	0	74.9228	-60.7379	-0.310251	1

COMPONENTFINISH

COMPONENT 761158=IfcFlowTerminal
#	TMesh	1000086=IfcFlowTerminal
0.998739	-0.0498256	9.00403e-006	0	-0.0498256	-0.998739	5.05937e-005	0	-6.47195e-006	5.09795e-005	0.999981	0	53.8826	128.694	-0.722829	1

COMPONENTFINISH

COMPONENT 761228=IfcFlowTerminal
#	TMesh	1000018=IfcFlowTerminal
-0.996741	-0.0805647	0.000459545	0	-0.0805654	0.996739	-0.00184312	0	0.000309559	0.00187415	0.99999	0	76.8223	-60.5932	-0.296903	1

COMPONENTFINISH

COMPONENT 761298=IfcFlowTerminal
#	TMesh	1000086=IfcFlowTerminal
-0.998875	0.0500783	7.42257e-005	0	0.0500783	0.998875	0.000249859	0	6.16217e-005	-0.000253262	1.00013	0	64.4209	-61.9789	-0.742706	1

COMPONENTFINISH

COMPONENT 761368=IfcFlowTerminal
#	TMesh	1000018=IfcFlowTerminal
-0.996673	-0.0805035	-0.000164043	0	-0.0805032	0.996672	-0.0016761	0	-0.000298452	0.00165745	0.999918	0	81.6758	-60.1934	-0.307083	1

COMPONENTFINISH

COMPONENT 761438=IfcFlowTerminal
#	TMesh	1000086=IfcFlowTerminal
-0.99882	0.0484932	0.000312831	0	0.0484932	0.99882	-1.66832e-005	0	0.000313272	1.49335e-006	0.999997	0	69.4299	-61.5661	-0.719229	1

COMPONENTFINISH

COMPONENT 761508=IfcFlowTerminal
#	TMesh	1000018=IfcFlowTerminal
0.996761	0.0809934	0.00167305	0	0.0809968	-0.99676	-0.00205248	0	-0.00150132	-0.00218124	1.00004	0	51.6307	128.145	-0.288072	1

COMPONENTFINISH

COMPONENT 761578=IfcFlowTerminal
#	TMesh	1000086=IfcFlowTerminal
-0.996771	-0.0809271	-0.000124246	0	0.080927	-0.996771	0.000334097	0	-0.000150875	0.000322947	1.00005	0	69.7177	129.612	-0.748742	1

COMPONENTFINISH

COMPONENT 761648=IfcFlowTerminal
#	TMesh	1000018=IfcFlowTerminal
0.996807	0.080588	0.00134828	0	-0.0805856	0.996807	-0.0017652	0	-0.00148614	0.00165081	1.00006	0	70.3816	-61.1181	-0.312428	1

COMPONENTFINISH

COMPONENT 761718=IfcFlowTerminal
#	TMesh	1000086=IfcFlowTerminal
0.996824	0.0805755	0.00010587	0	-0.0805755	0.996824	0.000127226	0	-9.52754e-005	-0.000135343	1.00008	0	70.3793	-61.1179	-0.731218	1

COMPONENTFINISH

COMPONENT 761788=IfcFlowTerminal
#	TMesh	1000018=IfcFlowTerminal
-0.996795	-0.0809076	0.000355764	0	-0.0809081	0.996793	-0.00193505	0	0.000198048	0.00195749	1.00007	0	91.8816	-59.3778	-0.28728	1

COMPONENTFINISH

COMPONENT 761858=IfcFlowTerminal
#	TMesh	1000086=IfcFlowTerminal
-0.99876	0.0490799	0.000676898	0	0.0490798	0.99876	-8.56429e-005	0	0.000680286	5.23165e-005	0.999965	0	79.5394	-60.7421	-0.715901	1

COMPONENTFINISH

COMPONENT 761928=IfcFlowTerminal
#	TMesh	1000018=IfcFlowTerminal
0.996887	0.0803883	0.000926868	0	-0.0803864	0.996886	-0.00195631	0	-0.00108111	0.00187548	1.00012	0	77.1393	-60.5749	-0.290487	1

COMPONENTFINISH

COMPONENT 761998=IfcFlowTerminal
#	TMesh	1000086=IfcFlowTerminal
-0.998766	0.0483475	0.000788748	0	0.0483474	0.998766	-0.000154009	0	0.000795272	0.000115693	0.999936	0	82.9978	-60.4616	-0.710351	1

COMPONENTFINISH

COMPONENT 762068=IfcFlowTerminal
#	TMesh	1000018=IfcFlowTerminal
0.996756	0.081049	0.000528828	0	0.0810498	-0.996754	-0.00187951	0	-0.000374762	-0.00191619	1.00004	0	65.1803	129.242	-0.294127	1

COMPONENTFINISH

COMPONENT 762138=IfcFlowTerminal
#	TMesh	1000086=IfcFlowTerminal
-0.998742	0.0488526	0.00113703	0	0.0488531	0.998742	0.000412377	0	0.00111553	-0.000467435	0.999936	0	86.3376	-60.1879	-0.767363	1

COMPONENTFINISH

COMPONENT 762208=IfcFlowTerminal
#	TMesh	1000018=IfcFlowTerminal
-0.996683	-0.0806668	-6.23123e-005	0	-0.0806665	0.996681	-0.00207839	0	-0.000229776	0.00206659	0.99994	0	102.025	-58.5456	-0.269776	1

COMPONENTFINISH

COMPONENT 762278=IfcFlowTerminal
#	TMesh	1000086=IfcFlowTerminal
0.998811	-0.0482352	0.00029147	0	-0.0482351	-0.998811	-0.000119834	0	-0.000296911	-0.000105635	0.999975	0	80.8426	130.883	-0.709179	1

COMPONENTFINISH

COMPONENT 762348=IfcFlowTerminal
#	TMesh	1000018=IfcFlowTerminal
-0.996722	-0.0806452	0.000676596	0	0.0806441	-0.996721	-0.00148979	0	0.000794539	-0.00143037	0.999978	0	90.0764	131.254	-0.332464	1

COMPONENTFINISH

COMPONENT 762418=IfcFlowTerminal
#	TMesh	1000086=IfcFlowTerminal
-0.998917	0.0468057	0.000457752	0	0.0468056	0.998917	-0.000177764	0	0.00046557	0.000156144	1.00001	0	93.3132	-59.6382	-0.705262	1

COMPONENTFINISH

COMPONENT 762488=IfcFlowTerminal
#	TMesh	1000018=IfcFlowTerminal
0.99671	0.0803715	-0.000241757	0	0.0803708	-0.996708	-0.00206624	0	0.000407051	-0.00204012	0.999943	0	75.4112	130.068	-0.269306	1

COMPONENTFINISH

COMPONENT 762558=IfcFlowTerminal
#	TMesh	1000086=IfcFlowTerminal
-0.9989	0.0477255	0.00125119	0	0.047725	0.998901	-0.000398036	0	0.00126876	0.000337871	1.00004	0	96.6126	-59.3709	-0.691577	1

COMPONENTFINISH

COMPONENT 762628=IfcFlowTerminal
#	TMesh	1000018=IfcFlowTerminal
-0.996747	-0.0808326	0.000173126	0	0.0808322	-0.996746	-0.00158196	0	0.000300431	-0.00156279	1.00002	0	96.6377	131.791	-0.319165	1

COMPONENTFINISH

COMPONENT 762698=IfcFlowTerminal
#	TMesh	1000018=IfcFlowTerminal
-0.996668	-0.0807107	0.000947038	0	-0.0807124	0.996666	-0.00203063	0	0.000780041	0.00210045	0.999929	0	75.2803	-65.2259	-0.283463	1

COMPONENTFINISH

COMPONENT 762768=IfcFlowTerminal
#	TMesh	1000086=IfcFlowTerminal
-0.996751	-0.0805921	-9.7358e-005	0	0.0805921	-0.996751	0.000263817	0	-0.000118303	0.000255113	1	0	59.9461	124.298	-0.742193	1

COMPONENTFINISH

COMPONENT 762838=IfcFlowTerminal
#	TMesh	1000018=IfcFlowTerminal
-0.996892	-0.0804425	0.00177546	0	0.0804389	-0.996892	-0.00203285	0	0.00193321	-0.00188346	1.00013	0	61.8782	124.468	-0.290914	1

COMPONENTFINISH

COMPONENT 762908=IfcFlowTerminal
#	TMesh	1000086=IfcFlowTerminal
0.998837	-0.0485242	0.000207328	0	-0.0485242	-0.998837	0.000179222	0	-0.000198388	0.000189072	1.00002	0	56.0402	124.361	-0.73694	1

COMPONENTFINISH

COMPONENT 762978=IfcFlowTerminal
#	TMesh	1000018=IfcFlowTerminal
-0.996687	-0.0810501	0.00163365	0	0.0810473	-0.996687	-0.00170876	0	0.00176677	-0.00157073	0.999975	0	66.7427	124.05	-0.32033	1

COMPONENTFINISH

COMPONENT 763048=IfcFlowTerminal
#	TMesh	1000086=IfcFlowTerminal
0.998979	-0.0485539	0.000394925	0	-0.0485539	-0.998979	5.70561e-005	0	-0.00039169	7.61609e-005	1.00016	0	60.9662	123.971	-0.727345	1

COMPONENTFINISH

COMPONENT 763118=IfcFlowTerminal
#	TMesh	1000018=IfcFlowTerminal
-0.99658	-0.081211	0.000308901	0	-0.0812114	0.996579	-0.0017994	0	0.000161732	0.00181855	0.999882	0	85.4942	-64.389	-0.299624	1

COMPONENTFINISH

COMPONENT 763188=IfcFlowTerminal
#	TMesh	1000086=IfcFlowTerminal
-0.99881	0.0510615	0.0005611	0	0.0510617	0.99881	0.000195919	0	0.000550366	-0.00022431	1.00011	0	72.9374	-65.7986	-0.741963	1

COMPONENTFINISH

COMPONENT 763258=IfcFlowTerminal
#	TMesh	1000018=IfcFlowTerminal
