COMPONENT 2723413=IfcFlowFitting
#	TMesh	1023306=IfcFlowFitting
0.000507951	-1.68718e-005	0.999923	0	-0.996668	-0.0806202	0.000504792	0	0.0806202	-0.996668	-5.77614e-005	0	141.931	47.5161	-4.39445	1

COMPONENTFINISH

COMPONENT 2723523=IfcFlowFitting
#	TMesh	1023306=IfcFlowFitting
-0.997941	-0.0623391	-0.00011912	0	-0.0010426	0.0186017	-0.999713	0	-0.0623305	0.997768	0.0186305	0	79.6095	38.7983	71.1407	1

COMPONENTFINISH

COMPONENT 2723631=IfcFlowFitting
#	TMesh	1023306=IfcFlowFitting
0.000549316	0.000271529	-0.999994	0	-0.996713	-0.0809422	-0.000569463	0	-0.0809423	0.996713	0.000226162	0	144.73	45.4966	5.9736	1

COMPONENTFINISH

COMPONENT 2723748=IfcFlowSegment
#	TMesh	134769=IfcFlowSegment
0.0538432	-0.664492	3.92444e-005	0	0.664492	0.0538432	-1.44179e-009	0	3.16812e-006	-3.91164e-005	-0.66667	0	5.99319	4.65055	-4.98288	1

COMPONENTFINISH

COMPONENT 2723836=IfcFlowSegment
#	TMesh	1899735=IfcFlowSegment
0.0512966	0.0043782	-0.637276	0	-0.635196	-0.0514516	-0.0514826	0	0.051637	-0.637264	-0.000221669	0	121.699	36.9149	41.429	1

COMPONENTFINISH

COMPONENT 2723924=IfcFlowSegment
#	TMesh	1341730=IfcFlowSegment
-0.0121052	0.149397	3.56809e-005	0	0.149397	0.0121052	-3.31432e-010	0	2.88199e-006	-3.55643e-005	0.149887	0	60.357	34.4617	1.51682	1

COMPONENTFINISH

COMPONENT 2724008=IfcFlowSegment
#	TMesh	1288319=IfcFlowSegment
-6.35255e-005	-0.149586	-8.71707e-009	0	0.149586	-6.35255e-005	-1.96125e-008	0	-1.96088e-008	8.7254e-009	-0.149586	0	56.4604	38.8264	0.0670862	1

COMPONENTFINISH

COMPONENT 2724092=IfcFlowSegment
#	TMesh	1288319=IfcFlowSegment
0.149576	0.000222766	-5.06882e-008	0	-0.000222766	0.149576	-1.21442e-008	0	-5.067e-008	-1.22197e-008	-0.149576	0	73.019	21.7096	0.0671339	1

COMPONENTFINISH

COMPONENT 2724173=IfcFlowFitting
#	TMesh	1023306=IfcFlowFitting
-0.996501	-0.0822211	7.02441e-005	0	-4.85182e-005	0.00144293	0.999886	0	-0.0822211	0.9965	-0.00144204	0	77.2309	36.3096	-69.5976	1

COMPONENTFINISH

COMPONENT 2724281=IfcFlowFitting
#	TMesh	1023306=IfcFlowFitting
-0.000761449	0.0199213	0.999758	0	-0.997926	-0.0636861	0.000508875	0	-0.0636836	0.997728	-0.0199293	0	142.479	40.3797	-4.37144	1

COMPONENTFINISH

COMPONENT 2724391=IfcFlowFitting
#	TMesh	1023306=IfcFlowFitting
-0.998341	-0.0605809	0.00165388	0	-0.00267231	0.0167381	-1.00004	0	-0.0605445	0.998202	0.0168692	0	80.0149	35.3318	71.1563	1

COMPONENTFINISH

COMPONENT 2724499=IfcFlowFitting
#	TMesh	1023306=IfcFlowFitting
-8.53539e-005	-0.00157363	-1.00004	0	-0.996867	-0.0796201	0.000210404	0	-0.0796203	0.996865	-0.00156184	0	145.034	41.8245	5.92092	1

COMPONENTFINISH

COMPONENT 2724616=IfcFlowSegment
#	TMesh	134769=IfcFlowSegment
0.0538395	-0.66451	2.89402e-005	0	-0.66451	-0.0538395	1.68473e-010	0	2.33695e-006	-2.88457e-005	-0.666688	0	142.199	12.9771	-4.98346	1

COMPONENTFINISH

COMPONENT 2724704=IfcFlowSegment
#	TMesh	2711772=IfcFlowSegment
-0.986962	-0.160996	-0.000163599	0	-0.160996	0.98696	0.00201911	0	0.000163602	-0.00201911	1.00001	0	156.108	-40.7182	-0.200027	1

COMPONENTFINISH

COMPONENT 2724792=IfcFlowSegment
#	TMesh	1341730=IfcFlowSegment
-0.0121064	0.149411	-3.77576e-005	0	-0.149411	-0.0121064	1.56572e-009	0	3.04787e-006	-3.76344e-005	-0.1499	0	89.7788	34.1366	0.207583	1

COMPONENTFINISH

COMPONENT 2724876=IfcFlowSegment
#	TMesh	1288319=IfcFlowSegment
0.149661	-7.16461e-006	2.73641e-008	0	-7.16461e-006	-0.149661	2.14684e-008	0	-2.73631e-008	2.14697e-008	0.149661	0	70.5991	50.058	1.50771	1

COMPONENTFINISH

COMPONENT 2724960=IfcFlowSegment
#	TMesh	1288319=IfcFlowSegment
0.000135661	0.149692	2.19999e-008	0	-0.149692	0.000135661	1.02036e-008	0	1.01837e-008	-2.20092e-008	0.149692	0	90.5437	32.926	1.50786	1

COMPONENTFINISH

COMPONENT 2725041=IfcFlowFitting
#	TMesh	1023306=IfcFlowFitting
-0.994884	-0.100473	-0.000822574	0	0.000923574	-0.0173299	0.999794	0	0.100472	-0.994733	-0.017335	0	77.1657	37.284	-69.5686	1

COMPONENTFINISH

COMPONENT 2725149=IfcFlowFitting
#	TMesh	1023306=IfcFlowFitting
0.000236809	0.000939354	0.999932	0	-0.9966	-0.0815581	0.000312567	0	0.0815583	-0.9966	0.000916908	0	142.435	41.2978	-4.38206	1

COMPONENTFINISH

COMPONENT 2725259=IfcFlowFitting
#	TMesh	1023306=IfcFlowFitting
-0.996757	-0.0803747	0.000401169	0	-0.000355959	-0.000575826	-0.999992	0	0.0803749	-0.996757	0.000545354	0	79.9025	36.2154	71.1781	1

COMPONENTFINISH

COMPONENT 2725367=IfcFlowFitting
#	TMesh	1023306=IfcFlowFitting
-0.00109804	-0.000287727	-1.00019	0	-0.996976	-0.0800692	0.00111759	0	-0.0800695	0.996977	-0.000198894	0	145.265	39.1583	5.85621	1

COMPONENTFINISH

COMPONENT 2725484=IfcFlowSegment
#	TMesh	134769=IfcFlowSegment
0.0538399	-0.664517	0.000149852	0	0.664517	0.0538399	-2.25248e-009	0	1.20993e-005	-0.000149363	-0.666695	0	6.57207	-2.52759	-4.97862	1

COMPONENTFINISH

COMPONENT 2725572=IfcFlowSegment
#	TMesh	1341730=IfcFlowSegment
0.0121057	-0.149411	-3.97494e-005	0	-0.149411	-0.0121057	2.12006e-009	0	-3.2122e-006	3.96194e-005	-0.1499	0	89.8671	33.0466	0.207605	1

COMPONENTFINISH

COMPONENT 2725660=IfcFlowSegment
#	TMesh	2711772=IfcFlowSegment
-0.993477	-0.0805636	0.0807612	0	-0.0805647	-0.00569193	-0.996738	0	0.0807601	-0.996738	-0.000835772	0	149.821	36.8763	82.3847	1

COMPONENTFINISH

COMPONENT 2725744=IfcFlowSegment
#	TMesh	1288319=IfcFlowSegment
0.149594	1.43566e-005	2.48395e-008	0	1.43566e-005	-0.149594	2.0435e-008	0	-2.48414e-008	2.04326e-008	0.149594	0	70.961	45.5654	1.50739	1

COMPONENTFINISH

COMPONENT 2725828=IfcFlowSegment
#	TMesh	1288319=IfcFlowSegment
1.06184e-007	0.149626	4.12298e-008	0	-0.149626	1.06184e-007	1.94387e-008	0	1.94387e-008	-4.12298e-008	0.149626	0	90.9018	28.4556	1.50754	1

COMPONENTFINISH

COMPONENT 2725909=IfcFlowFitting
#	TMesh	1023306=IfcFlowFitting
-0.994845	-0.100523	-0.000690699	0	0.00104862	-0.0172467	0.999762	0	0.10052	-0.994696	-0.0172648	0	77.5201	32.793	-69.5671	1

COMPONENTFINISH

COMPONENT 2726017=IfcFlowFitting
#	TMesh	1023306=IfcFlowFitting
0.000295758	0.000571851	0.999926	0	-0.99662	-0.0812424	0.000341058	0	0.0812426	-0.99662	0.000545933	0	142.8	36.7921	-4.38361	1

COMPONENTFINISH

COMPONENT 2726127=IfcFlowFitting
#	TMesh	1023306=IfcFlowFitting
-0.996592	-0.0811462	-0.000208825	0	0.000188351	0.000260279	-0.99989	0	0.0811463	-0.996591	-0.000244135	0	80.226	31.675	71.1749	1

COMPONENTFINISH

COMPONENT 2726235=IfcFlowFitting
#	TMesh	1023306=IfcFlowFitting
-5.34654e-005	-4.19803e-005	-1.00002	0	-0.996771	-0.0805495	5.67138e-005	0	-0.0805495	0.99677	-3.75429e-005	0	145.61	34.7058	5.92992	1

COMPONENTFINISH

COMPONENT 2726352=IfcFlowSegment
#	TMesh	134769=IfcFlowSegment
0.053841	-0.664516	3.13227e-005	0	0.664516	0.053841	-2.54429e-009	0	2.52703e-006	-3.12205e-005	-0.666694	0	6.86282	-6.11484	-4.98342	1

COMPONENTFINISH

COMPONENT 2726440=IfcFlowSegment
#	TMesh	2711772=IfcFlowSegment
0.986956	0.160996	-1.77027e-005	0	0.160996	-0.986956	0.000218482	0	1.77029e-005	-0.000218482	-1	0	-8.24171	101.716	1.44111	1

COMPONENTFINISH

COMPONENT 2726528=IfcFlowSegment
#	TMesh	1341730=IfcFlowSegment
-4.56813e-006	5.64126e-005	-0.149908	0	-0.149419	-0.012098	5.82406e-010	0	-0.012098	0.149419	5.65973e-005	0	90.2434	28.4123	2.56564	1

COMPONENTFINISH

COMPONENT 2726612=IfcFlowSegment
#	TMesh	1288319=IfcFlowSegment
2.33281e-005	-0.149662	2.60355e-008	0	0.149662	2.33281e-005	1.61513e-008	0	-1.61554e-008	2.60329e-008	0.149662	0	57.3237	28.0535	1.50772	1

COMPONENTFINISH

COMPONENT 2726696=IfcFlowSegment
#	TMesh	1288319=IfcFlowSegment
-0.149649	4.31276e-005	-4.45313e-008	0	4.31276e-005	0.149649	-1.63053e-008	0	4.45266e-008	-1.63181e-008	-0.149649	0	77.2631	10.9393	0.0667851	1

COMPONENTFINISH

COMPONENT 2726777=IfcFlowFitting
#	TMesh	1023306=IfcFlowFitting
-0.995002	-0.100801	-0.00116047	0	0.000530392	-0.0167475	0.999955	0	0.100806	-0.994862	-0.0167157	0	77.8477	29.1712	-69.579	1

COMPONENTFINISH

COMPONENT 2726885=IfcFlowFitting
#	TMesh	1023306=IfcFlowFitting
-0.00142506	0.0195858	0.999863	0	-0.998027	-0.0636535	-0.000175595	0	-0.0636378	0.997835	-0.0196368	0	143.362	29.6143	-4.32408	1

COMPONENTFINISH

COMPONENT 2726995=IfcFlowFitting
#	TMesh	1023306=IfcFlowFitting
-0.99672	-0.08041	0.000746131	0	-0.000662953	-0.00106073	-0.999957	0	0.0804107	-0.996719	0.00100399	0	80.5781	28.1762	71.1734	1

COMPONENTFINISH

COMPONENT 2727103=IfcFlowFitting
#	TMesh	1023306=IfcFlowFitting
-0.000502139	-0.00140354	-1.00006	0	-0.996898	-0.0794925	0.00061211	0	-0.0794933	0.996897	-0.00135919	0	145.91	31.0499	5.8925	1

COMPONENTFINISH

COMPONENT 2727220=IfcFlowSegment
#	TMesh	134769=IfcFlowSegment
9.50517e-007	-1.17509e-005	-0.666689	0	-0.664511	-0.0538445	1.63891e-009	0	0.0538445	-0.664511	1.17893e-005	0	141.433	22.4261	-26.1642	1

COMPONENTFINISH

COMPONENT 2727308=IfcFlowSegment
#	TMesh	2711772=IfcFlowSegment
-0.986958	-0.160996	-7.22612e-006	0	-0.160996	0.986958	8.91812e-005	0	-7.2259e-006	8.91812e-005	-1	0	157.053	-52.3814	1.45171	1

COMPONENTFINISH

COMPONENT 2727396=IfcFlowSegment
#	TMesh	1341730=IfcFlowSegment
0.0121045	-0.149399	3.24676e-005	0	-0.149399	-0.0121045	-1.85969e-009	0	-2.62383e-006	3.23614e-005	0.149888	0	90.4474	25.8699	1.51686	1

COMPONENTFINISH

COMPONENT 2727480=IfcFlowSegment
#	TMesh	1288319=IfcFlowSegment
-0.14969	5.20869e-006	-2.19305e-008	0	5.20869e-006	0.14969	-3.27256e-008	0	2.19293e-008	-3.27264e-008	-0.14969	0	74.9438	7.13544	0.0665905	1

COMPONENTFINISH

COMPONENT 2727564=IfcFlowSegment
#	TMesh	1288319=IfcFlowSegment
3.90972e-005	0.149688	4.02063e-008	0	0.149688	-3.90972e-005	1.9871e-008	0	-1.98815e-008	-4.02011e-008	0.149688	0	60.226	21.2825	1.50784	1

COMPONENTFINISH

COMPONENT 2727645=IfcFlowFitting
#	TMesh	1023306=IfcFlowFitting
-0.996839	-0.080444	-0.000936985	0	-0.000910163	-0.000370722	1.00008	0	-0.0804443	0.996839	0.000296307	0	78.4541	22.075	-69.6081	1

COMPONENTFINISH

COMPONENT 2727753=IfcFlowFitting
#	TMesh	1023306=IfcFlowFitting
0.00021404	-0.000565711	0.999974	0	-0.99673	-0.0804805	0.000167698	0	0.0804804	-0.99673	-0.0005811	0	143.39	29.5679	-4.37036	1

COMPONENTFINISH

COMPONENT 2727863=IfcFlowFitting
#	TMesh	1023306=IfcFlowFitting
-0.996659	-0.0808239	3.61204e-005	0	-3.94583e-005	4.04641e-005	-0.99993	0	0.0808239	-0.996659	-4.35231e-005	0	80.8242	24.5124	71.1763	1

COMPONENTFINISH

COMPONENT 2727971=IfcFlowFitting
#	TMesh	1023306=IfcFlowFitting
0.00163817	0.000332996	-0.999792	0	-0.996514	-0.080893	-0.00165978	0	-0.0808934	0.996516	0.000199363	0	146.164	27.5518	6.04942	1

COMPONENTFINISH

COMPONENT 2728088=IfcFlowSegment
#	TMesh	134769=IfcFlowSegment
0.0538404	-0.664511	2.14793e-006	0	-0.664511	-0.0538404	-1.46616e-009	0	1.74924e-007	-2.1408e-006	-0.666689	0	143.41	-1.97358	-4.98456	1

COMPONENTFINISH

COMPONENT 2728176=IfcFlowSegment
#	TMesh	2711772=IfcFlowSegment
0.993481	0.0804995	0.0807611	0	0.0805008	0.00648022	-0.996737	0	0.0807599	-0.996737	4.22912e-005	0	-1.14933	14.1816	82.384	1

COMPONENTFINISH

COMPONENT 2728264=IfcFlowSegment
#	TMesh	1341730=IfcFlowSegment
0.0121112	-0.149402	3.40029e-005	0	0.149402	0.0121112	-1.75381e-009	0	-2.74566e-006	3.38919e-005	0.149892	0	61.5108	20.214	1.51686	1

COMPONENTFINISH

COMPONENT 2728348=IfcFlowSegment
#	TMesh	1288319=IfcFlowSegment
0.149631	2.48436e-005	-3.52014e-008	0	-2.48436e-005	0.149631	-3.8006e-008	0	-3.51951e-008	-3.80118e-008	-0.149631	0	71.8127	3.85214	0.0668747	1

COMPONENTFINISH

COMPONENT 2728432=IfcFlowSegment
#	TMesh	1288319=IfcFlowSegment
2.36225e-005	-0.14963	2.50337e-008	0	-0.14963	-2.36225e-005	2.12002e-008	0	2.11963e-008	2.5037e-008	0.14963	0	91.7499	21.3924	1.50756	1

COMPONENTFINISH

COMPONENT 2728513=IfcFlowFitting
#	TMesh	1023306=IfcFlowFitting
-0.996673	-0.0805748	-0.000575006	0	-0.000516295	-0.000747591	0.999924	0	-0.0805752	0.996673	0.000703557	0	78.6923	18.8132	-69.5994	1

COMPONENTFINISH

COMPONENT 2728621=IfcFlowFitting
#	TMesh	1023306=IfcFlowFitting
0.000491738	-5.55329e-005	0.999906	0	-0.99665	-0.0806284	0.000485599	0	0.0806283	-0.99665	-9.49989e-005	0	143.65	26.2864	-4.39297	1

COMPONENTFINISH

COMPONENT 2728731=IfcFlowFitting
#	TMesh	1023306=IfcFlowFitting
-0.998042	-0.0616418	0.000348717	0	-0.00144497	0.0177393	-0.999785	0	-0.0616259	0.997884	0.0177946	0	81.3577	17.6249	71.1443	1

COMPONENTFINISH

COMPONENT 2728839=IfcFlowFitting
#	TMesh	1023306=IfcFlowFitting
0.000175267	5.90086e-006	-0.999982	0	-0.996765	-0.0801573	-0.000175178	0	-0.0801573	0.996765	-8.17474e-006	0	146.455	24.2122	5.94604	1

COMPONENTFINISH

COMPONENT 2735036=IfcFlowSegment
#	TMesh	124188=IfcFlowSegment
0.000128336	1.03095e-005	-2.7372	0	0.221058	-2.72826	8.87388e-008	0	-2.72826	-0.221058	-0.00012875	0	56.5914	375.979	-590.389	1

COMPONENTFINISH

COMPONENT 2735124=IfcFlowSegment
#	TMesh	126470=IfcFlowSegment
0.00110448	9.40512e-005	-0.527854	0	0.52613	0.0426255	0.00110846	0	0.0426256	-0.526131	-4.55484e-006	0	155.233	98.9351	52.5772	1

COMPONENTFINISH

COMPONENT 2735212=IfcFlowSegment
#	Mesh	0	Begin

#	Vertex	72
87.5353	97.6863	0.940572
87.5278	97.6856	0.938566
87.5208	97.6851	0.935292
87.5145	97.6846	0.930848
87.509	97.6841	0.925369
87.5046	97.6838	0.919022
87.5013	97.6835	0.912
87.4993	97.6833	0.904516
87.4986	97.6833	0.896797
87.4993	97.6833	0.889078
87.5013	97.6835	0.881594
87.5046	97.6838	0.874572
87.509	97.6841	0.868225
87.5145	97.6846	0.862746
87.5208	97.6851	0.858302
87.5278	97.6856	0.855028
87.5353	97.6863	0.853022
87.543	97.6869	0.852347
87.5506	97.6875	0.853022
87.5581	97.6881	0.855028
87.5651	97.6887	0.858302
87.5714	97.6892	0.862746
87.5769	97.6896	0.868225
87.5813	97.69	0.874572
87.5846	97.6902	0.881594
87.5866	97.6904	0.889078
87.5873	97.6905	0.896797
87.5866	97.6904	0.904516
87.5846	97.6902	0.912
87.5813	97.69	0.919022
87.5769	97.6896	0.925369
87.5714	97.6892	0.930848
87.5651	97.6887	0.935292
87.5581	97.6881	0.938566
87.5506	97.6875	0.940572
87.543	97.6869	0.941247
87.72	95.4062	0.940572
87.7125	95.4056	0.938566
87.7055	95.405	0.935292
87.6992	95.4045	0.930848
87.6938	95.4041	0.925369
87.6893	95.4037	0.919022
87.6861	95.4035	0.912
87.6841	95.4033	0.904516
87.6834	95.4032	0.896797
87.6841	95.4033	0.889078
87.6861	95.4035	0.881594
87.6893	95.4037	0.874572
87.6938	95.4041	0.868225
87.6992	95.4045	0.862746
87.7055	95.405	0.858302
87.7125	95.4056	0.855028
87.72	95.4062	0.853022
87.7277	95.4068	0.852347
87.7354	95.4075	0.853022
87.7429	95.4081	0.855028
87.7498	95.4086	0.858302
87.7562	95.4091	0.862746
87.7616	95.4096	0.868225
87.7661	95.4099	0.874572
87.7693	95.4102	0.881594
87.7713	95.4104	0.889078
87.772	95.4104	0.896797
87.7713	95.4104	0.904516
87.7693	95.4102	0.912
87.7661	95.4099	0.919022
87.7616	95.4096	0.925369
87.7562	95.4091	0.930848
87.7498	95.4086	0.935292
87.7429	95.4081	0.938566
87.7354	95.4075	0.940572
87.7277	95.4068	0.941247

#	Triangle	83
35	36	71	0	36	35
0	37	36
1	37	0
1	38	37
2	38	1
2	39	38	3	39	2
3	40	39	4	40	3
4	41	40	5	41	4
5	42	41	6	42	5
6	43	42	7	43	6
7	44	43	8	44	7
8	45	44	9	45	8
9	46	45	10	46	9
10	47	46	11	47	10
11	48	47	12	48	11
12	49	48	13	49	12
13	50	49	14	50	13
14	51	50
15	51	14
15	52	51
16	52	15
16	53	52	17	53	16
17	54	53
18	54	17
18	55	54
19	55	18
19	56	55
20	56	19
20	57	56
21	57	20
21	58	57	22	58	21
22	59	58	23	59	22
23	60	59
24	60	23
24	61	60
25	61	24
25	62	61	26	62	25
26	63	62	27	63	26
27	64	63
28	64	27
28	65	64
29	65	28
29	66	65	30	66	29
30	67	66	31	67	30
31	68	67
32	68	31
32	69	68
33	69	32
33	70	69
34	70	33
34	71	70
35	71	34
7	9	8	26	25	27
6	9	7	27	25	24
6	10	9	27	24	28
5	10	6	28	24	23
5	11	10
4	11	5	4	12	11	29	22	30	29	23	22
3	12	4	3	13	12
2	13	3	2	14	13
1	14	2	1	15	14	32	19	33	32	20	19
0	15	1	0	16	15
35	16	0	35	17	16
34	17	35	34	18	17
33	18	34	33	19	18
31	20	32	31	21	20
30	21	31	30	22	21
28	23	29
45	43	44	62	63	61
46	43	45
46	42	43	61	64	60
47	42	46	60	64	65
47	41	42	60	65	59
48	41	47	48	40	41	59	66	58	59	65	66
49	40	48	49	39	40
50	39	49	50	38	39
51	38	50	51	37	38
52	37	51	52	36	37	55	70	54	55	69	70
53	36	52	53	71	36	54	71	53	54	70	71
56	69	55	56	68	69
57	68	56	57	67	68
58	67	57	58	66	67
61	63	64

#	Normal	83
-0.0868485	-0.00703695	0.996197
-0.257941	-0.0208999	0.965934
-0.257921	-0.0208983	0.96594
-0.421186	-0.0341269	0.906332
-0.421217	-0.0341293	0.906318
-0.572041	-0.04635	0.818914
-0.704822	-0.0571086	0.707082
-0.816469	-0.0661549	0.573587
-0.903254	-0.0731867	0.422819
-0.962727	-0.0780056	0.258982
-0.992954	-0.0804547	0.0870019
-0.992954	-0.0804547	-0.0870026
-0.962727	-0.0780056	-0.258982
-0.903254	-0.0731867	-0.422819
-0.816472	-0.0661551	-0.573583
-0.704818	-0.0571083	-0.707086
-0.572041	-0.04635	-0.818914
-0.421192	-0.0341273	-0.906329
-0.421223	-0.03413	-0.906315
-0.257941	-0.0208999	-0.965934
-0.257921	-0.0208982	-0.96594
-0.0868485	-0.00703695	-0.996197
0.0868485	0.00703695	-0.996197
0.0868556	0.00703755	-0.996196
0.257941	0.0208999	-0.965934
0.258172	0.0209194	-0.965873
0.421576	0.0341599	-0.906149
0.421223	0.03413	-0.906315
0.571609	0.0463151	-0.819218
0.571571	0.0463119	-0.819245
0.704777	0.057105	-0.707126
0.816472	0.0661551	-0.573583
0.903254	0.0731867	-0.422819
0.903285	0.0731895	-0.422752
0.962747	0.0780075	-0.258906
0.962727	0.0780056	-0.258982
0.992954	0.0804547	-0.0870026
0.992954	0.0804547	0.0870019
0.962748	0.0780072	0.258906
0.962727	0.0780058	0.258982
0.903254	0.0731869	0.422819
0.903285	0.0731892	0.422752
0.816469	0.0661549	0.573587
0.704781	0.0571053	0.707122
0.571609	0.0463149	0.819218
0.571571	0.046312	0.819245
0.42157	0.034158	0.906153
0.421217	0.0341308	0.906318
0.257941	0.0209007	0.965934
0.258172	0.0209186	0.965873
0.0868485	0.00703698	0.996197
0.0868556	0.00703753	0.996196
-8.44228e-007	1.03719e-005	-0
-2.53268e-006	3.08746e-005	-0
-4.98842e-006	6.08112e-005	-0
-8.07648e-006	9.92932e-005	-0
-0.081072	0.996708	-0
-0.0808631	0.996725	-0
-0.0798586	0.996806	-0
-0.0813121	0.996689	-0
-0.0800989	0.996787	-0
-0.0814043	0.996681	-0
-0.0809517	0.996718	-0
-0.0799463	0.996799	-0
-0.0814891	0.996674	-0
-0.0812123	0.996697	-0
-0.0812753	0.996692	-0
-0.0787025	0.996898	-0
8.44228e-007	-1.03719e-005	-0
2.53268e-006	-3.08746e-005	-0
4.98842e-006	-6.08112e-005	-0
8.07648e-006	-9.92932e-005	-0
0.081072	-0.996708	-0
0.0808631	-0.996725	-0
0.0798586	-0.996806	-0
0.0813121	-0.996689	-0
0.0812041	-0.996697	-0
0.0803675	-0.996765	-0
0.0809517	-0.996718	-0
0.0812943	-0.99669	-0
0.0799898	-0.996796	-0
0.0812753	-0.996692	-0
2.41208e-006	-3.08746e-005	-0

#	Mesh	0	End


COMPONENTFINISH

COMPONENT 2735296=IfcFlowSegment
#	TMesh	1019296=IfcFlowSegment
0.553816	-0.0123652	-8.71839e-009	0	8.58664e-009	-5.99843e-009	0.553954	0	0.0123652	0.553816	5.80527e-009	0	87.2492	92.3785	-51.9081	1

COMPONENTFINISH

COMPONENT 2735380=IfcFlowSegment
#	TMesh	1019296=IfcFlowSegment
0.553706	-0.0173505	-4.99627e-009	0	4.7857e-009	-6.7983e-009	0.553978	0	0.0173505	0.553706	6.64508e-009	0	87.066	94.5595	-51.9103	1

COMPONENTFINISH

COMPONENT 2735461=IfcFlowFitting
#	TMesh	1112997=IfcFlowFitting
-1.87759e-005	-0.0003381	0.999833	0	0.0807053	-0.99657	-0.000335517	0	0.99657	0.0807053	4.60087e-005	0	83.327	133.3	-43.935	1

COMPONENTFINISH

COMPONENT 2735540=IfcFlowFitting
#	TMesh	1112997=IfcFlowFitting
0.002916	0.00175137	-0.999836	0	-0.0836912	0.996331	0.00150106	0	-0.996328	-0.0836863	-0.00305236	0	92.4834	52.9621	46.1156	1

COMPONENTFINISH

COMPONENT 2735621=IfcFlowFitting
#	TMesh	1112997=IfcFlowFitting
3.53199e-005	-0.000327634	-0.999801	0	0.0808239	-0.996528	0.000329344	0	-0.996528	-0.0808239	-8.72044e-006	0	85.7944	135.688	46.1573	1

COMPONENTFINISH

COMPONENT 2735700=IfcFlowFitting
#	TMesh	1112997=IfcFlowFitting
-0.0808372	0.996572	0.000283059	0	-7.52136e-005	-0.000290105	0.999845	0	0.996572	0.0808372	9.84212e-005	0	90.0372	50.5363	-39.4845	1

COMPONENTFINISH

COMPONENT 2735788=IfcFlowSegment
#	Mesh	0	Begin

#	Vertex	72
91.0043	71.1573	0.701073
91.0045	71.1549	0.700428
91.0047	71.1526	0.699375
91.0048	71.1506	0.697947
91.005	71.1488	0.696185
91.0051	71.1474	0.694145
91.0052	71.1464	0.691887
91.0052	71.1457	0.689481
91.0053	71.1455	0.687
91.0052	71.1457	0.684519
91.0052	71.1464	0.682113
91.0051	71.1474	0.679855
91.005	71.1488	0.677815
91.0048	71.1506	0.676053
91.0047	71.1526	0.674625
91.0045	71.1549	0.673572
91.0043	71.1573	0.672927
91.0041	71.1597	0.67271
91.0039	71.1622	0.672927
91.0037	71.1646	0.673572
91.0035	71.1669	0.674625
91.0034	71.1689	0.676053
91.0032	71.1707	0.677815
91.0031	71.1721	0.679855
91.003	71.1731	0.682113
91.003	71.1738	0.684519
91.0029	71.174	0.687
91.003	71.1738	0.689481
91.003	71.1731	0.691887
91.0031	71.1721	0.694145
91.0032	71.1707	0.696185
91.0034	71.1689	0.697947
91.0035	71.1669	0.699375
91.0037	71.1646	0.700428
91.0039	71.1622	0.701073
91.0041	71.1597	0.70129
92.4076	71.271	0.701073
92.4078	71.2686	0.700428
92.408	71.2663	0.699375
92.4081	71.2643	0.697947
92.4083	71.2625	0.696185
92.4084	71.2611	0.694145
92.4085	71.2601	0.691887
92.4085	71.2594	0.689481
92.4085	71.2592	0.687
92.4085	71.2594	0.684519
92.4085	71.2601	0.682113
92.4084	71.2611	0.679855
92.4083	71.2625	0.677815
92.4081	71.2643	0.676053
92.408	71.2663	0.674625
92.4078	71.2686	0.673572
92.4076	71.271	0.672927
92.4074	71.2734	0.67271
92.4072	71.2759	0.672927
92.407	71.2783	0.673572
92.4068	71.2806	0.674625
92.4066	71.2826	0.676053
92.4065	71.2844	0.677815
92.4064	71.2858	0.679855
92.4063	71.2868	0.682113
92.4063	71.2875	0.684519
92.4062	71.2877	0.687
92.4063	71.2875	0.689481
92.4063	71.2868	0.691887
92.4064	71.2858	0.694145
92.4065	71.2844	0.696185
92.4066	71.2826	0.697947
92.4068	71.2806	0.699375
92.407	71.2783	0.700428
92.4072	71.2759	0.701073
92.4074	71.2734	0.70129

#	Triangle	92
35	36	71
0	36	35
0	37	36	1	37	0
1	38	37	2	38	1
2	39	38
3	39	2
3	40	39	4	40	3
4	41	40	5	41	4
5	42	41
6	42	5
6	43	42	7	43	6
7	44	43	8	44	7
8	45	44	9	45	8
9	46	45	10	46	9
10	47	46
11	47	10
11	48	47	12	48	11
12	49	48	13	49	12
13	50	49
14	50	13
14	51	50	15	51	14
15	52	51	16	52	15
16	53	52
17	53	16
17	54	53	18	54	17
18	55	54
19	55	18
19	56	55
20	56	19
20	57	56	21	57	20
21	58	57
22	58	21
22	59	58
23	59	22
23	60	59	24	60	23
24	61	60
25	61	24
25	62	61
26	62	25
26	63	62
27	63	26
27	64	63
28	64	27
28	65	64	29	65	28
29	66	65
30	66	29
30	67	66
31	67	30
31	68	67	32	68	31
32	69	68
33	69	32
33	70	69
34	70	33
34	71	70	35	71	34
7	9	8	26	25	27
6	9	7	27	25	24
6	10	9
5	10	6	28	24	23
5	11	10	28	23	29
4	11	5	29	23	22
4	12	11	29	22	30
3	12	4	30	22	21
3	13	12	30	21	31
2	13	3	31	21	20
2	14	13	31	20	32
1	14	2
1	15	14	32	19	33
0	15	1	33	19	18
0	16	15	33	18	34
35	16	0
35	17	16	34	17	35
34	18	17
32	20	19
27	24	28
45	43	44	62	63	61
46	43	45	61	63	64
46	42	43	61	64	60
47	42	46	60	64	65
47	41	42	60	65	59
48	41	47	59	65	66
48	40	41	59	66	58
49	40	48	58	66	67
49	39	40	58	67	57
50	39	49	57	67	68
50	38	39	57	68	56
51	38	50	56	68	69
51	37	38	56	69	55
52	37	51	55	69	70
52	36	37	55	70	54
53	36	52
53	71	36	54	71	53
54	70	71

#	Normal	92
0.00705297	-0.0870461	0.996179
0.00705123	-0.0870241	0.996181
0.0208986	-0.257924	0.965939
0.0341367	-0.421304	0.906277
0.0463521	-0.572063	0.818899
0.0463614	-0.572182	0.818815
0.057073	-0.704382	0.707523
0.0661862	-0.816855	0.573034
0.0731343	-0.902606	0.424209
0.0731269	-0.902509	0.424417
0.0780237	-0.962944	0.258168
0.0804479	-0.992864	0.0880317
0.0804479	-0.992864	-0.0880317
0.0780237	-0.962944	-0.258168
0.0731347	-0.902606	-0.424209
0.0731265	-0.902509	-0.424417
0.0661862	-0.816855	-0.573034
0.057073	-0.704382	-0.707523
0.0463518	-0.572063	-0.818899
0.0463617	-0.572182	-0.818815
0.0341367	-0.421304	-0.906277
0.0208986	-0.257924	-0.965939
0.00705301	-0.0870461	-0.996179
0.00705119	-0.0870241	-0.996181
-0.00702926	0.0867534	-0.996205
-0.0208985	0.257924	-0.965939
-0.0209037	0.257987	-0.965922
-0.0341367	0.421304	-0.906277
-0.0341286	0.421208	-0.906322
-0.0463614	0.572182	-0.818815
-0.0570628	0.704256	-0.707649
-0.0570734	0.704382	-0.707523
-0.0661962	0.816973	-0.572864
-0.0661862	0.816855	-0.573034
-0.0731265	0.902509	-0.424417
-0.0780232	0.962944	-0.258168
-0.0780288	0.963007	-0.257931
-0.0804479	0.992864	-0.0880317
-0.0804457	0.992842	-0.0882831
-0.0804475	0.992864	0.0880317
-0.0804461	0.992842	0.0882831
-0.0780237	0.962944	0.258168
-0.0780283	0.963007	0.257931
-0.0731265	0.902509	0.424417
-0.0661958	0.816973	0.572864
-0.0661866	0.816855	0.573034
-0.0570631	0.704256	0.707649
-0.057073	0.704382	0.707523
-0.0463614	0.572182	0.818815
-0.0341365	0.421304	0.906277
-0.0341288	0.421208	0.906322
-0.0208986	0.257924	0.965939
-0.0209036	0.257987	0.965922
-0.00702926	0.0867534	0.996205
-1.08563e-006	-7.75452e-008	-0
-3.17935e-006	-2.71408e-007	-0
-6.26205e-006	-5.34565e-007	-0
-1.03095e-005	-8.40031e-007	-0
-1.50715e-005	-1.22805e-006	-0
-2.03186e-005	-1.67461e-006	-0
-2.61211e-005	-2.15283e-006	-0
-3.22925e-005	-2.5834e-006	-0
-3.84848e-005	-3.07878e-006	-0
-4.44713e-005	-3.59191e-006	-0
-5.02754e-005	-4.06071e-006	-0
-5.56897e-005	-4.44744e-006	-0
-6.0427e-005	-4.82577e-006	-0
-6.44135e-005	-5.2454e-006	-0
-6.75058e-005	-5.49722e-006	-0
-6.94848e-005	-5.71711e-006	-0
-7.05568e-005	-5.8053e-006	-0
-6.97047e-005	-5.71711e-006	-0
-5.56897e-005	-4.64081e-006	-0
-6.26205e-006	-4.58199e-007	-0
1.08563e-006	7.75452e-008	-0
3.17935e-006	2.71408e-007	-0
6.26205e-006	5.34565e-007	-0
1.03095e-005	7.63664e-007	-0
1.50715e-005	1.11641e-006	-0
2.03186e-005	1.67461e-006	-0
2.61211e-005	2.15283e-006	-0
3.22925e-005	2.5834e-006	-0
3.84848e-005	3.07878e-006	-0
4.44713e-005	3.76295e-006	-0
5.02754e-005	4.25407e-006	-0
5.56897e-005	4.44744e-006	-0
6.0427e-005	4.82577e-006	-0
6.44135e-005	5.2454e-006	-0
6.75058e-005	5.49722e-006	-0
6.94848e-005	5.49722e-006	-0
7.05568e-005	5.58202e-006	-0
6.97047e-005	5.71711e-006	-0

#	Mesh	0	End


COMPONENTFINISH

COMPONENT 2735876=IfcFlowSegment
#	TMesh	149165=IfcFlowSegment
2.96907e-005	-0.000366433	-0.391753	0	-0.390473	-0.0316373	-1.19104e-009	0	0.0316373	-0.390473	0.000367634	0	131.827	70.748	-121.486	1

COMPONENTFINISH

COMPONENT 2735960=IfcFlowSegment
#	TMesh	2662694=IfcFlowSegment
0.0329714	-0.99929	-1.26712e-008	0	-0.99929	-0.0329714	5.22484e-009	0	-5.63985e-009	1.2492e-008	-0.999833	0	183.203	164.478	1.58366	1

COMPONENTFINISH

COMPONENT 2736041=IfcFlowFitting
#	TMesh	2637868=IfcFlowFitting
0.0591846	-0.997875	-0.0139831	0	0.997972	0.0592003	-0.000708669	0	-0.00153545	0.0139166	-0.999629	0	30.2055	121.046	2.51171	1

COMPONENTFINISH

COMPONENT 2736149=IfcFlowFitting
#	TMesh	2637868=IfcFlowFitting
0.0748455	-0.997493	-0.00649427	0	0.000766367	0.00657003	-1.0003	0	0.997514	0.0748389	0.00125584	0	86.0618	124.011	58.7655	1

COMPONENTFINISH

COMPONENT 2736266=IfcFlowSegment
#	Mesh	0	Begin

#	Vertex	72
91.7102	67.6027	0.701073
91.7104	67.6003	0.700428
91.7106	67.598	0.699375
91.7108	67.596	0.697947
91.7109	67.5942	0.696185
91.711	67.5928	0.694145
91.7111	67.5918	0.691887
91.7111	67.5911	0.689481
91.7112	67.5909	0.687
91.7111	67.5911	0.684519
91.7111	67.5918	0.682113
91.711	67.5928	0.679855
91.7109	67.5942	0.677815
91.7108	67.596	0.676053
91.7106	67.598	0.674625
91.7104	67.6003	0.673572
91.7102	67.6027	0.672927
91.71	67.6051	0.67271
91.7098	67.6076	0.672927
91.7096	67.61	0.673572
91.7094	67.6123	0.674625
91.7093	67.6143	0.676053
91.7091	67.6161	0.677815
91.709	67.6175	0.679855
91.7089	67.6185	0.682113
91.7089	67.6192	0.684519
91.7089	67.6194	0.687
91.7089	67.6192	0.689481
91.7089	67.6185	0.691887
91.709	67.6175	0.694145
91.7091	67.6161	0.696185
91.7093	67.6143	0.697947
91.7094	67.6123	0.699375
91.7096	67.61	0.700428
91.7098	67.6076	0.701073
91.71	67.6051	0.70129
92.6983	67.6827	0.701073
92.6985	67.6803	0.700428
92.6987	67.6781	0.699375
92.6989	67.6761	0.697947
92.699	67.6743	0.696185
92.6991	67.6729	0.694145
92.6992	67.6718	0.691887
92.6993	67.6712	0.689481
92.6993	67.671	0.687
92.6993	67.6712	0.684519
92.6992	67.6718	0.682113
92.6991	67.6729	0.679855
92.699	67.6743	0.677815
92.6989	67.6761	0.676053
92.6987	67.6781	0.674625
92.6985	67.6803	0.673572
92.6983	67.6827	0.672927
92.6981	67.6852	0.67271
92.6979	67.6877	0.672927
92.6977	67.6901	0.673572
92.6975	67.6923	0.674625
92.6974	67.6944	0.676053
92.6972	67.6961	0.677815
92.6971	67.6975	0.679855
92.697	67.6986	0.682113
92.697	67.6992	0.684519
92.697	67.6995	0.687
92.697	67.6992	0.689481
92.697	67.6986	0.691887
92.6971	67.6975	0.694145
92.6972	67.6961	0.696185
92.6974	67.6944	0.697947
92.6975	67.6923	0.699375
92.6977	67.6901	0.700428
92.6979	67.6877	0.701073
92.6981	67.6852	0.70129

#	Triangle	96
35	36	71
0	36	35
0	37	36	1	37	0
1	38	37	2	38	1
2	39	38
3	39	2
3	40	39
4	40	3
4	41	40
5	41	4
5	42	41
6	42	5
6	43	42	7	43	6
7	44	43	8	44	7
8	45	44	9	45	8
9	46	45	10	46	9
10	47	46
11	47	10
11	48	47
12	48	11
12	49	48
13	49	12
13	50	49
14	50	13
14	51	50	15	51	14
15	52	51	16	52	15
16	53	52
17	53	16
17	54	53
18	54	17
18	55	54	19	55	18
19	56	55
20	56	19
20	57	56
21	57	20
21	58	57
22	58	21
22	59	58
23	59	22
23	60	59
24	60	23
24	61	60	25	61	24
25	62	61	26	62	25
26	63	62	27	63	26
27	64	63	28	64	27
28	65	64
29	65	28
29	66	65
30	66	29
30	67	66
31	67	30
31	68	67
32	68	31
32	69	68
33	69	32
33	70	69	34	70	33
34	71	70
35	71	34
7	9	8	26	25	27
6	9	7	27	25	24
6	10	9	27	24	28
5	10	6	28	24	23
5	11	10	28	23	29
4	11	5	29	23	22
4	12	11	29	22	30
3	12	4	30	22	21
3	13	12	30	21	31
2	13	3	31	21	20
2	14	13	31	20	32
1	14	2	32	20	19
1	15	14	32	19	33
0	15	1	33	19	18
0	16	15	33	18	34
35	16	0
35	17	16	34	17	35
34	18	17
45	43	44	62	63	61
46	43	45	61	63	64
46	42	43	61	64	60
47	42	46	60	64	65
47	41	42	60	65	59
48	41	47	59	65	66
48	40	41	59	66	58
49	40	48	58	66	67
49	39	40	58	67	57
50	39	49
50	38	39	57	68	56
51	38	50
51	37	38	56	69	55
52	37	51	55	69	70
52	36	37	55	70	54
53	36	52
53	71	36	54	71	53
54	70	71
56	68	69
57	67	68

#	Normal	96
0.00702991	-0.0867534	0.996205
0.00705288	-0.0870461	0.996179
0.0208982	-0.257924	0.965939
0.034136	-0.421304	0.906277
0.0463608	-0.572182	0.818815
0.0463516	-0.572063	0.818899
0.0570625	-0.704256	0.707649
0.0570723	-0.704382	0.707523
0.066195	-0.816973	0.572864
0.0661859	-0.816855	0.573034
0.0731261	-0.902509	0.424417
0.0731334	-0.902606	0.424209
0.0780223	-0.962944	0.258168
0.0804465	-0.992864	0.0880317
0.0804465	-0.992864	-0.0880317
0.0780223	-0.962944	-0.258168
0.0731255	-0.902509	-0.424417
0.0731339	-0.902606	-0.424209
0.0661955	-0.816973	-0.572864
0.0661854	-0.816855	-0.573034
0.0570621	-0.704256	-0.707649
0.0570728	-0.704382	-0.707523
0.0463612	-0.572182	-0.818815
0.0463512	-0.572063	-0.818899
0.034136	-0.421304	-0.906277
0.0208982	-0.257924	-0.965939
0.00702917	-0.0867535	-0.996205
0.00705362	-0.087046	-0.996179
-0.00705362	0.087046	-0.996179
-0.00702917	0.0867535	-0.996205
-0.0208982	0.257924	-0.965939
-0.0341282	0.421208	-0.906322
-0.0341363	0.421304	-0.906277
-0.0462427	0.570719	-0.819842
-0.0463657	0.572181	-0.818815
-0.0572046	0.70594	-0.705957
-0.0570621	0.704256	-0.707649
-0.0660668	0.815391	-0.575129
-0.0662019	0.816973	-0.572864
-0.0732378	0.9038	-0.421643
-0.0731255	0.902509	-0.424417
-0.0780223	0.962944	-0.258168
-0.0804465	0.992864	-0.0880317
-0.0804465	0.992864	0.0880317
-0.0780223	0.962944	0.258168
-0.0732301	0.9038	0.421643
-0.0731332	0.902509	0.424417
-0.0660737	0.81539	0.575129
-0.066195	0.816973	0.572864
-0.0571986	0.705941	0.705957
-0.0570681	0.704255	0.707649
-0.0462471	0.570718	0.819842
-0.0463612	0.572182	0.818815
-0.0341285	0.421208	0.906322
-0.034136	0.421304	0.906277
-0.0208982	0.257924	0.965939
-0.00705288	0.0870461	0.996179
-0.00702991	0.0867534	0.996205
-1.08563e-006	-7.75452e-008	-0
-3.17935e-006	-2.71408e-007	-0
-6.26205e-006	-5.34565e-007	-0
-1.03095e-005	-7.63664e-007	-0
-1.50715e-005	-1.11641e-006	-0
-2.03186e-005	-1.67461e-006	-0
-2.61211e-005	-2.15283e-006	-0
-3.22925e-005	-2.5834e-006	-0
-3.84848e-005	-3.07878e-006	-0
-4.44713e-005	-3.76295e-006	-0
-5.02754e-005	-4.25407e-006	-0
-5.56897e-005	-4.44744e-006	-0
-6.0427e-005	-4.82577e-006	-0
-6.44135e-005	-5.2454e-006	-0
-6.75058e-005	-5.49722e-006	-0
-6.94848e-005	-5.49722e-006	-0
-7.05568e-005	-5.58202e-006	-0
-6.97047e-005	-5.71711e-006	-0
1.08563e-006	7.75452e-008	-0
3.17935e-006	2.71408e-007	-0
6.26205e-006	5.34565e-007	-0
1.03095e-005	8.40031e-007	-0
1.50715e-005	1.22805e-006	-0
2.03186e-005	1.56297e-006	-0
2.61211e-005	2.00931e-006	-0
3.22925e-005	2.72692e-006	-0
3.84848e-005	3.24982e-006	-0
4.44713e-005	3.59191e-006	-0
5.02754e-005	4.06071e-006	-0
5.56897e-005	4.44744e-006	-0
6.0427e-005	4.82577e-006	-0
6.44135e-005	5.2454e-006	-0
6.75058e-005	5.49722e-006	-0
6.97047e-005	5.71711e-006	-0
7.078e-005	5.8053e-006	-0
6.94848e-005	5.49722e-006	-0
5.56897e-005	4.64081e-006	-0
4.46423e-005	3.59191e-006	-0

#	Mesh	0	End


COMPONENTFINISH

COMPONENT 2736354=IfcFlowSegment
#	Mesh	0	Begin

#	Vertex	72
89.5887	67.4308	0.876073
89.5889	67.4284	0.875428
89.589	67.4261	0.874375
89.5892	67.4241	0.872947
89.5893	67.4223	0.871185
89.5895	67.4209	0.869145
89.5895	67.4199	0.866887
89.5896	67.4192	0.864481
89.5896	67.419	0.862
89.5896	67.4192	0.859519
89.5895	67.4199	0.857113
89.5895	67.4209	0.854855
89.5893	67.4223	0.852815
89.5892	67.4241	0.851053
89.589	67.4261	0.849625
89.5889	67.4284	0.848572
89.5887	67.4308	0.847927
89.5885	67.4332	0.84771
89.5883	67.4357	0.847927
89.5881	67.4381	0.848572
89.5879	67.4404	0.849625
89.5877	67.4424	0.851053
89.5876	67.4442	0.852815
89.5875	67.4456	0.854855
89.5874	67.4466	0.857113
89.5873	67.4473	0.859519
89.5873	67.4475	0.862
89.5873	67.4473	0.864481
89.5874	67.4466	0.866887
89.5875	67.4456	0.869145
89.5876	67.4442	0.871185
89.5877	67.4424	0.872947
89.5879	67.4404	0.874375
89.5881	67.4381	0.875428
89.5883	67.4357	0.876073
89.5885	67.4332	0.87629
91.6321	67.5963	0.876073
91.6323	67.5939	0.875428
91.6325	67.5917	0.874375
91.6326	67.5897	0.872947
91.6328	67.5879	0.871185
91.6329	67.5865	0.869145
91.633	67.5854	0.866887
91.633	67.5848	0.864481
91.633	67.5846	0.862
91.633	67.5848	0.859519
91.633	67.5854	0.857113
91.6329	67.5865	0.854855
91.6328	67.5879	0.852815
91.6326	67.5897	0.851053
91.6325	67.5917	0.849625
91.6323	67.5939	0.848572
91.6321	67.5963	0.847927
91.6319	67.5988	0.84771
91.6317	67.6013	0.847927
91.6315	67.6037	0.848572
91.6313	67.6059	0.849625
91.6311	67.608	0.851053
91.631	67.6097	0.852815
91.6309	67.6111	0.854855
91.6308	67.6122	0.857113
91.6308	67.6128	0.859519
91.6307	67.6131	0.862
91.6308	67.6128	0.864481
91.6308	67.6122	0.866887
91.6309	67.6111	0.869145
91.631	67.6097	0.871185
91.6311	67.608	0.872947
91.6313	67.6059	0.874375
91.6315	67.6037	0.875428
91.6317	67.6013	0.876073
91.6319	67.5988	0.87629

#	Triangle	79
35	36	71	0	36	35
0	37	36	1	37	0
1	38	37	2	38	1
2	39	38	3	39	2
3	40	39	4	40	3
4	41	40	5	41	4
5	42	41	6	42	5
6	43	42	7	43	6
7	44	43	8	44	7
8	45	44	9	45	8
9	46	45	10	46	9
10	47	46	11	47	10
11	48	47	12	48	11
12	49	48	13	49	12
13	50	49	14	50	13
14	51	50	15	51	14
15	52	51	16	52	15
16	53	52	17	53	16
17	54	53	18	54	17
18	55	54	19	55	18
19	56	55
20	56	19
20	57	56
21	57	20
21	58	57	22	58	21
22	59	58	23	59	22
23	60	59	24	60	23
24	61	60	25	61	24
25	62	61	26	62	25
26	63	62	27	63	26
27	64	63	28	64	27
28	65	64	29	65	28
29	66	65	30	66	29
30	67	66	31	67	30
31	68	67
32	68	31
32	69	68
33	69	32
33	70	69	34	70	33
34	71	70	35	71	34
7	9	8	26	25	27
6	9	7	27	25	24
6	10	9	27	24	28
5	10	6	28	24	23
5	11	10	28	23	29
4	11	5	29	23	22
4	12	11	29	22	30
3	12	4	30	22	21
3	13	12	30	21	31
2	13	3
2	14	13	31	20	32
1	14	2
1	15	14	32	19	33
0	15	1	33	19	18
0	16	15	33	18	34
35	16	0
35	17	16	34	17	35
34	18	17
32	20	19
31	21	20
45	43	44	62	63	61
46	43	45	61	63	64
46	42	43	61	64	60
47	42	46	60	64	65
47	41	42	60	65	59
48	41	47	59	65	66
48	40	41	59	66	58
49	40	48	58	66	67
49	39	40	58	67	57
50	39	49
50	38	39	57	68	56
51	38	50	56	68	69
51	37	38	56	69	55
52	37	51	55	69	70
52	36	37	55	70	54
53	36	52
53	71	36	54	71	53
54	70	71
57	67	68

#	Normal	79
0.00705119	-0.0870241	0.996181
0.0208985	-0.257924	0.965939
0.0341365	-0.421304	0.906277
0.0462429	-0.570719	0.819842
0.0571891	-0.705814	0.706085
0.0660772	-0.815509	0.57496
0.0732232	-0.903704	0.421851
0.0780232	-0.962944	0.258168
0.0804475	-0.992864	0.0880317
0.0804475	-0.992864	-0.0880317
0.0780232	-0.962944	-0.258168
0.0732232	-0.903704	-0.421851
0.0660772	-0.815509	-0.57496
0.0571891	-0.705814	-0.706085
0.0462429	-0.570719	-0.819842
0.0341365	-0.421304	-0.906277
0.0208985	-0.257924	-0.965939
0.00705119	-0.0870241	-0.996181
-0.00703103	0.0867753	-0.996203
-0.0208985	0.257924	-0.965939
-0.0341365	0.421304	-0.906277
-0.0341285	0.421208	-0.906322
-0.0463516	0.572063	-0.818899
-0.0463614	0.572182	-0.818815
-0.057073	0.704382	-0.707523
-0.0661862	0.816855	-0.573034
-0.073231	0.9038	-0.421643
-0.0779599	0.962163	-0.261083
-0.0804692	0.993132	-0.0849288
-0.0804692	0.993132	0.0849288
-0.0779599	0.962163	0.261083
-0.073231	0.9038	0.421643
-0.0661862	0.816855	0.573034
-0.057073	0.704382	0.707523
-0.0463518	0.572063	0.818899
-0.0463613	0.572182	0.818815
-0.0341363	0.421304	0.906277
-0.0341286	0.421208	0.906322
-0.0208985	0.257924	0.965939
-0.00703103	0.0867753	0.996203
-1.08563e-006	-7.75452e-008	-0
-3.17935e-006	-2.71408e-007	-0
-6.26205e-006	-5.34565e-007	-0
-1.02331e-005	-8.40031e-007	-0
-1.49599e-005	-1.22805e-006	-0
-2.04303e-005	-1.56297e-006	-0
-2.62646e-005	-2.00931e-006	-0
-3.2149e-005	-2.72692e-006	-0
-3.83137e-005	-3.24982e-006	-0
-4.46423e-005	-3.59191e-006	-0
-5.04688e-005	-4.06071e-006	-0
-5.56897e-005	-4.44744e-006	-0
-6.0427e-005	-4.82577e-006	-0
-6.44135e-005	-5.2454e-006	-0
-6.75058e-005	-5.49722e-006	-0
-6.94848e-005	-5.71711e-006	-0
-7.05568e-005	-5.8053e-006	-0
-6.97047e-005	-5.49722e-006	-0
-5.56897e-005	-4.64081e-006	-0
-4.44713e-005	-3.59191e-006	-0
1.08563e-006	7.75452e-008	-0
3.17935e-006	2.71408e-007	-0
6.26205e-006	5.34565e-007	-0
1.02331e-005	8.40031e-007	-0
1.49599e-005	1.22805e-006	-0
2.04303e-005	1.56297e-006	-0
2.62646e-005	2.00931e-006	-0
3.2149e-005	2.72692e-006	-0
3.83137e-005	3.24982e-006	-0
4.46423e-005	3.59191e-006	-0
5.04688e-005	4.06071e-006	-0
5.56897e-005	4.44744e-006	-0
6.0427e-005	4.82577e-006	-0
6.44135e-005	5.2454e-006	-0
6.75058e-005	5.49722e-006	-0
6.94848e-005	5.71711e-006	-0
7.05568e-005	5.8053e-006	-0
6.97047e-005	5.49722e-006	-0
4.44713e-005	3.76295e-006	-0

#	Mesh	0	End


COMPONENTFINISH

COMPONENT 2736438=IfcFlowSegment
#	TMesh	2662694=IfcFlowSegment
-0.0398693	0.998971	1.61134e-008	0	0.998971	0.0398693	-8.51858e-009	0	9.15438e-009	-1.57608e-008	0.999766	0	0.0855408	-26.3475	-0.0346076	1

COMPONENTFINISH

COMPONENT 2736519=IfcFlowFitting
#	TMesh	2637868=IfcFlowFitting
-0.0717435	0.997873	0.0018256	0	0.00633943	-0.00137449	1.00043	0	-0.997854	-0.0717536	0.0062246	0	95.9986	14.4247	-56.9813	1

COMPONENTFINISH

COMPONENT 2736627=IfcFlowFitting
#	TMesh	2637868=IfcFlowFitting
0.0720296	-0.998021	-0.00949291	0	0.00162637	0.00963495	-1.00061	0	0.998065	0.0720108	0.00231567	0	86.8681	120.31	58.9432	1

COMPONENTFINISH

COMPONENT 2736744=IfcFlowSegment
#	TMesh	1114390=IfcFlowSegment
-2.38156e-005	0.000293946	-1.0013	0	0.0808607	-0.998034	-0.00029491	0	-0.998034	-0.0808607	2.62176e-011	0	90.9753	106.186	54.5222	1

COMPONENTFINISH

COMPONENT 2736832=IfcFlowSegment
#	TMesh	2736354=IfcFlowSegment
-0.986952	-0.160991	-2.78237e-005	0	-0.160991	0.986952	0.00034341	0	2.78253e-005	-0.00034341	0.999996	0	191.198	11.8804	-0.0206612	1

COMPONENTFINISH

COMPONENT 2736916=IfcFlowSegment
#	TMesh	2662694=IfcFlowSegment
0.999004	0.0395023	1.58282e-008	0	0.0395023	-0.999004	3.54196e-009	0	-1.59558e-008	2.91381e-009	0.999785	0	-1.95589	155.635	-0.0346236	1

COMPONENTFINISH

COMPONENT 2736997=IfcFlowFitting
#	TMesh	2637868=IfcFlowFitting
-0.079651	0.996629	0.000952998	0	0.996629	0.0796522	-0.00130337	0	-0.00137514	0.000846136	-0.999806	0	38.6978	6.16397	1.74813	1

COMPONENTFINISH

COMPONENT 2737105=IfcFlowFitting
#	TMesh	2637868=IfcFlowFitting
0.0733095	-0.997636	-0.00723349	0	0.000112563	0.00726126	-1.00033	0	0.997663	0.0733067	0.000644267	0	87.1781	116.837	58.8073	1

COMPONENTFINISH

COMPONENT 2737222=IfcFlowSegment
#	TMesh	2736354=IfcFlowSegment
-0.993498	-0.0804285	-0.0807583	0	-0.0804219	-0.00741864	0.996748	0	0.0807649	-0.996748	-0.000902182	0	186.573	68.9873	-59.1162	1

COMPONENTFINISH

COMPONENT 2737310=IfcFlowSegment
#	TMesh	1114390=IfcFlowSegment
-0.0808731	0.998008	-0.000420203	0	-3.39397e-005	0.00041883	1.00128	0	0.998009	0.0808731	-3.10898e-011	0	95.2529	6.65297	-41.4189	1

COMPONENTFINISH

COMPONENT 2737394=IfcFlowSegment
#	TMesh	2662694=IfcFlowSegment
-0.99974	0.0189376	-1.32791e-008	0	-0.0189376	-0.99974	8.11502e-010	0	1.32613e-008	-1.06285e-009	-0.99992	0	184.277	153.973	1.58373	1

COMPONENTFINISH

COMPONENT 2737475=IfcFlowFitting
#	TMesh	2637868=IfcFlowFitting
-0.0770293	0.997102	0.00423471	0	0.99711	0.0770316	-0.000374287	0	-0.000699401	0.00419329	-1.00007	0	38.8201	2.6988	1.5194	1

COMPONENTFINISH

COMPONENT 2737583=IfcFlowFitting
