COMPONENT 2644316=IfcColumn
#	TMesh	2622908=IfcColumn
1	4.88644e-005	4.02238e-009	0	4.88644e-005	-1	-6.76163e-010	0	-4.02235e-009	-6.76359e-010	1	0	46.9689	258.643	4.76837e-007	1

COMPONENTFINISH

COMPONENT 2644381=IfcColumn
#	TMesh	2622908=IfcColumn
0.999995	0.0032837	2.53195e-009	0	0.0032837	-0.999995	-3.64275e-010	0	-2.53074e-009	-3.72587e-010	1	0	47.3923	259.505	-4.76837e-007	1

COMPONENTFINISH

COMPONENT 2644446=IfcColumn
#	TMesh	2622908=IfcColumn
0.999176	-0.040681	3.83296e-009	0	-0.040681	-0.999176	-1.66458e-009	0	-3.8975e-009	-1.50727e-009	1	0	53.2264	247.676	2.43187e-005	1

COMPONENTFINISH

COMPONENT 2644511=IfcColumn
#	TMesh	2622908=IfcColumn
1	0.000227591	3.85416e-009	0	0.000227591	-1	-8.84015e-010	0	-3.85396e-009	-8.84892e-010	1	0	49.378	258.69	5.24521e-006	1

COMPONENTFINISH

COMPONENT 2644576=IfcColumn
#	TMesh	2622908=IfcColumn
0.999998	0.00225916	4.12678e-009	0	0.00225916	-0.999998	-4.12643e-010	0	-4.12584e-009	-4.21965e-010	1	0	49.9451	259.232	9.53674e-007	1

COMPONENTFINISH

COMPONENT 2644641=IfcColumn
#	TMesh	2622908=IfcColumn
0.999653	-0.0264589	3.78477e-009	0	-0.0264589	-0.999653	1.37321e-009	0	-3.74711e-009	1.47287e-009	1	0	54.0876	251.528	1.90735e-005	1

COMPONENTFINISH

COMPONENT 2644706=IfcColumn
#	TMesh	2622908=IfcColumn
1	5.22252e-005	4.08969e-009	0	5.22252e-005	-1	-6.76154e-010	0	-4.08965e-009	-6.76368e-010	1	0	51.8286	258.644	4.76837e-007	1

COMPONENTFINISH

COMPONENT 2644771=IfcColumn
#	TMesh	2622908=IfcColumn
-0.999998	-0.00214762	3.62835e-009	0	0.00214762	-0.999998	-3.66382e-010	0	3.62913e-009	-3.58589e-010	1	0	-481.287	258.056	4.76837e-007	1

COMPONENTFINISH

COMPONENT 2644836=IfcColumn
#	TMesh	2622908=IfcColumn
0.999996	0.00301163	1.90872e-009	0	0.00301163	-0.999996	-6.78249e-010	0	-1.90667e-009	-6.83994e-010	1	0	53.085	259.433	1.90735e-006	1

COMPONENTFINISH

COMPONENT 2644901=IfcColumn
#	TMesh	2622908=IfcColumn
0.96253	0.271189	1.64469e-009	0	0.271189	-0.96253	-6.20899e-010	0	-1.41468e-009	-1.04365e-009	1	0	11.9135	326.524	2.24113e-005	1

COMPONENTFINISH

COMPONENT 2644966=IfcColumn
#	TMesh	2622908=IfcColumn
-1	0.000264891	2.65203e-009	0	-0.000264891	-1	1.04056e-010	0	2.65206e-009	1.03353e-010	1	0	-478.58	258.7	-1.43051e-006	1

COMPONENTFINISH

COMPONENT 2645031=IfcColumn
#	TMesh	2622908=IfcColumn
0.999996	0.00307691	3.23212e-009	0	0.00307691	-0.999996	-6.7422e-010	0	-3.23003e-009	-6.84162e-010	1	0	55.5071	259.45	2.38419e-006	1

COMPONENTFINISH

COMPONENT 2645096=IfcColumn
#	TMesh	2622908=IfcColumn
0.997102	0.0761342	1.59774e-009	0	0.0761342	-0.997102	-9.60188e-010	0	-1.52e-009	-1.07904e-009	1	0	46.8319	278.6	3.00407e-005	1

COMPONENTFINISH

COMPONENT 2645161=IfcColumn
#	TMesh	2622908=IfcColumn
1	-2.1433e-005	2.94101e-009	0	-2.1433e-005	-1	1.40448e-009	0	-2.94098e-009	1.40454e-009	1	0	57.4981	258.624	6.19888e-006	1

COMPONENTFINISH

COMPONENT 2645226=IfcColumn
#	TMesh	2622908=IfcColumn
0.998916	-0.0466198	1.22845e-009	0	-0.0466198	-0.998916	-5.0929e-010	0	-1.25086e-009	-4.51466e-010	1	0	63.5753	246.06	1.90735e-005	1

COMPONENTFINISH

COMPONENT 2645291=IfcColumn
#	TMesh	2622908=IfcColumn
1	-2.87826e-005	3.56077e-009	0	-2.87826e-005	-1	-2.081e-010	0	-3.56078e-009	-2.07997e-010	1	0	59.1182	258.622	4.76837e-007	1

COMPONENTFINISH

COMPONENT 2645356=IfcColumn
#	TMesh	2622908=IfcColumn
0.999996	0.00275995	1.40769e-009	0	0.00275995	-0.999996	-1.59281e-010	0	-1.40724e-009	-1.63166e-010	1	0	59.5951	259.366	4.76837e-007	1

COMPONENTFINISH

COMPONENT 2645421=IfcColumn
#	TMesh	2622908=IfcColumn
0.99998	-0.00649759	3.76003e-010	0	-0.00649759	-0.99998	-8.70008e-010	0	-3.81649e-010	-8.67547e-010	1	0	61.5044	256.893	1.00136e-005	1

COMPONENTFINISH

COMPONENT 2645486=IfcColumn
#	TMesh	2622908=IfcColumn
1	0.000202305	4.05036e-009	0	0.000202305	-1	-9.88043e-010	0	-4.05016e-009	-9.88863e-010	1	0	61.5209	258.684	5.24521e-006	1

COMPONENTFINISH

COMPONENT 2645551=IfcColumn
#	TMesh	2622908=IfcColumn
0.999998	0.00259589	4.29292e-009	0	0.00259589	-0.999998	2.64545e-010	0	-4.2936e-009	2.534e-010	1	0	62.045	259.322	7.15256e-006	1

COMPONENTFINISH

COMPONENT 2645616=IfcColumn
#	TMesh	2622908=IfcColumn
0.999998	0.0025241	3.11535e-009	0	0.0025241	-0.999998	-1.87129e-009	0	-3.11061e-009	-1.87915e-009	1	0	76.6336	259.303	7.15256e-006	1

COMPONENTFINISH

COMPONENT 2645681=IfcColumn
#	TMesh	2622908=IfcColumn
0.938116	-0.346322	3.13431e-009	0	-0.346322	-0.938116	-8.92045e-010	0	-3.24928e-009	2.48639e-010	1	0	102.536	158.837	1.90735e-006	1

COMPONENTFINISH

COMPONENT 2645746=IfcColumn
#	TMesh	2622908=IfcColumn
1	5.96886e-005	1.64525e-009	0	5.96886e-005	-1	-6.76289e-010	0	-1.64521e-009	-6.76387e-010	1	0	78.5477	258.646	-4.76837e-007	1

COMPONENTFINISH

COMPONENT 2645811=IfcColumn
#	TMesh	2622908=IfcColumn
0.999996	0.00280495	4.04942e-009	0	0.00280495	-0.999996	-6.72106e-010	0	-4.04752e-009	-6.83461e-010	1	0	79.0297	259.378	2.38419e-006	1

COMPONENTFINISH

COMPONENT 2645876=IfcColumn
#	TMesh	2622908=IfcColumn
0.999681	-0.0253523	3.8079e-009	0	-0.0253523	-0.999681	-1.64411e-009	0	-3.84836e-009	-1.54704e-009	1	0	83.1132	251.827	1.90735e-005	1

COMPONENTFINISH

COMPONENT 2645941=IfcColumn
#	TMesh	2622908=IfcColumn
1	0.000121254	2.06716e-009	0	0.000121254	-1	-1.61262e-009	0	-2.06696e-009	-1.61287e-009	1	0	80.9706	258.662	5.72205e-006	1

COMPONENTFINISH

COMPONENT 2646006=IfcColumn
#	TMesh	2622908=IfcColumn
0.999997	0.00266142	-7.33873e-011	0	0.00266142	-0.999997	-6.83289e-010	0	7.5205e-011	-6.83092e-010	1	0	81.4769	259.339	1.90735e-006	1

COMPONENTFINISH

COMPONENT 2646071=IfcColumn
#	TMesh	2622908=IfcColumn
0.999756	-0.0221545	4.04604e-009	0	-0.0221545	-0.999756	-6.04751e-010	0	-4.05844e-009	-5.14965e-010	1	0	85.1918	252.689	1.23978e-005	1

COMPONENTFINISH

COMPONENT 2646136=IfcColumn
#	TMesh	2622908=IfcColumn
1	-1.98285e-005	2.0775e-009	0	-1.98285e-005	-1	-2.08062e-010	0	-2.0775e-009	-2.08021e-010	1	0	83.4272	258.624	-4.76837e-007	1

COMPONENTFINISH

COMPONENT 2646201=IfcColumn
#	TMesh	2622908=IfcColumn
0.999996	0.00278112	7.58916e-010	0	0.00278112	-0.999996	-6.81292e-010	0	-7.57019e-010	-6.834e-010	1	0	83.9026	259.371	1.90735e-006	1

COMPONENTFINISH

COMPONENT 2646266=IfcColumn
#	TMesh	2622908=IfcColumn
0.863962	-0.503559	4.52503e-009	0	-0.503559	-0.863962	-5.11269e-010	0	-4.16691e-009	1.8369e-009	1	0	108.801	108.036	7.62939e-006	1

COMPONENTFINISH

COMPONENT 2646331=IfcColumn
#	TMesh	2622908=IfcColumn
1	2.20827e-005	1.2291e-009	0	2.20827e-005	-1	-5.72227e-010	0	-1.22909e-009	-5.72254e-010	1	0	85.8522	258.636	-4.76837e-007	1

COMPONENTFINISH

COMPONENT 2646396=IfcColumn
#	TMesh	2622908=IfcColumn
0.999998	0.00246603	4.37988e-009	0	0.00246603	-0.999998	-1.45206e-009	0	-4.37628e-009	-1.46286e-009	1	0	86.3704	259.287	7.62939e-006	1

COMPONENTFINISH

COMPONENT 2646461=IfcColumn
#	TMesh	2622908=IfcColumn
0.999157	-0.0411199	3.21259e-009	0	-0.0411199	-0.999157	-5.98375e-010	0	-3.23447e-009	-4.65768e-010	1	0	92.1538	247.557	1.85966e-005	1

COMPONENTFINISH

COMPONENT 2646526=IfcColumn
#	TMesh	2622908=IfcColumn
1	0.000120512	2.11877e-009	0	0.000120512	-1	-3.64181e-010	0	-2.11873e-009	-3.64436e-010	1	0	88.2705	258.662	9.53674e-007	1

COMPONENTFINISH

COMPONENT 2646591=IfcColumn
#	TMesh	2622908=IfcColumn
0.999996	0.00283177	3.77865e-009	0	0.00283177	-0.999996	-6.72833e-010	0	-3.77673e-009	-6.8353e-010	1	0	88.7566	259.385	2.86102e-006	1

COMPONENTFINISH

COMPONENT 2646656=IfcColumn
#	TMesh	2622908=IfcColumn
0.371589	-0.9284	3.48144e-009	0	0.9284	0.371589	-9.21771e-010	0	-4.37894e-010	3.57468e-009	1	0	-188.505	-152.685	1.57356e-005	1

COMPONENTFINISH

COMPONENT 2646721=IfcColumn
#	TMesh	2622908=IfcColumn
1	1.00833e-006	4.02237e-009	0	1.00833e-006	-1	-5.72196e-010	0	-4.02237e-009	-5.722e-010	1	0	90.7146	258.63	4.76837e-007	1

COMPONENTFINISH

COMPONENT 2646786=IfcColumn
#	TMesh	2622908=IfcColumn
-0.999999	-0.00207129	4.29622e-009	0	0.00207129	-0.999999	2.56532e-010	0	4.29568e-009	2.6543e-010	1	0	-442.398	258.077	6.19888e-006	1

COMPONENTFINISH

COMPONENT 2646851=IfcColumn
#	TMesh	2622908=IfcColumn
-0.999034	0.0440298	7.98069e-010	0	-0.0440298	-0.999034	-6.50679e-010	0	7.68646e-010	-6.85186e-010	1	0	-435.833	270.263	2.28882e-005	1

COMPONENTFINISH

COMPONENT 2646916=IfcColumn
#	TMesh	2622908=IfcColumn
1	2.32912e-005	3.52474e-009	0	2.32912e-005	-1	-3.64103e-010	0	-3.52473e-009	-3.64186e-010	1	0	93.142	258.636	9.53674e-007	1

COMPONENTFINISH

COMPONENT 2646981=IfcColumn
#	TMesh	2622908=IfcColumn
0.999996	0.00280899	2.04942e-009	0	0.00280899	-0.999996	-6.77718e-010	0	-2.04751e-009	-6.83472e-010	1	0	93.6192	259.379	1.90735e-006	1

COMPONENTFINISH

COMPONENT 2647046=IfcColumn
#	TMesh	2622908=IfcColumn
0.808766	-0.588138	1.96086e-009	0	-0.588138	-0.808766	1.15037e-009	0	-9.09292e-010	2.08363e-009	1	0	113.88	78.8844	2.38419e-005	1

COMPONENTFINISH

COMPONENT 2647111=IfcColumn
#	TMesh	2622908=IfcColumn
1	5.6367e-005	2.21741e-009	0	5.6367e-005	-1	-8.84326e-010	0	-2.21736e-009	-8.84451e-010	1	0	95.5683	258.645	4.76837e-006	1

COMPONENTFINISH

COMPONENT 2647176=IfcColumn
#	TMesh	2622908=IfcColumn
0.999998	0.00249225	3.52038e-009	0	0.00249225	-0.999998	2.62442e-010	0	-3.52102e-009	2.53667e-010	1	0	96.0873	259.294	7.62939e-006	1

COMPONENTFINISH

COMPONENT 2647241=IfcColumn
#	TMesh	2622908=IfcColumn
0.999157	-0.0411199	3.21259e-009	0	-0.0411199	-0.999157	-5.98375e-010	0	-3.23447e-009	-4.65768e-010	1	0	101.874	247.557	1.85966e-005	1

COMPONENTFINISH

COMPONENT 2647306=IfcColumn
#	TMesh	2622908=IfcColumn
1	-2.76338e-005	3.04058e-009	0	-2.76338e-005	-1	-5.20192e-010	0	-3.0406e-009	-5.20108e-010	1	0	98.0081	258.622	-4.76837e-007	1

COMPONENTFINISH

COMPONENT 2647371=IfcColumn
#	TMesh	2622908=IfcColumn
0.999996	0.00278485	1.40462e-009	0	0.00278485	-0.999996	-1.59319e-010	0	-1.40417e-009	-1.6323e-010	1	0	98.4821	259.372	4.76837e-007	1

COMPONENTFINISH

COMPONENT 2647436=IfcColumn
#	TMesh	2622908=IfcColumn
0.999626	-0.0274436	8.20324e-010	0	-0.0274436	-0.999626	-8.362e-010	0	-8.42964e-010	-8.13373e-010	1	0	102.798	251.262	1.85966e-005	1

COMPONENTFINISH

COMPONENT 2647501=IfcColumn
#	TMesh	2622908=IfcColumn
-1	0.000204648	3.78209e-009	0	-0.000204648	-1	-9.88094e-010	0	3.78189e-009	-9.88868e-010	1	0	-433.218	258.684	1.43051e-006	1

COMPONENTFINISH

COMPONENT 2647566=IfcColumn
#	TMesh	2622908=IfcColumn
-0.999999	-0.00207129	4.29622e-009	0	0.00207129	-0.999999	2.56532e-010	0	4.29568e-009	2.6543e-010	1	0	-432.678	258.077	6.19888e-006	1

COMPONENTFINISH

COMPONENT 2647631=IfcColumn
#	TMesh	2622908=IfcColumn
0.998916	-0.0466198	1.22845e-009	0	-0.0466198	-0.998916	-5.0929e-010	0	-1.25086e-009	-4.51466e-010	1	0	107.325	246.06	1.95503e-005	1

COMPONENTFINISH

COMPONENT 2647696=IfcColumn
#	TMesh	2622908=IfcColumn
1	-5.33817e-006	2.8191e-009	0	-5.33817e-006	-1	-2.08073e-010	0	-2.8191e-009	-2.08058e-010	1	0	102.865	258.628	-4.76837e-007	1

COMPONENTFINISH

COMPONENT 2647761=IfcColumn
#	TMesh	2622908=IfcColumn
0.999996	0.00296275	3.96568e-009	0	0.00296275	-0.999996	-1.5194e-010	0	-3.96521e-009	-1.63688e-010	1	0	103.321	259.42	1.90735e-006	1

COMPONENTFINISH

COMPONENT 2647826=IfcColumn
#	TMesh	2622908=IfcColumn
0.999872	-0.0161182	6.5997e-010	0	-0.0161182	-0.999872	-8.53441e-010	0	-6.7364e-010	-8.42693e-010	1	0	106.373	254.313	1.38283e-005	1

COMPONENTFINISH

COMPONENT 2647891=IfcColumn
#	TMesh	2622908=IfcColumn
1	0.000135166	2.68831e-009	0	0.000135166	-1	-9.88327e-010	0	-2.68818e-009	-9.8869e-010	1	0	105.279	258.666	4.76837e-006	1

COMPONENTFINISH

COMPONENT 2647956=IfcColumn
#	TMesh	2622908=IfcColumn
-0.999999	-0.00207129	4.29622e-009	0	0.00207129	-0.999999	2.56532e-010	0	4.29568e-009	2.6543e-010	1	0	-427.818	258.077	6.19888e-006	1

COMPONENTFINISH

COMPONENT 2648021=IfcColumn
#	TMesh	2622908=IfcColumn
0.999997	0.00284169	2.66212e-009	0	0.00284169	-0.999997	-1.45627e-009	0	-2.65797e-009	-1.46383e-009	1	0	106.576	259.388	7.15256e-006	1

COMPONENTFINISH

COMPONENT 2648086=IfcColumn
#	TMesh	2622908=IfcColumn
0.842553	0.53862	1.22416e-009	0	0.53862	-0.842553	8.98936e-010	0	-1.5156e-009	9.8043e-011	1	0	1.47398	383.576	2.38419e-005	1

COMPONENTFINISH

COMPONENT 2648151=IfcColumn
#	TMesh	2622908=IfcColumn
-1	0.000271536	4.58932e-009	0	-0.000271536	-1	1.04582e-010	0	4.58935e-009	1.03336e-010	1	0	-425.109	258.702	-9.53674e-007	1

COMPONENTFINISH

COMPONENT 2648216=IfcColumn
#	TMesh	2622908=IfcColumn
0.999996	0.00290962	1.63329e-009	0	0.00290962	-0.999996	-6.78982e-010	0	-1.63131e-009	-6.83731e-010	1	0	108.997	259.406	1.90735e-006	1

COMPONENTFINISH

COMPONENT 2648281=IfcColumn
#	TMesh	2622908=IfcColumn
-0.99958	-0.0290502	2.36696e-009	0	0.0290502	-0.99958	-4.09979e-010	0	2.37787e-009	-3.41045e-010	1	0	-426.874	250.828	1.52588e-005	1

COMPONENTFINISH

COMPONENT 2648346=IfcColumn
#	TMesh	2622908=IfcColumn
1	2.35333e-005	2.16984e-009	0	2.35333e-005	-1	1.40448e-009	0	-2.16987e-009	1.40442e-009	1	0	110.963	258.636	4.76837e-006	1

COMPONENTFINISH

COMPONENT 2648411=IfcColumn
#	TMesh	2622908=IfcColumn
0.999468	-0.0327161	7.01339e-011	0	-0.0327161	-0.999468	1.4876e-009	0	-2.14284e-011	1.4891e-009	1	0	115.535	249.836	1.95503e-005	1

COMPONENTFINISH

COMPONENT 2648476=IfcColumn
#	TMesh	2622908=IfcColumn
1	4.88644e-005	4.02238e-009	0	4.88644e-005	-1	-6.76163e-010	0	-4.02235e-009	-6.76359e-010	1	0	112.579	258.643	4.76837e-007	1

COMPONENTFINISH

COMPONENT 2648541=IfcColumn
#	TMesh	2622908=IfcColumn
0.999996	0.00292809	2.98789e-009	0	0.00292809	-0.999996	-3.62924e-010	0	-2.98682e-009	-3.71671e-010	1	0	113.045	259.41	-4.76837e-007	1

COMPONENTFINISH

COMPONENT 2648606=IfcColumn
#	TMesh	2622908=IfcColumn
0.999176	-0.040681	3.83296e-009	0	-0.040681	-0.999176	-1.66458e-009	0	-3.8975e-009	-1.50727e-009	1	0	118.836	247.676	2.43187e-005	1

COMPONENTFINISH

COMPONENT 2648671=IfcColumn
#	TMesh	2622908=IfcColumn
-1	0.000238272	3.75953e-009	0	-0.000238272	-1	-8.84024e-010	0	3.75931e-009	-8.8492e-010	1	0	-418.634	258.693	5.72205e-006	1

COMPONENTFINISH

COMPONENT 2648736=IfcColumn
#	TMesh	2622908=IfcColumn
0.999998	0.00241319	4.39028e-009	0	0.00241319	-0.999998	-4.11769e-010	0	-4.38928e-009	-4.22363e-010	1	0	115.537	259.273	7.15256e-006	1

COMPONENTFINISH

COMPONENT 2648801=IfcColumn
#	TMesh	2622908=IfcColumn
0.947343	-0.320227	4.05896e-009	0	-0.320227	-0.947343	-1.18564e-009	0	-4.2249e-009	1.76576e-010	1	0	140.775	166.901	1.19209e-005	1

COMPONENTFINISH

COMPONENT 2648866=IfcColumn
#	TMesh	2622908=IfcColumn
1	5.96886e-005	1.64525e-009	0	5.96886e-005	-1	-6.76289e-010	0	-1.64521e-009	-6.76387e-010	1	0	117.438	258.646	-4.76837e-007	1

COMPONENTFINISH

COMPONENT 2648931=IfcColumn
#	TMesh	2622908=IfcColumn
0.999996	0.00287356	2.67003e-009	0	0.00287356	-0.999996	-6.2395e-010	0	-2.66822e-009	-6.3162e-010	1	0	117.911	259.396	-9.53674e-007	1

COMPONENTFINISH

COMPONENT 2648996=IfcColumn
#	TMesh	2622908=IfcColumn
0.999996	0.00276473	4.05516e-009	0	0.00276473	-0.999996	-6.72149e-010	0	-4.05328e-009	-6.83358e-010	1	0	125.215	259.367	2.86102e-006	1

COMPONENTFINISH

COMPONENT 2649061=IfcColumn
#	TMesh	2622908=IfcColumn
0.881693	-0.471829	5.32887e-010	0	-0.471829	-0.881693	3.97038e-010	0	-2.82508e-010	6.01496e-010	1	0	151.058	118.618	1.43051e-005	1

COMPONENTFINISH

COMPONENT 2649126=IfcColumn
#	TMesh	2622908=IfcColumn
1	5.31361e-005	4.51543e-009	0	5.31361e-005	-1	-6.7613e-010	0	-4.5154e-009	-6.7637e-010	1	0	127.159	258.644	4.76837e-007	1

COMPONENTFINISH

COMPONENT 2649191=IfcColumn
#	TMesh	2622908=IfcColumn
0.999996	0.00293965	2.75474e-009	0	0.00293965	-0.999996	-6.75713e-010	0	-2.75274e-009	-6.83808e-010	1	0	127.624	259.414	1.90735e-006	1

COMPONENTFINISH

COMPONENT 2649256=IfcColumn
#	TMesh	2622908=IfcColumn
0.999859	-0.0169026	3.51868e-009	0	-0.0169026	-0.999859	1.40243e-010	0	-3.51581e-009	1.99698e-010	1	0	130.763	254.103	1.7643e-005	1

COMPONENTFINISH

COMPONENT 2649321=IfcColumn
#	TMesh	2622908=IfcColumn
1	9.00899e-005	2.34391e-009	0	9.00899e-005	-1	-8.84327e-010	0	-2.34383e-009	-8.84538e-010	1	0	129.584	258.654	6.67572e-006	1

COMPONENTFINISH

COMPONENT 2649386=IfcColumn
#	TMesh	2622908=IfcColumn
0.999997	0.00256209	7.58615e-010	0	0.00256209	-0.999997	-5.76858e-010	0	-7.57134e-010	-5.788e-010	1	0	130.099	259.313	4.76837e-007	1

COMPONENTFINISH

COMPONENT 2649451=IfcColumn
#	TMesh	2622908=IfcColumn
0.930346	-0.366688	1.31449e-009	0	-0.366688	-0.930346	-1.9007e-010	0	-1.29262e-009	3.05175e-010	1	0	156.361	152.476	1.28746e-005	1

COMPONENTFINISH

COMPONENT 2649516=IfcColumn
#	TMesh	2622908=IfcColumn
0.999037	-0.0439569	6.53709e-010	0	-0.0439569	-0.999037	-4.87599e-010	0	-6.74511e-010	-4.58393e-010	1	0	141.07	246.785	1.90735e-005	1

COMPONENTFINISH

COMPONENT 2649581=IfcColumn
#	TMesh	2622908=IfcColumn
1	4.38238e-005	1.5251e-009	0	4.38238e-005	-1	-3.64172e-010	0	-1.52508e-009	-3.64239e-010	1	0	136.89	258.641	4.76837e-007	1

COMPONENTFINISH

COMPONENT 2649646=IfcColumn
#	TMesh	2622908=IfcColumn
0.999997	0.00269603	8.62938e-010	0	0.00269603	-0.999997	-6.80857e-010	0	-8.611e-010	-6.83181e-010	1	0	137.383	259.349	4.76837e-007	1

COMPONENTFINISH

COMPONENT 2649711=IfcColumn
#	TMesh	2622908=IfcColumn
0.992082	-0.125615	2.50555e-009	0	-0.125615	-0.992082	1.70578e-010	0	-2.46427e-009	4.83959e-010	1	0	151.383	224.167	1.71661e-005	1

COMPONENTFINISH

COMPONENT 2649776=IfcColumn
#	TMesh	2622908=IfcColumn
-1	-2.86517e-005	-2.85977e-009	0	-2.86517e-005	1	-3.64134e-010	0	2.85978e-009	-3.64052e-010	-1	0	-394.349	20.0923	-12.372	1

COMPONENTFINISH

COMPONENT 2649841=IfcColumn
#	TMesh	2622908=IfcColumn
0.999997	0.00250984	-2.62693e-009	0	0.00250984	-0.999997	8.32165e-010	0	-2.62483e-009	-8.38755e-010	-1	0	139.835	259.299	-12.372	1

COMPONENTFINISH

COMPONENT 2649906=IfcColumn
#	TMesh	2622908=IfcColumn
-0.999408	0.034473	-1.9478e-009	0	0.034473	0.999408	3.42309e-010	0	1.95844e-009	2.74959e-010	-1	0	-396.696	29.3693	-12.372	1

COMPONENTFINISH

COMPONENT 2649971=IfcColumn
#	TMesh	2622908=IfcColumn
1	-0.000279374	-1.89372e-009	0	0.000279374	1	1.14459e-009	0	-1.8934e-009	1.14512e-009	-1	0	146.571	20.0255	-12.372	1

COMPONENTFINISH

COMPONENT 2650036=IfcColumn
#	TMesh	2622908=IfcColumn
0.999997	0.0025989	-3.45059e-009	0	0.0025989	-0.999997	6.73965e-010	0	-3.44883e-009	-6.82931e-010	-1	0	147.104	259.323	-12.372	1

COMPONENTFINISH

COMPONENT 2650101=IfcColumn
#	TMesh	2622908=IfcColumn
0.9959	-0.090505	-2.43863e-009	0	-0.090505	-0.9959	5.07551e-010	0	-2.47456e-009	-2.8476e-010	-1	0	157.925	233.991	-12.372	1

COMPONENTFINISH

COMPONENT 2650166=IfcColumn
#	TMesh	2622908=IfcColumn
-1	-3.20419e-005	-3.01426e-009	0	-3.20419e-005	1	1.09236e-009	0	3.01423e-009	1.09246e-009	-1	0	-384.638	20.0915	-12.372	1

COMPONENTFINISH

COMPONENT 2650231=IfcColumn
#	TMesh	2622908=IfcColumn
0.999997	0.00244743	-3.31221e-009	0	0.00244743	-0.999997	-5.38179e-011	0	-3.31233e-009	4.57113e-011	-1	0	149.553	259.282	-12.372	1

COMPONENTFINISH

COMPONENT 2650296=IfcColumn
#	TMesh	2622908=IfcColumn
-0.995964	0.0897939	-3.23675e-009	0	-0.0897939	-0.995964	4.60755e-010	0	3.1823e-009	-7.49533e-010	-1	0	-371.236	282.109	-12.372	1

COMPONENTFINISH

COMPONENT 2650361=IfcColumn
#	TMesh	2622908=IfcColumn
-1	-2.88973e-005	-3.17845e-009	0	-2.88973e-005	1	-5.72215e-010	0	3.17846e-009	-5.72124e-010	-1	0	-382.209	20.0923	-12.372	1

COMPONENTFINISH

COMPONENT 2650426=IfcColumn
#	TMesh	2622908=IfcColumn
0.999997	0.00257055	-3.4913e-009	0	0.00257055	-0.999997	-2.35091e-012	0	-3.4913e-009	-6.62363e-012	-1	0	151.968	259.315	-12.372	1

COMPONENTFINISH

COMPONENT 2650491=IfcColumn
#	TMesh	2622908=IfcColumn
-0.995696	0.0927214	-2.75783e-009	0	-0.0927214	-0.995696	5.03399e-010	0	2.69928e-009	-7.5694e-010	-1	0	-368.385	282.858	-12.372	1

COMPONENTFINISH

COMPONENT 2650556=IfcColumn
#	TMesh	2622908=IfcColumn
1	-0.000271601	-1.69483e-009	0	0.000271601	1	-5.71959e-010	0	-1.69499e-009	-5.71498e-010	-1	0	153.862	20.0275	-12.372	1

COMPONENTFINISH

COMPONENT 2650621=IfcColumn
#	TMesh	2622908=IfcColumn
0.999997	0.00255	-2.2481e-009	0	0.00255	-0.999997	8.33129e-010	0	-2.24596e-009	-8.38859e-010	-1	0	154.4	259.31	-12.372	1

COMPONENTFINISH

COMPONENT 2650686=IfcColumn
#	TMesh	2622908=IfcColumn
-0.998452	0.0556901	-2.16205e-009	0	0.0556901	0.998452	4.97002e-010	0	2.18637e-009	3.75827e-010	-1	0	-384.391	35.1449	-12.372	1

COMPONENTFINISH

COMPONENT 2650751=IfcColumn
#	TMesh	2622908=IfcColumn
1	-0.00029625	-3.08848e-009	0	0.00029625	1	-3.64278e-010	0	-3.08859e-009	-3.63363e-010	-1	0	156.289	20.021	-12.372	1

COMPONENTFINISH

COMPONENT 2650816=IfcColumn
#	TMesh	2622908=IfcColumn
0.999997	0.00253142	-2.17521e-009	0	0.00253142	-0.999997	8.33307e-010	0	-2.17309e-009	-8.38811e-010	-1	0	156.833	259.305	-12.372	1

COMPONENTFINISH

COMPONENT 2650881=IfcColumn
#	TMesh	2622908=IfcColumn
-0.998815	0.0487387	-3.06659e-009	0	-0.0487387	-0.998815	9.65041e-010	0	3.01591e-009	-1.11335e-009	-1	0	-369.603	271.494	-12.372	1

COMPONENTFINISH

COMPONENT 2650946=IfcColumn
#	TMesh	2622908=IfcColumn
-1	2.08335e-005	-2.27867e-009	0	2.08335e-005	1	-3.64132e-010	0	2.27866e-009	-3.6418e-010	-1	0	-374.924	20.1056	-12.372	1

COMPONENTFINISH

COMPONENT 2651011=IfcColumn
#	TMesh	2622908=IfcColumn
0.999997	0.00253203	-2.10978e-009	0	0.00253203	-0.999997	-1.0912e-009	0	-2.11254e-009	1.08585e-009	-1	0	159.262	259.305	-12.372	1

COMPONENTFINISH

COMPONENT 2651076=IfcColumn
#	TMesh	2622908=IfcColumn
-0.999997	-0.00238592	-3.38028e-009	0	-0.00238592	0.999997	-5.74116e-010	0	3.38164e-009	-5.6605e-010	-1	0	-373.016	19.4637	-12.372	1

COMPONENTFINISH

COMPONENT 2651141=IfcColumn
#	TMesh	2622908=IfcColumn
-0.999154	-0.0412013	-1.81736e-009	0	-0.0412013	0.999154	8.29694e-011	0	1.8124e-009	1.57777e-010	-1	0	-367.352	9.20689	-12.372	1

COMPONENTFINISH

COMPONENT 2651206=IfcColumn
#	TMesh	2622908=IfcColumn
-1	-1.85573e-006	-2.28707e-009	0	-1.85573e-006	1	5.2018e-010	0	2.28707e-009	5.20184e-010	-1	0	-371.681	20.0995	-12.372	1

COMPONENTFINISH

COMPONENT 2651271=IfcColumn
#	TMesh	2622908=IfcColumn
-0.999997	-0.00239075	-2.37416e-009	0	-0.00239075	0.999997	-5.71715e-010	0	2.37552e-009	-5.66037e-010	-1	0	-370.586	19.4624	-12.372	1

COMPONENTFINISH

COMPONENT 2651336=IfcColumn
#	TMesh	2622908=IfcColumn
-0.999359	-0.0358848	-3.12853e-009	0	-0.0358848	0.999359	3.19335e-011	0	3.12537e-009	1.4418e-010	-1	0	-365.611	10.6011	-12.372	1

COMPONENTFINISH

COMPONENT 2651401=IfcColumn
#	TMesh	2622908=IfcColumn
-1	0.000253056	-1.86236e-009	0	-0.000253056	-1	5.2036e-010	0	1.86223e-009	-5.20832e-010	-1	0	-369.221	258.697	-12.372	1

COMPONENTFINISH

COMPONENT 2651466=IfcColumn
#	TMesh	2622908=IfcColumn
0.995825	-0.0913219	3.18537e-009	0	-0.0913219	-0.995825	-4.19207e-010	0	-3.21035e-009	-1.26562e-010	1	0	175.012	233.764	2.28882e-005	1

COMPONENTFINISH

COMPONENT 2651531=IfcColumn
#	TMesh	2622908=IfcColumn
-1	3.62042e-005	-2.52762e-009	0	3.62042e-005	1	5.72196e-010	0	2.52764e-009	5.72104e-010	-1	0	-367.636	20.1097	-12.372	1

COMPONENTFINISH

COMPONENT 2651596=IfcColumn
#	TMesh	2622908=IfcColumn
-1	-0.000525597	-2.62024e-009	0	-0.000525597	1	-4.16167e-010	0	2.62046e-009	-4.1479e-010	-1	0	-366.759	19.9597	-12.372	1

COMPONENTFINISH

COMPONENT 2651661=IfcColumn
#	TMesh	2622908=IfcColumn
-1	-0.000178059	-2.15392e-009	0	-0.000178059	1	2.60165e-010	0	2.15387e-009	2.60548e-010	-1	0	-365.991	20.0525	-12.372	1

COMPONENTFINISH

COMPONENT 2651726=IfcColumn
#	TMesh	2622908=IfcColumn
1	-4.66204e-005	2.39247e-009	0	4.66204e-005	1	-4.16152e-010	0	-2.39245e-009	4.16264e-010	1	0	168.469	20.0876	-2.38419e-006	1

COMPONENTFINISH

COMPONENT 2651791=IfcColumn
#	TMesh	2622908=IfcColumn
-1	0.000140852	2.54297e-009	0	-0.000140852	-1	-2.60095e-010	0	2.54293e-009	-2.60453e-010	1	0	-364.375	258.667	-1.90735e-006	1

COMPONENTFINISH

COMPONENT 2651856=IfcColumn
#	TMesh	2622908=IfcColumn
-1	-0.000100359	-2.34593e-009	0	-0.000100359	1	2.60113e-010	0	2.3459e-009	2.60348e-010	-1	0	-363.57	20.0732	-12.372	1

COMPONENTFINISH

COMPONENT 2651921=IfcColumn
#	TMesh	2622908=IfcColumn
1	-0.000134199	2.55772e-009	0	0.000134199	1	-4.16146e-010	0	-2.55766e-009	4.16489e-010	1	0	170.889	20.0642	-2.38419e-006	1

COMPONENTFINISH

COMPONENT 2651986=IfcColumn
#	TMesh	2622908=IfcColumn
-1	-0.000163105	-1.32172e-009	0	-0.000163105	1	7.80474e-010	0	1.32159e-009	7.8069e-010	-1	0	-361.942	20.0565	-12.372	1

COMPONENTFINISH

COMPONENT 2652051=IfcColumn
#	TMesh	2622908=IfcColumn
-1	-0.000118979	-3.94891e-009	0	-0.000118979	1	2.59926e-010	0	3.94888e-009	2.60396e-010	-1	0	-361.138	20.0683	-12.372	1

COMPONENTFINISH

COMPONENT 2652116=IfcColumn
#	TMesh	2622908=IfcColumn
-1	-0.000213518	-3.28055e-009	0	-0.000213518	1	4.15993e-010	0	3.28046e-009	4.16694e-010	-1	0	-360.316	20.043	-12.372	1

COMPONENTFINISH

COMPONENT 2652181=IfcColumn
#	TMesh	2622908=IfcColumn
-1	-0.000178059	-2.15392e-009	0	-0.000178059	1	2.60165e-010	0	2.15387e-009	2.60548e-010	-1	0	-359.51	20.0525	-12.372	1

COMPONENTFINISH

COMPONENT 2652246=IfcColumn
#	TMesh	2622908=IfcColumn
-1	-0.000171935	-2.01307e-009	0	-0.000171935	1	1.09247e-009	0	2.01289e-009	1.09282e-009	-1	0	-358.702	20.0541	-12.372	1

COMPONENTFINISH

COMPONENT 2652311=IfcColumn
#	TMesh	2622908=IfcColumn
-1	-0.000251972	-2.16858e-009	0	-0.000251972	1	1.04139e-010	0	2.16855e-009	1.04685e-010	-1	0	-357.882	20.0328	-12.372	1

COMPONENTFINISH

COMPONENT 2652376=IfcColumn
#	TMesh	2622908=IfcColumn
-1	-0.000164888	-3.11669e-009	0	-0.000164888	1	7.8018e-010	0	3.11656e-009	7.80694e-010	-1	0	-357.082	20.056	-12.372	1

COMPONENTFINISH

COMPONENT 2652441=IfcColumn
#	TMesh	2622908=IfcColumn
-1	-0.000174395	-3.2614e-009	0	-0.000174395	1	3.11988e-010	0	3.26134e-009	3.12557e-010	-1	0	-356.271	20.0535	-12.372	1

COMPONENTFINISH

COMPONENT 2652506=IfcColumn
#	TMesh	2622908=IfcColumn
-1	-0.000177714	-1.6077e-009	0	-0.000177714	1	1.04208e-010	0	1.60768e-009	1.04494e-010	-1	0	-355.461	20.0526	-12.372	1

COMPONENTFINISH

COMPONENT 2652571=IfcColumn
#	TMesh	2622908=IfcColumn
-1	-0.000100359	-2.34593e-009	0	-0.000100359	1	2.60113e-010	0	2.3459e-009	2.60348e-010	-1	0	-354.66	20.0732	-12.372	1

COMPONENTFINISH

COMPONENT 2652636=IfcColumn
#	TMesh	2622908=IfcColumn
-1	-0.00023481	-3.02902e-009	0	-0.00023481	1	3.12002e-010	0	3.02894e-009	3.12713e-010	-1	0	-353.834	20.0374	-12.372	1

COMPONENTFINISH

COMPONENT 2652701=IfcColumn
#	TMesh	2622908=IfcColumn
-1	-0.000175671	-1.49409e-009	0	-0.000175671	1	1.04226e-010	0	1.49407e-009	1.04488e-010	-1	0	-353.031	20.0531	-12.372	1

COMPONENTFINISH

COMPONENT 2652766=IfcColumn
#	TMesh	2622908=IfcColumn
-1	-0.000167063	-1.30562e-009	0	-0.000167063	1	6.76446e-010	0	1.30551e-009	6.76664e-010	-1	0	-352.222	20.0555	-12.372	1

COMPONENTFINISH

COMPONENT 2652831=IfcColumn
#	TMesh	2622908=IfcColumn
-1	-4.49574e-005	-3.31615e-009	0	-4.49574e-005	1	3.12074e-010	0	3.31613e-009	3.12223e-010	-1	0	-351.427	20.088	-12.372	1

COMPONENTFINISH

COMPONENT 2652896=IfcColumn
#	TMesh	2622908=IfcColumn
1	-0.000201254	-3.12386e-009	0	0.000201254	1	8.32177e-010	0	-3.12369e-009	8.32806e-010	-1	0	183.031	20.0463	-12.372	1

COMPONENTFINISH

COMPONENT 2652961=IfcColumn
#	TMesh	2622908=IfcColumn
-1	-0.000174209	-1.98659e-009	0	-0.000174209	1	3.1221e-010	0	1.98653e-009	3.12557e-010	-1	0	-349.791	20.0535	-12.372	1

COMPONENTFINISH

COMPONENT 2653026=IfcColumn
#	TMesh	2622908=IfcColumn
1	-0.000121813	-3.1039e-009	0	0.000121813	1	3.12043e-010	0	-3.10386e-009	3.12422e-010	-1	0	184.66	20.0675	-12.372	1

COMPONENTFINISH

COMPONENT 2653091=IfcColumn
#	TMesh	2622908=IfcColumn
-1	-0.000295637	-2.01017e-009	0	-0.000295637	1	1.45667e-009	0	2.00974e-009	1.45727e-009	-1	0	-348.157	20.0211	-12.372	1

COMPONENTFINISH

COMPONENT 2653156=IfcColumn
#	TMesh	2622908=IfcColumn
1	-0.000154896	-1.87975e-009	0	0.000154896	1	2.60198e-010	0	-1.87971e-009	2.60489e-010	-1	0	186.277	20.0587	-12.372	1

COMPONENTFINISH

COMPONENT 2653221=IfcColumn
#	TMesh	2622908=IfcColumn
1	-0.000109633	-2.66691e-009	0	0.000109633	1	4.16134e-010	0	-2.66686e-009	4.16426e-010	-1	0	187.092	20.0707	-12.372	1

COMPONENTFINISH

COMPONENT 2653286=IfcColumn
#	TMesh	2622908=IfcColumn
-1	-0.000269933	-3.00481e-009	0	-0.000269933	1	8.32172e-010	0	3.00458e-009	8.32983e-010	-1	0	-345.73	20.028	-12.372	1

COMPONENTFINISH

COMPONENT 2653351=IfcColumn
#	TMesh	2622908=IfcColumn
1	-0.000252698	-2.26886e-009	0	0.000252698	1	2.60168e-010	0	-2.2688e-009	2.60741e-010	-1	0	188.695	20.0326	-12.372	1

COMPONENTFINISH

COMPONENT 2653416=IfcColumn
#	TMesh	2622908=IfcColumn
-1	0.00017072	2.91188e-009	0	-0.00017072	-1	-2.60033e-010	0	2.91183e-009	-2.6053e-010	1	0	-344.112	258.675	-2.38419e-006	1

COMPONENTFINISH

COMPONENT 2653481=IfcColumn
#	TMesh	2622908=IfcColumn
-1	-0.000339375	-2.31336e-009	0	-0.000339375	1	2.60179e-010	0	2.31327e-009	2.60964e-010	-1	0	-343.281	20.0095	-12.372	1

COMPONENTFINISH

COMPONENT 2653546=IfcColumn
#	TMesh	2622908=IfcColumn
1	-0.00019851	-3.75006e-009	0	0.00019851	1	4.15911e-010	0	-3.74998e-009	4.16655e-010	-1	0	191.141	20.047	-12.372	1

COMPONENTFINISH

COMPONENT 2653611=IfcColumn
#	TMesh	2622908=IfcColumn
1	5.0802e-005	2.7857e-009	0	5.0802e-005	-1	-1.04035e-009	0	-2.78565e-009	-1.04049e-009	1	0	191.969	258.643	-1.90735e-006	1

COMPONENTFINISH

COMPONENT 2653676=IfcColumn
#	TMesh	2622908=IfcColumn
-1	-0.000192383	-3.52418e-009	0	-0.000192383	1	2.59907e-010	0	3.52413e-009	2.60585e-010	-1	0	-340.869	20.0487	-12.372	1

COMPONENTFINISH

COMPONENT 2653741=IfcColumn
#	TMesh	2622908=IfcColumn
1	-2.27858e-005	2.7453e-009	0	-2.27858e-005	-1	-1.04036e-009	0	-2.74532e-009	-1.0403e-009	1	0	193.598	258.624	-1.90735e-006	1

COMPONENTFINISH

COMPONENT 2653806=IfcColumn
#	TMesh	2622908=IfcColumn
1	4.8536e-005	1.87707e-009	0	4.8536e-005	-1	-2.60124e-010	0	-1.87705e-009	-2.60215e-010	1	0	194.389	258.643	-9.53674e-007	1

COMPONENTFINISH

COMPONENT 2653871=IfcColumn
#	TMesh	2622908=IfcColumn
1	-0.000192359	-2.45074e-009	0	0.000192359	1	1.0924e-009	0	-2.45053e-009	1.09287e-009	-1	0	195.182	20.0487	-12.372	1

COMPONENTFINISH

COMPONENT 2653936=IfcColumn
#	TMesh	2622908=IfcColumn
-1	-0.000173115	-1.39319e-009	0	-0.000173115	1	4.16348e-010	0	1.39312e-009	4.1659e-010	-1	0	-337.641	20.0538	-12.372	1

COMPONENTFINISH

COMPONENT 2654001=IfcColumn
#	TMesh	2622908=IfcColumn
1	-0.000161132	1.62869e-009	0	0.000161132	1	-7.80422e-010	0	-1.62856e-009	7.80684e-010	1	0	196.805	20.057	-1.43051e-006	1

COMPONENTFINISH

COMPONENT 2654066=IfcColumn
#	TMesh	2622908=IfcColumn
-1	-0.00019465	-1.61289e-009	0	-0.00019465	1	3.64313e-010	0	1.61282e-009	3.64627e-010	-1	0	-336.019	20.0481	-12.372	1

COMPONENTFINISH

COMPONENT 2654131=IfcColumn
#	TMesh	2622908=IfcColumn
1	-0.000109903	-2.86504e-009	0	0.000109903	1	4.16112e-010	0	-2.865e-009	4.16427e-010	-1	0	198.432	20.0707	-12.372	1

COMPONENTFINISH

COMPONENT 2654196=IfcColumn
#	TMesh	2622908=IfcColumn
1	8.68126e-005	3.1614e-009	0	8.68126e-005	-1	1.04087e-010	0	-3.16141e-009	1.03812e-010	1	0	199.244	258.653	-9.53674e-007	1

COMPONENTFINISH

COMPONENT 2654261=IfcColumn
#	TMesh	2622908=IfcColumn
1	-0.000118139	-2.29591e-009	0	0.000118139	1	3.64159e-010	0	-2.29587e-009	3.6443e-010	-1	0	200.051	20.0685	-12.372	1

COMPONENTFINISH

COMPONENT 2654326=IfcColumn
#	TMesh	2622908=IfcColumn
-1	-0.000117797	-2.72272e-009	0	-0.000117797	1	4.16126e-010	0	2.72267e-009	4.16447e-010	-1	0	-332.788	20.0686	-12.372	1

COMPONENTFINISH

COMPONENT 2654391=IfcColumn
#	TMesh	2622908=IfcColumn
-1	-0.000275271	-2.01736e-009	0	-0.000275271	1	3.12262e-010	0	2.01728e-009	3.12817e-010	-1	0	-331.959	20.0266	-12.372	1

COMPONENTFINISH

COMPONENT 2654456=IfcColumn
#	TMesh	2622908=IfcColumn
-1	-0.000118027	-2.00438e-009	0	-0.000118027	1	3.12175e-010	0	2.00434e-009	3.12412e-010	-1	0	-331.168	20.0686	-12.372	1

COMPONENTFINISH

COMPONENT 2654521=IfcColumn
#	TMesh	2622908=IfcColumn
1	-0.000190211	-2.11316e-009	0	0.000190211	1	3.64214e-010	0	-2.11309e-009	3.64616e-010	-1	0	203.282	20.0493	-12.372	1

COMPONENTFINISH

COMPONENT 2654586=IfcColumn
#	TMesh	2622908=IfcColumn
1	-5.36658e-005	-2.38695e-009	0	5.36658e-005	1	2.601e-010	0	-2.38694e-009	2.60228e-010	-1	0	204.108	20.0857	-12.372	1

COMPONENTFINISH

COMPONENT 2654651=IfcColumn
#	TMesh	2622908=IfcColumn
-1	-8.97259e-005	2.10327e-009	0	-8.97259e-005	1	-7.28294e-010	0	2.10321e-009	7.28482e-010	1	0	-328.741	20.0761	-2.38419e-006	1

COMPONENTFINISH

COMPONENT 2654716=IfcColumn
#	TMesh	2622908=IfcColumn
-1	-0.000155955	2.22267e-009	0	-0.000155955	1	-4.16199e-010	0	2.2226e-009	4.16545e-010	1	0	-327.923	20.0584	-2.38419e-006	1

COMPONENTFINISH

COMPONENT 2654781=IfcColumn
#	TMesh	2622908=IfcColumn
-1	-0.000296093	-3.30276e-009	0	-0.000296093	1	2.59875e-010	0	3.30268e-009	2.60853e-010	-1	0	-327.097	20.0211	-12.372	1

COMPONENTFINISH

COMPONENT 2654846=IfcColumn
#	TMesh	2622908=IfcColumn
1	-0.000119554	3.40441e-009	0	0.000119554	1	-3.64027e-010	0	-3.40437e-009	3.64434e-010	1	0	207.341	20.0681	-1.90735e-006	1

COMPONENTFINISH

COMPONENT 2654911=IfcColumn
#	TMesh	2622908=IfcColumn
-1	-4.79638e-005	2.58922e-009	0	-4.79638e-005	1	-7.28251e-010	0	2.58918e-009	7.28375e-010	1	0	-325.506	20.0872	-2.38419e-006	1

COMPONENTFINISH

COMPONENT 2654976=IfcColumn
#	TMesh	2622908=IfcColumn
-1	-0.000285353	-2.30209e-009	0	-0.000285353	1	2.60168e-010	0	2.30201e-009	2.60825e-010	-1	0	-324.668	20.0239	-12.372	1

COMPONENTFINISH

COMPONENT 2655041=IfcColumn
#	TMesh	2622908=IfcColumn
-1	-0.000110071	3.26849e-009	0	-0.000110071	1	-4.68085e-010	0	3.26844e-009	4.68445e-010	1	0	-323.879	20.0706	-1.90735e-006	1

COMPONENTFINISH

COMPONENT 2655106=IfcColumn
#	TMesh	2622908=IfcColumn
-1	-0.000316152	-2.3881e-009	0	-0.000316152	1	-4.16084e-010	0	2.38823e-009	-4.15329e-010	-1	0	-323.044	20.0157	-12.372	1

COMPONENTFINISH

COMPONENT 2655171=IfcColumn
#	TMesh	2622908=IfcColumn
-1	-0.000642451	-2.50968e-009	0	-0.000642451	1	1.56097e-010	0	2.50958e-009	1.57709e-010	-1	0	-322.195	19.9287	-12.372	1

COMPONENTFINISH

COMPONENT 2655236=IfcColumn
#	TMesh	2622908=IfcColumn
-1	-0.000127469	2.73328e-009	0	-0.000127469	1	-4.68142e-010	0	2.73322e-009	4.6849e-010	1	0	-321.447	20.066	-1.90735e-006	1

COMPONENTFINISH

COMPONENT 2655301=IfcColumn
#	TMesh	2622908=IfcColumn
1	-4.47475e-005	-3.5721e-009	0	4.47475e-005	1	7.80225e-010	0	-3.57207e-009	7.80385e-010	-1	0	213.02	20.0881	-12.372	1

COMPONENTFINISH

COMPONENT 2655366=IfcColumn
#	TMesh	2622908=IfcColumn
1	-0.000199292	-1.81337e-009	0	0.000199292	1	3.1226e-010	0	-1.81331e-009	3.12621e-010	-1	0	213.811	20.0468	-12.372	1

COMPONENTFINISH

COMPONENT 2655431=IfcColumn
#	TMesh	2622908=IfcColumn
-1	-0.000153142	-1.8412e-009	0	-0.000153142	1	6.76346e-010	0	1.84109e-009	6.76628e-010	-1	0	-319.013	20.0592	-12.372	1

COMPONENTFINISH

COMPONENT 2655496=IfcColumn
#	TMesh	2622908=IfcColumn
-1	-0.000159427	2.33217e-009	0	-0.000159427	1	-4.68201e-010	0	2.33209e-009	4.68572e-010	1	0	-318.193	20.0575	-1.90735e-006	1

COMPONENTFINISH

COMPONENT 2655561=IfcColumn
#	TMesh	2622908=IfcColumn
-1	-0.00012142	-2.07664e-009	0	-0.00012142	1	7.8033e-010	0	2.07655e-009	7.80582e-010	-1	0	-317.387	20.0676	-12.372	1

COMPONENTFINISH

COMPONENT 2655626=IfcColumn
#	TMesh	2622908=IfcColumn
-1	-0.000282132	-1.99525e-009	0	-0.000282132	1	-4.1598e-010	0	1.99537e-009	-4.15417e-010	-1	0	-316.558	20.0248	-12.372	1

COMPONENTFINISH

COMPONENT 2655691=IfcColumn
#	TMesh	2622908=IfcColumn
1	-0.000188542	-2.39686e-009	0	0.000188542	1	3.6416e-010	0	-2.3968e-009	3.64611e-010	-1	0	217.872	20.0497	-12.372	1

COMPONENTFINISH

COMPONENT 2655757=IfcColumn
#	TMesh	2622908=IfcColumn
-1	-0.000105929	-2.18066e-009	0	-0.000105929	1	6.76275e-010	0	2.18059e-009	6.76506e-010	-1	0	-314.959	20.0718	-12.372	1

COMPONENTFINISH

COMPONENT 2655822=IfcColumn
#	TMesh	2622908=IfcColumn
-1	-0.000173084	-3.28052e-009	0	-0.000173084	1	3.11986e-010	0	3.28047e-009	3.12554e-010	-1	0	-314.141	20.0539	-12.372	1

COMPONENTFINISH

COMPONENT 2655887=IfcColumn
#	TMesh	2622908=IfcColumn
-1	-5.38287e-005	-3.22682e-009	0	-5.38287e-005	1	2.60055e-010	0	3.22681e-009	2.60228e-010	-1	0	-313.355	20.0856	-12.372	1

COMPONENTFINISH

COMPONENT 2655952=IfcColumn
#	TMesh	2622908=IfcColumn
1	-0.000165972	-2.0488e-009	0	0.000165972	1	2.60177e-010	0	-2.04876e-009	2.60517e-010	-1	0	221.105	20.0557	-12.372	1

COMPONENTFINISH

COMPONENT 2656017=IfcColumn
#	TMesh	2622908=IfcColumn
-1	-0.000154545	-3.12344e-009	0	-0.000154545	1	2.60005e-010	0	3.1234e-009	2.60488e-010	-1	0	-311.723	20.0588	-12.372	1

COMPONENTFINISH

COMPONENT 2656082=IfcColumn
#	TMesh	2622908=IfcColumn
1	-0.000107545	3.38902e-009	0	0.000107545	1	-4.16056e-010	0	-3.38898e-009	4.16421e-010	1	0	222.732	20.0713	-2.38419e-006	1

COMPONENTFINISH

COMPONENT 2656147=IfcColumn
#	TMesh	2622908=IfcColumn
1	-0.000110222	-3.33799e-009	0	0.000110222	1	3.64042e-010	0	-3.33795e-009	3.6441e-010	-1	0	223.542	20.0706	-12.372	1

COMPONENTFINISH

COMPONENT 2656212=IfcColumn
#	TMesh	2622908=IfcColumn
-1	-0.000180652	-3.09607e-009	0	-0.000180652	1	2.59996e-010	0	3.09602e-009	2.60555e-010	-1	0	-309.29	20.0518	-12.372	1

COMPONENTFINISH

COMPONENT 2656277=IfcColumn
#	TMesh	2622908=IfcColumn
-1	-0.000155989	3.04267e-009	0	-0.000155989	1	-7.28179e-010	0	3.04256e-009	7.28653e-010	1	0	-308.483	20.0584	-2.38419e-006	1

COMPONENTFINISH

COMPONENT 2656342=IfcColumn
#	TMesh	2622908=IfcColumn
-1	-0.000176048	2.29247e-009	0	-0.000176048	1	-4.16194e-010	0	2.2924e-009	4.16597e-010	1	0	-307.671	20.053	-2.38419e-006	1

COMPONENTFINISH

COMPONENT 2656407=IfcColumn
#	TMesh	2622908=IfcColumn
-1	-0.000190774	-2.81066e-009	0	-0.000190774	1	3.64081e-010	0	2.8106e-009	3.64617e-010	-1	0	-306.859	20.0491	-12.372	1

COMPONENTFINISH

COMPONENT 2656472=IfcColumn
#	TMesh	2622908=IfcColumn
-1	-0.000108877	2.05704e-009	0	-0.000108877	1	-3.64182e-010	0	2.057e-009	3.64406e-010	1	0	-306.059	20.071	-1.90735e-006	1

COMPONENTFINISH

COMPONENT 2656537=IfcColumn
#	TMesh	2622908=IfcColumn
1	8.06391e-005	2.90097e-009	0	8.06391e-005	-1	-2.08046e-010	0	-2.90096e-009	-2.0828e-010	1	0	228.41	258.651	-4.76837e-007	1

COMPONENTFINISH

COMPONENT 2656602=IfcColumn
#	TMesh	2622908=IfcColumn
0.999996	0.00302209	1.84774e-009	0	0.00302209	-0.999996	5.1798e-010	0	-1.84929e-009	5.12394e-010	1	0	-1.17072	241.286	8.58307e-006	1

COMPONENTFINISH

COMPONENT 2656667=IfcColumn
#	TMesh	2622908=IfcColumn
0.999996	0.00307014	8.0967e-010	0	0.00307014	-0.999996	-2.13498e-010	0	-8.09011e-010	-2.15983e-010	1	0	-1.17661	242.109	9.53674e-007	1

COMPONENTFINISH

COMPONENT 2656732=IfcColumn
#	TMesh	2622908=IfcColumn
0.999996	0.00306123	2.95154e-009	0	0.00306123	-0.999996	-9.3518e-010	0	-2.94866e-009	-9.44211e-010	1	0	-1.17557	242.916	9.53674e-007	1

COMPONENTFINISH

COMPONENT 2656797=IfcColumn
#	TMesh	2622908=IfcColumn
0.999996	0.00318016	1.17967e-009	0	0.00318016	-0.999996	-5.64613e-011	0	-1.17948e-009	-6.02126e-011	1	0	-1.18967	243.758	7.62939e-006	1

COMPONENTFINISH

COMPONENT 2656862=IfcColumn
#	TMesh	2622908=IfcColumn
0.999994	0.00350649	8.10631e-010	0	0.00350649	-0.999994	-5.26375e-010	0	-8.08781e-010	-5.29215e-010	1	0	-1.22903	244.655	9.53674e-007	1

COMPONENTFINISH

COMPONENT 2656927=IfcColumn
#	TMesh	2622908=IfcColumn
0.999994	0.00342325	3.96857e-009	0	0.00342325	-0.999994	4.76463e-012	0	-3.96856e-009	-8.82074e-012	1	0	-1.21902	245.443	1.90735e-006	1

COMPONENTFINISH

COMPONENT 2656992=IfcColumn
#	TMesh	2622908=IfcColumn
0.999995	0.00335308	1.18168e-009	0	0.00335308	-0.999995	-6.80915e-010	0	-1.17939e-009	-6.84874e-010	1	0	-1.21045	246.234	6.67572e-006	1

COMPONENTFINISH

COMPONENT 2657057=IfcColumn
#	TMesh	2622908=IfcColumn
0.999996	0.00278092	8.10338e-010	0	0.00278092	-0.999996	-4.21058e-010	0	-8.09164e-010	-4.2331e-010	1	0	-1.14191	246.892	9.53674e-007	1

COMPONENTFINISH

COMPONENT 2657122=IfcColumn
#	TMesh	2622908=IfcColumn
0.999992	0.00432911	3.47749e-009	0	0.00432911	-0.999992	5.76104e-010	0	-3.47996e-009	5.61044e-010	1	0	-1.32776	248.114	8.58307e-006	1

COMPONENTFINISH

COMPONENT 2657187=IfcColumn
#	TMesh	2622908=IfcColumn
0.999993	0.00397914	2.39887e-009	0	0.00397914	-0.999993	5.71495e-010	0	-2.40112e-009	5.61945e-010	1	0	-1.28568	248.831	7.62939e-006	1

COMPONENTFINISH

COMPONENT 2657252=IfcColumn
#	TMesh	2622908=IfcColumn
0.999994	0.00354496	3.9709e-009	0	0.00354496	-0.999994	-6.71295e-010	0	-3.96849e-009	-6.85368e-010	1	0	-1.23361	249.525	1.90735e-006	1

COMPONENTFINISH

