COMPONENT 209289=IfcFlowTerminal
#	TMesh	1000086=IfcFlowTerminal
0.991853	-0.12529	0.00217659	0	-0.125284	-0.991853	-0.00273673	0	-0.0025024	-0.00244238	0.999732	0	-164.747	209.157	0.241012	1

COMPONENTFINISH

COMPONENT 209357=IfcFlowTerminal
#	TMesh	1000018=IfcFlowTerminal
0.99907	-0.000123803	0.00110625	0	-0.000123803	-0.999071	-3.12924e-007	0	-0.00110625	-1.75787e-007	0.99907	0	-176.717	212.102	-0.00919032	1

COMPONENTFINISH

COMPONENT 209425=IfcFlowTerminal
#	TMesh	1000086=IfcFlowTerminal
0.999709	0.00328344	0.0025592	0	-0.00328581	0.999712	0.000919999	0	-0.00255616	-0.000928403	0.999714	0	-176.417	22.0401	-0.110078	1

COMPONENTFINISH

COMPONENT 209493=IfcFlowTerminal
#	TMesh	1000018=IfcFlowTerminal
0.999323	-7.3132e-005	0.000913791	0	-7.32927e-005	-0.999323	0.000175735	0	-0.000913778	0.000175801	0.999323	0	-173.124	188.326	-0.0244164	1

COMPONENTFINISH

COMPONENT 209561=IfcFlowTerminal
#	TMesh	1000086=IfcFlowTerminal
0.999714	0.00172497	0.00320262	0	-0.00172178	0.999719	-0.000993346	0	-0.00320432	0.000987824	0.999715	0	-172.964	-1.75113	0.0659654	1

COMPONENTFINISH

COMPONENT 209629=IfcFlowTerminal
#	TMesh	1000018=IfcFlowTerminal
0.999416	-0.000127605	0.00297245	0	-0.000127004	-0.999421	-0.000202313	0	-0.00297248	-0.000201934	0.999417	0	-173.118	191.736	-0.00722724	1

COMPONENTFINISH

COMPONENT 209697=IfcFlowTerminal
#	TMesh	1000018=IfcFlowTerminal
0.998959	6.85035e-006	3.10276e-005	0	6.92661e-006	-0.998956	-0.00245574	0	-3.10106e-005	-0.00245574	0.998956	0	-173.129	195.092	0.23411	1

COMPONENTFINISH

COMPONENT 209765=IfcFlowTerminal
#	TMesh	1000086=IfcFlowTerminal
0.999303	0.00403292	0.00161866	0	-0.0040358	0.999303	0.00178303	0	-0.00161144	-0.00178955	0.99931	0	-172.744	5.0742	-0.182689	1

COMPONENTFINISH

COMPONENT 209833=IfcFlowTerminal
#	TMesh	1000018=IfcFlowTerminal
-0.998995	-1.30944e-005	0.00097435	0	-1.4102e-005	0.998995	-0.00103307	0	0.000974336	0.00103309	0.998995	0	-155.007	8.53486	0.0902617	1

COMPONENTFINISH

COMPONENT 209901=IfcFlowTerminal
#	TMesh	1000086=IfcFlowTerminal
-0.999297	-0.0039262	8.07772e-006	0	0.00392617	-0.999295	-0.00229683	0	1.71018e-005	-0.00229678	0.999302	0	-155.378	198.564	0.219826	1

COMPONENTFINISH

COMPONENT 209969=IfcFlowTerminal
#	TMesh	1000018=IfcFlowTerminal
-0.999	2.24058e-005	0.00185585	0	2.32761e-005	0.999002	0.000468469	0	0.00185584	-0.000468512	0.999	0	-155.011	11.9353	-0.0604969	1

COMPONENTFINISH

COMPONENT 210037=IfcFlowTerminal
#	TMesh	1000086=IfcFlowTerminal
-0.991356	0.125588	0.00019665	0	0.125588	0.991354	0.00182663	0	-3.44782e-005	-0.00183686	0.999277	0	-167.017	11.5275	-0.173861	1

COMPONENTFINISH

COMPONENT 210105=IfcFlowTerminal
#	TMesh	1000018=IfcFlowTerminal
0.998934	4.20507e-005	0.000324958	0	-4.24115e-005	0.998933	0.0011092	0	-0.000324911	-0.00110921	0.998933	0	-173.124	15.3423	-0.107471	1

COMPONENTFINISH

COMPONENT 210173=IfcFlowTerminal
#	TMesh	1000086=IfcFlowTerminal
0.991493	-0.124937	0.00146055	0	-0.124933	-0.991491	-0.00246365	0	-0.00175709	-0.00226172	0.99933	0	-161.179	205.719	-0.327552	1

COMPONENTFINISH

COMPONENT 210241=IfcFlowTerminal
#	TMesh	1000018=IfcFlowTerminal
-0.999097	8.27352e-005	0.00185649	0	8.84984e-005	0.999093	0.00310171	0	0.00185623	-0.00310187	0.999092	0	-155.016	18.7285	-0.310938	1

COMPONENTFINISH

COMPONENT 210309=IfcFlowTerminal
#	TMesh	1000086=IfcFlowTerminal
-0.99931	-0.00362687	0.000794517	0	0.00362455	-0.999306	-0.00290673	0	0.000805058	-0.00290382	0.999312	0	-155.351	208.763	0.270654	1

COMPONENTFINISH

COMPONENT 210377=IfcFlowTerminal
#	TMesh	1000018=IfcFlowTerminal
0.998954	1.03889e-006	3.10255e-005	0	-9.91219e-007	0.998953	-0.00153475	0	-3.1027e-005	0.00153475	0.998953	0	-173.128	22.1383	0.146551	1

COMPONENTFINISH

COMPONENT 210445=IfcFlowTerminal
#	TMesh	1000086=IfcFlowTerminal
0.999312	0.00331069	0.0016155	0	-0.00331065	0.999313	-2.21289e-005	0	-0.00161556	1.67768e-005	0.999318	0	-172.813	22.0755	-0.0110552	1

COMPONENTFINISH

COMPONENT 210513=IfcFlowTerminal
#	TMesh	1000018=IfcFlowTerminal
0.998899	-4.71381e-005	0.000818725	0	-4.68801e-005	-0.9989	-0.000314875	0	-0.00081874	-0.000314836	0.998899	0	-169.423	188.286	0.023447	1

COMPONENTFINISH

COMPONENT 210581=IfcFlowTerminal
#	TMesh	1000086=IfcFlowTerminal
-0.992393	0.12871	0.000840113	0	0.12871	0.992393	-0.000346554	0	0.000877709	0.000235621	1.0007	0	-163.606	-2.20461	0.0236759	1

COMPONENTFINISH

COMPONENT 210649=IfcFlowTerminal
#	TMesh	1000018=IfcFlowTerminal
0.999	-0.000107677	0.00287461	0	-0.000106745	-0.999004	-0.000324109	0	-0.00287464	-0.0003238	0.999	0	-169.416	191.696	0.00558978	1

COMPONENTFINISH

COMPONENT 210717=IfcFlowTerminal
#	TMesh	1000018=IfcFlowTerminal
0.998714	-6.55613e-005	0.00169854	0	-6.43111e-005	-0.998715	-0.000735144	0	-0.00169859	-0.000735033	0.998714	0	-169.419	195.069	0.0555968	1

COMPONENTFINISH

COMPONENT 210785=IfcFlowTerminal
#	TMesh	1000086=IfcFlowTerminal
-1.00033	-0.00225963	0.000730068	0	0.00225849	-1.00033	-0.00156336	0	0.000733596	-0.00156171	1.00033	0	-151.512	195.245	0.141229	1

COMPONENTFINISH

COMPONENT 210853=IfcFlowTerminal
#	TMesh	1000018=IfcFlowTerminal
-0.998655	-1.7732e-005	0.000772916	0	1.62994e-005	-0.998654	-0.00185104	0	0.000772947	-0.00185102	0.998654	0	-151.312	198.463	0.170139	1

COMPONENTFINISH

COMPONENT 210921=IfcFlowTerminal
#	TMesh	1000086=IfcFlowTerminal
-1.00033	-0.00211512	0.00132761	0	0.00211268	-1.00033	-0.00183999	0	0.0013315	-0.00183718	1.00033	0	-151.499	198.644	0.162109	1

COMPONENTFINISH

COMPONENT 210989=IfcFlowTerminal
#	TMesh	1000018=IfcFlowTerminal
-0.998672	-1.59211e-005	0.00165324	0	-1.79908e-005	0.998673	-0.00125024	0	0.00165322	0.00125026	0.998671	0	-151.31	11.9654	0.105018	1

COMPONENTFINISH

COMPONENT 211057=IfcFlowTerminal
#	TMesh	1000086=IfcFlowTerminal
-1.00033	-0.00179833	0.00292103	0	0.00179274	-1.00033	-0.00191683	0	0.00292446	-0.00191159	1.00033	0	-151.472	202.042	0.154953	1

COMPONENTFINISH

COMPONENT 211125=IfcFlowTerminal
#	TMesh	1000018=IfcFlowTerminal
-0.998581	6.14967e-006	0.00106631	0	6.1547e-006	0.998582	4.71203e-006	0	0.00106631	-4.71855e-006	0.998581	0	-151.312	15.375	-0.00889403	1

COMPONENTFINISH

COMPONENT 211193=IfcFlowTerminal
#	TMesh	1000086=IfcFlowTerminal
-1.00036	-0.00208382	0.00152703	0	0.00208107	-1.00036	-0.0017974	0	0.00153077	-0.00179421	1.00036	0	-151.496	205.447	-0.393814	1

COMPONENTFINISH

COMPONENT 211261=IfcFlowTerminal
#	TMesh	1000018=IfcFlowTerminal
-0.998796	0.000146092	0.00458903	0	0.000150754	0.998806	0.00101432	0	0.00458888	-0.001015	0.998795	0	-151.327	18.7533	-0.13702	1

COMPONENTFINISH

COMPONENT 211329=IfcFlowTerminal
#	TMesh	1000086=IfcFlowTerminal
-1.00038	-0.000972405	0.00372101	0	0.000961095	-1.00038	-0.00303758	0	0.00372395	-0.00303398	1.00037	0	-151.395	208.842	0.254154	1

COMPONENTFINISH

COMPONENT 211397=IfcFlowTerminal
#	TMesh	1000018=IfcFlowTerminal
0.998698	-4.9104e-005	0.00169846	0	-4.70183e-005	-0.998699	-0.00122639	0	-0.00169852	-0.00122631	0.998697	0	-169.42	212.067	0.102317	1

COMPONENTFINISH

COMPONENT 211465=IfcFlowTerminal
#	TMesh	1000086=IfcFlowTerminal
-0.992192	0.127261	0.000642053	0	0.12726	0.992193	-0.000322386	0	0.00067785	0.000238085	1.00032	0	-163.47	21.6278	0.0240622	1

COMPONENTFINISH

COMPONENT 2115=IfcFlowSegment
#	Mesh	0	Begin

#	Vertex	8
-208.494	111.467	1.37999
-200.262	111.467	1.37999
-200.262	111.667	1.37999
-208.494	111.667	1.37999
-208.494	111.467	1.47999
-200.262	111.467	1.47999
-200.262	111.667	1.47999
-208.494	111.667	1.47999

#	Triangle	6
3	4	7	0	4	3
0	5	4	1	5	0
1	6	5	2	6	1
2	7	6	3	7	2
3	1	0	2	1	3
4	6	7	5	6	4

#	Normal	6
-1	-0	0
-0	-1	-0
1	-0	-0
-0	1	-0
0	-0	-1
-0	-0	1

#	Mesh	0	End


COMPONENTFINISH

COMPONENT 2161346=IfcBuildingElementProxy
#	TMesh	127963=IfcBuildingElementProxy
1	-0.00080958	2.23593e-006	0	0.000809583	0.999999	-0.00176255	0	-8.09785e-007	0.00176255	0.999999	0	-0.0827942	1.95288	0.180769	1

COMPONENTFINISH

COMPONENT 2171547=IfcBuildingElementProxy
#	Mesh	0	Begin

#	Vertex	1447
-66.4111	104.36	-1.25768
-66.4059	104.36	-1.26165
-66.3999	104.36	-1.26415
-66.3934	104.36	-1.265
-66.387	104.36	-1.26415
-66.3809	104.36	-1.26165
-66.3758	104.36	-1.25768
-66.3718	104.36	-1.2525
-66.3693	104.36	-1.24647
-66.3684	104.36	-1.24
-66.3693	104.36	-1.23353
-66.3718	104.36	-1.2275
-66.3758	104.36	-1.22232
-66.3809	104.36	-1.21835
-66.387	104.36	-1.21585
-66.3934	104.36	-1.215
-66.3999	104.36	-1.21585
-66.4059	104.36	-1.21835
-66.4111	104.36	-1.22232
-66.4151	104.36	-1.2275
-66.4176	104.36	-1.23353
-66.4184	104.36	-1.24
-66.4176	104.36	-1.24647
-66.4151	104.36	-1.2525
-66.3706	105.348	-1.22979
-66.3703	105.113	-1.23053
-66.369	105.242	-1.2347
-66.418	104.583	-1.23521
-66.4165	104.696	-1.23043
-66.416	104.903	-1.22916
-66.4165	105.182	-1.23036
-66.4177	104.928	-1.23404
-66.3736	105.323	-1.22485
-66.3718	105.561	-1.2275
-66.3758	105.557	-1.22232
-66.3781	105.272	-1.22025
-66.3809	105.552	-1.21835
-66.4111	105.522	-1.22232
-66.4151	105.518	-1.2275
-66.4132	105.27	-1.22471
-66.4025	104.942	-1.21668
-66.3966	105.285	-1.2152
-66.4029	105.296	-1.21685
-66.37	104.531	-1.23126
-66.3688	104.564	-1.23582
-66.4184	104.709	-1.24
-66.3999	105.533	-1.21585
-66.3934	105.54	-1.215
-66.3838	105.313	-1.21695
-66.3684	104.866	-1.24
-66.3689	104.788	-1.23519
-66.3684	104.709	-1.24
-66.3736	104.616	-1.22478
-66.3731	104.913	-1.22551
-66.378	104.959	-1.22034
-66.376	104.773	-1.22208
-66.3699	104.918	-1.23161
-66.3704	104.724	-1.23043
-66.3902	104.612	-1.21521
-66.3782	104.594	-1.22017
-66.3833	104.963	-1.21715
-66.3839	104.71	-1.2169
-66.39	105.196	-1.21524
-66.387	105.546	-1.21585
-66.3967	104.593	-1.21521
-66.3688	105.025	-1.23569
-66.4133	104.939	-1.22478
-66.4085	105.182	-1.22007
-66.4176	105.516	-1.23353
-66.403	104.699	-1.2169
-66.4087	104.609	-1.22017
-66.4059	105.527	-1.21835
-66.4133	104.593	-1.22478
-66.3891	104.903	-1.21539
-66.4076	104.895	-1.2194
-66.4181	105.199	-1.23566
-66.4184	105.515	-1.24
-66.4184	105.34	-1.24
-66.4184	105.058	-1.24
-66.3967	104.947	-1.21521
-66.3751	105.118	-1.223
-66.3693	105.564	-1.23353
-66.3684	105.565	-1.24
-66.3798	104.78	-1.21904
-66.3684	105.216	-1.24
-66.3724	105.155	-1.22656
-67.3399	105.537	-1.21521
-66.9867	105.537	-1.21521
-67.3227	105.543	-1.21521
-66.403	104.699	-1.2631
-66.3966	105.285	-1.2648
-66.3934	105.54	-1.265
-66.39	105.196	-1.26476
-66.4151	105.518	-1.2525
-66.4165	105.179	-1.24964
-66.4176	105.516	-1.24647
-66.4111	105.522	-1.25768
-66.4132	105.27	-1.25529
-66.3736	105.323	-1.25515
-66.3781	105.272	-1.25975
-66.3758	105.557	-1.25768
-66.3782	104.594	-1.25983
-66.3736	104.616	-1.25522
-66.3999	105.533	-1.26415
-66.4029	105.296	-1.26315
-66.4059	105.527	-1.26165
-66.4076	104.898	-1.26059
-66.4025	104.943	-1.26332
-66.3704	104.724	-1.24957
-66.3688	104.564	-1.24418
-66.37	104.531	-1.24874
-66.3902	104.612	-1.26479
-66.3967	104.593	-1.26479
-66.3967	104.947	-1.26479
-66.4133	104.593	-1.25522
-66.4087	104.609	-1.25983
-66.4085	105.187	-1.25993
-66.4181	105.199	-1.24434
-66.3838	105.313	-1.26305
-66.3809	105.552	-1.26165
-66.4176	104.941	-1.24652
-66.4165	104.701	-1.24957
-66.376	104.773	-1.25792
-66.3688	105.025	-1.24431
-66.3689	104.788	-1.24481
-66.3699	104.918	-1.24839
-66.387	105.546	-1.26415
-66.3751	105.118	-1.257
-66.378	104.959	-1.25966
-66.4132	104.941	-1.25538
-66.418	104.584	-1.24482
-66.369	105.242	-1.2453
-66.3839	104.71	-1.2631
-66.3891	104.903	-1.26461
-66.4158	104.982	-1.25118
-66.3731	104.913	-1.25449
-66.3706	105.348	-1.25021
-66.3693	105.564	-1.24647
-66.3718	105.561	-1.2525
-66.3833	104.963	-1.26285
-66.3798	104.78	-1.26096
-66.3703	105.113	-1.24947
-66.3724	105.155	-1.25344
-67.5734	105.533	-1.26415
-67.5734	105.527	-1.26165
-67.5734	105.522	-1.25768
-67.5734	105.518	-1.2525
-67.5734	105.516	-1.24647
-67.5734	105.515	-1.24
-67.5734	105.516	-1.23353
-67.5734	105.518	-1.2275
-67.5734	105.522	-1.22232
-67.5734	105.527	-1.21835
-67.5734	105.533	-1.21585
-67.5734	105.54	-1.215
-67.5734	105.546	-1.21585
-67.5734	105.552	-1.21835
-67.5734	105.557	-1.22232
-67.5734	105.561	-1.2275
-67.5734	105.564	-1.23353
-67.5734	105.565	-1.24
-67.5734	105.564	-1.24647
-67.5734	105.561	-1.2525
-67.5734	105.557	-1.25768
-67.5734	105.552	-1.26165
-67.5734	105.546	-1.26415
-67.5734	105.54	-1.265
-67.4024	105.563	-1.23126
-67.2088	105.563	-1.23043
-67.3695	105.564	-1.23582
-67.2243	105.515	-1.24
-66.8751	105.515	-1.24
-66.9922	105.516	-1.23348
-67.3489	105.515	-1.23518
-67.2322	105.517	-1.23043
-67.3167	105.56	-1.22478
-67.3394	105.555	-1.22017
-66.951	105.517	-1.22882
-67.3238	105.525	-1.22017
-67.0354	105.526	-1.21941
-67.2338	105.53	-1.2169
-66.6909	105.564	-1.2347
-66.5848	105.563	-1.22979
-66.593	105.515	-1.24
-67.2298	105.549	-1.2169
-67.1455	105.564	-1.23519
-66.7176	105.565	-1.24
-66.6627	105.555	-1.22025
-66.6103	105.56	-1.22485
-66.8204	105.558	-1.22303
-66.7341	105.515	-1.23566
-66.754	105.517	-1.23036
-67.34	105.52	-1.22478
-66.9082	105.564	-1.23569
-66.6207	105.549	-1.21695
-66.6485	105.537	-1.2152
-67.0308	105.544	-1.2154
-66.7459	105.525	-1.22007
-66.9845	105.55	-1.21712
-66.9923	105.52	-1.22462
-67.1583	105.557	-1.22208
-66.6633	105.52	-1.22471
-66.637	105.53	-1.21685
-66.7377	105.543	-1.21524
-67.0132	105.56	-1.22545
-66.9906	105.531	-1.21668
-67.015	105.563	-1.23161
-66.9772	105.555	-1.22017
-67.1583	105.553	-1.21909
-67.0668	105.565	-1.24
-67.2243	105.565	-1.24
-66.8201	105.563	-1.23053
-66.8067	105.548	-1.21629
-66.7778	105.561	-1.22657
-67.3398	105.52	-1.25522
-66.8521	105.523	-1.25835
-66.6478	105.52	-1.25529
-66.9923	105.52	-1.25538
-66.754	105.517	-1.24964
-66.7341	105.515	-1.24434
-67.0035	105.515	-1.24593
-66.6591	105.525	-1.25991
-67.3216	105.525	-1.25983
-67.0193	105.525	-1.26047
-66.6103	105.56	-1.25515
-66.6627	105.555	-1.25975
-67.1455	105.564	-1.24481
-67.3695	105.564	-1.24418
-67.3216	105.537	-1.26479
-66.6464	105.537	-1.2648
-66.9834	105.537	-1.26483
-66.7298	105.543	-1.26476
-67.2259	105.53	-1.2631
-66.7429	105.53	-1.26317
-67.2322	105.517	-1.24957
-67.3398	105.543	-1.26479
-66.9082	105.564	-1.24431
-66.8201	105.563	-1.24947
-67.015	105.563	-1.24839
-67.4024	105.563	-1.24874
-67.3167	105.56	-1.25522
-67.2298	105.549	-1.2631
-67.0219	105.517	-1.25091
-67.3489	105.515	-1.24482
-67.3394	105.555	-1.25983
-67.2088	105.563	-1.24957
-67.0927	105.544	-1.26457
-66.9772	105.555	-1.25983
-66.9205	105.549	-1.26334
-66.6909	105.564	-1.2453
-66.5848	105.563	-1.25021
-66.6207	105.549	-1.26305
-66.9849	105.531	-1.26344
-67.0132	105.56	-1.25455
-67.1583	105.557	-1.25792
-66.8204	105.558	-1.25697
-67.1583	105.553	-1.26091
-66.8311	105.527	-1.26123
-66.7778	105.561	-1.25343
-66.9079	105.544	-1.26457
-66.4034	105.559	-1.24518
-66.4034	105.557	-1.25
-66.4034	105.554	-1.25414
-66.4034	105.55	-1.25732
-66.4034	105.55	-1.32
-66.4034	105.53	-1.32
-66.4034	105.53	-1.25732
-66.4034	105.526	-1.25414
-66.4034	105.522	-1.25
-66.4034	105.52	-1.24518
-66.4034	105.52	-1.24
-66.4034	105.52	-1.23482
-66.4034	105.522	-1.23
-66.4034	105.526	-1.22586
-66.4034	105.53	-1.22268
-66.4034	105.535	-1.22068
-66.4034	105.54	-1.22
-66.4034	105.545	-1.22068
-66.4034	105.55	-1.22268
-66.4034	105.554	-1.22586
-66.4034	105.557	-1.23
-66.4034	105.559	-1.23482
-66.4034	105.56	-1.24
-66.3934	105.522	-1.25
-66.3934	105.526	-1.25414
-66.3934	105.53	-1.25732
-66.3934	105.53	-1.32
-66.3934	105.55	-1.32
-66.3934	105.55	-1.25732
-66.3934	105.554	-1.25414
-66.3934	105.557	-1.25
-66.3934	105.559	-1.24518
-66.3934	105.56	-1.24
-66.3934	105.559	-1.23482
-66.3934	105.557	-1.23
-66.3934	105.554	-1.22586
-66.3934	105.55	-1.22268
-66.3934	105.545	-1.22068
-66.3934	105.54	-1.22
-66.3934	105.535	-1.22068
-66.3934	105.53	-1.22268
-66.3934	105.526	-1.22586
-66.3934	105.522	-1.23
-66.3934	105.52	-1.23482
-66.3934	105.52	-1.24
-66.3934	105.52	-1.24518
-67.5734	105.52	-1.24518
-67.5734	105.522	-1.25
-67.5734	105.526	-1.25414
-67.5734	105.53	-1.25732
-67.5734	105.53	-1.32
-67.5734	105.55	-1.32
-67.5734	105.55	-1.25732
-67.5734	105.554	-1.25414
-67.5734	105.557	-1.25
-67.5734	105.559	-1.24518
-67.5734	105.56	-1.24
-67.5734	105.559	-1.23482
-67.5734	105.557	-1.23
-67.5734	105.554	-1.22586
-67.5734	105.55	-1.22268
-67.5734	105.545	-1.22068
-67.5734	105.54	-1.22
-67.5734	105.535	-1.22068
-67.5734	105.53	-1.22268
-67.5734	105.526	-1.22586
-67.5734	105.522	-1.23
-67.5734	105.52	-1.23482
-67.5734	105.52	-1.24
-67.5834	105.557	-1.25
-67.5834	105.554	-1.25414
-67.5834	105.55	-1.25732
-67.5834	105.55	-1.32
-67.5834	105.53	-1.32
-67.5834	105.53	-1.25732
-67.5834	105.526	-1.25414
-67.5834	105.522	-1.25
-67.5834	105.52	-1.24518
-67.5834	105.52	-1.24
-67.5834	105.52	-1.23482
-67.5834	105.522	-1.23
-67.5834	105.526	-1.22586
-67.5834	105.53	-1.22268
-67.5834	105.535	-1.22068
-67.5834	105.54	-1.22
-67.5834	105.545	-1.22068
-67.5834	105.55	-1.22268
-67.5834	105.554	-1.22586
-67.5834	105.557	-1.23
-67.5834	105.559	-1.23482
-67.5834	105.56	-1.24
-67.5834	105.559	-1.24518
-67.5205	105.528	-1.53202
-67.5084	105.528	-1.537
-67.4964	105.528	-1.53202
-67.4914	105.528	-1.52
-67.4964	105.528	-1.50798
-67.5084	105.528	-1.503
-67.5205	105.528	-1.50798
-67.5254	105.528	-1.52
-67.5205	105.529	-1.53202
-67.5254	105.529	-1.52
-67.5205	105.529	-1.50798
-67.5084	105.529	-1.503
-67.4964	105.529	-1.50798
-67.4914	105.529	-1.52
-67.4964	105.529	-1.53202
-67.5084	105.529	-1.537
-67.5205	105.528	-1.98202
-67.5084	105.528	-1.987
-67.4964	105.528	-1.98202
-67.4914	105.528	-1.97
-67.4964	105.528	-1.95798
-67.5084	105.528	-1.953
-67.5205	105.528	-1.95798
-67.5254	105.528	-1.97
-67.5205	105.529	-1.98202
-67.5254	105.529	-1.97
-67.5205	105.529	-1.95798
-67.5084	105.529	-1.953
-67.4964	105.529	-1.95798
-67.4914	105.529	-1.97
-67.4964	105.529	-1.98202
-67.5084	105.529	-1.987
-66.4805	105.528	-1.98202
-66.4684	105.528	-1.987
-66.4564	105.528	-1.98202
-66.4514	105.528	-1.97
-66.4564	105.528	-1.95798
-66.4684	105.528	-1.953
-66.4805	105.528	-1.95798
-66.4854	105.528	-1.97
-66.4805	105.529	-1.98202
-66.4854	105.529	-1.97
-66.4805	105.529	-1.95798
-66.4684	105.529	-1.953
-66.4564	105.529	-1.95798
-66.4514	105.529	-1.97
-66.4564	105.529	-1.98202
-66.4684	105.529	-1.987
-66.4805	105.528	-1.53202
-66.4684	105.528	-1.537
-66.4564	105.528	-1.53202
-66.4514	105.528	-1.52
-66.4564	105.528	-1.50798
-66.4684	105.528	-1.503
-66.4805	105.528	-1.50798
-66.4854	105.528	-1.52
-66.4805	105.529	-1.53202
-66.4854	105.529	-1.52
-66.4805	105.529	-1.50798
-66.4684	105.529	-1.503
-66.4564	105.529	-1.50798
-66.4514	105.529	-1.52
-66.4564	105.529	-1.53202
-66.4684	105.529	-1.537
-67.4957	105.528	-1.53273
-67.5084	105.528	-1.538
-67.5212	105.528	-1.53273
-67.5264	105.528	-1.52
-67.5212	105.528	-1.50727
-67.5084	105.528	-1.502
-67.4957	105.528	-1.50727
-67.4904	105.528	-1.52
-67.4957	105.523	-1.53273
-67.4904	105.523	-1.52
-67.4957	105.523	-1.50727
-67.5084	105.523	-1.502
-67.5212	105.523	-1.50727
-67.5264	105.523	-1.52
-67.5212	105.523	-1.53273
-67.5084	105.523	-1.538
-67.4957	105.528	-1.98273
-67.5084	105.528	-1.988
-67.5212	105.528	-1.98273
-67.5264	105.528	-1.97
-67.5212	105.528	-1.95727
-67.5084	105.528	-1.952
-67.4957	105.528	-1.95727
-67.4904	105.528	-1.97
-67.4957	105.523	-1.98273
-67.4904	105.523	-1.97
-67.4957	105.523	-1.95727
-67.5084	105.523	-1.952
-67.5212	105.523	-1.95727
-67.5264	105.523	-1.97
-67.5212	105.523	-1.98273
-67.5084	105.523	-1.988
-66.4557	105.528	-1.98273
-66.4684	105.528	-1.988
-66.4812	105.528	-1.98273
-66.4864	105.528	-1.97
-66.4812	105.528	-1.95727
-66.4684	105.528	-1.952
-66.4557	105.528	-1.95727
-66.4504	105.528	-1.97
-66.4557	105.523	-1.98273
-66.4504	105.523	-1.97
-66.4557	105.523	-1.95727
-66.4684	105.523	-1.952
-66.4812	105.523	-1.95727
-66.4864	105.523	-1.97
-66.4812	105.523	-1.98273
-66.4684	105.523	-1.988
-66.4812	105.528	-1.50727
-66.4684	105.528	-1.502
-66.4557	105.528	-1.50727
-66.4504	105.528	-1.52
-66.4557	105.528	-1.53273
-66.4684	105.528	-1.538
-66.4812	105.528	-1.53273
-66.4864	105.528	-1.52
-66.4812	105.523	-1.50727
-66.4864	105.523	-1.52
-66.4812	105.523	-1.53273
-66.4684	105.523	-1.538
-66.4557	105.523	-1.53273
-66.4504	105.523	-1.52
-66.4557	105.523	-1.50727
-66.4684	105.523	-1.502
-66.4644	105.54	-1.52
-66.4684	105.54	-1.524
-66.4724	105.54	-1.52
-66.4684	105.54	-1.516
-66.4644	105.528	-1.52
-66.4684	105.528	-1.516
-66.4724	105.528	-1.52
-66.4684	105.528	-1.524
-66.4644	105.54	-1.97
-66.4684	105.54	-1.97405
-66.4725	105.54	-1.97
-66.4684	105.54	-1.96595
-66.4644	105.528	-1.97
-66.4684	105.528	-1.96595
-66.4725	105.528	-1.97
-66.4684	105.528	-1.97405
-67.5044	105.54	-1.52
-67.5084	105.54	-1.524
-67.5124	105.54	-1.52
-67.5084	105.54	-1.516
-67.5044	105.528	-1.52
-67.5084	105.528	-1.516
-67.5124	105.528	-1.52
-67.5084	105.528	-1.524
-67.5044	105.54	-1.97
-67.5084	105.54	-1.974
-67.5124	105.54	-1.97
-67.5084	105.54	-1.966
-67.5044	105.528	-1.97
-67.5084	105.528	-1.966
-67.5124	105.528	-1.97
-67.5084	105.528	-1.974
-67.5049	105.558	-1.52606
-67.5119	105.558	-1.52606
-67.5154	105.558	-1.52
-67.5119	105.558	-1.51394
-67.5049	105.558	-1.51394
-67.5014	105.558	-1.52
-67.5049	105.54	-1.52606
-67.5014	105.54	-1.52
-67.5049	105.54	-1.51394
-67.5119	105.54	-1.51394
-67.5154	105.54	-1.52
-67.5119	105.54	-1.52606
-67.5049	105.558	-1.97606
-67.5119	105.558	-1.97606
-67.5154	105.558	-1.97
-67.5119	105.558	-1.96394
-67.5049	105.558	-1.96394
-67.5014	105.558	-1.97
-67.5049	105.54	-1.97606
-67.5014	105.54	-1.97
-67.5049	105.54	-1.96394
-67.5119	105.54	-1.96394
-67.5154	105.54	-1.97
-67.5119	105.54	-1.97606
-66.4649	105.558	-1.52606
-66.4719	105.558	-1.52606
-66.4754	105.558	-1.52
-66.4719	105.558	-1.51394
-66.4649	105.558	-1.51394
-66.4614	105.558	-1.52
-66.4649	105.54	-1.52606
-66.4614	105.54	-1.52
-66.4649	105.54	-1.51394
-66.4719	105.54	-1.51394
-66.4754	105.54	-1.52
-66.4719	105.54	-1.52606
-66.4649	105.558	-1.97606
-66.4719	105.558	-1.97606
-66.4754	105.558	-1.97
-66.4719	105.558	-1.96394
-66.4649	105.558	-1.96394
-66.4614	105.558	-1.97
-66.4649	105.54	-1.97606
-66.4614	105.54	-1.97
-66.4649	105.54	-1.96394
-66.4719	105.54	-1.96394
-66.4754	105.54	-1.97
-66.4719	105.54	-1.97606
-66.4684	105.58	-1.538
-66.4812	105.58	-1.53273
-66.4864	105.58	-1.52
-66.4812	105.58	-1.50727
-66.4684	105.58	-1.502
-66.4557	105.58	-1.50727
-66.4504	105.58	-1.52
-66.4557	105.58	-1.53273
-66.4684	105.558	-1.538
-66.4557	105.558	-1.53273
-66.4504	105.558	-1.52
-66.4557	105.558	-1.50727
-66.4684	105.558	-1.502
-66.4812	105.558	-1.50727
-66.4864	105.558	-1.52
-66.4812	105.558	-1.53273
-66.4557	105.58	-1.98273
-66.4684	105.58	-1.988
-66.4812	105.58	-1.98273
-66.4864	105.58	-1.97
-66.4812	105.58	-1.95727
-66.4684	105.58	-1.952
-66.4557	105.58	-1.95727
-66.4504	105.58	-1.97
-66.4557	105.558	-1.98273
-66.4504	105.558	-1.97
-66.4557	105.558	-1.95727
-66.4684	105.558	-1.952
-66.4812	105.558	-1.95727
-66.4864	105.558	-1.97
-66.4812	105.558	-1.98273
-66.4684	105.558	-1.988
-67.4957	105.574	-1.53273
-67.5084	105.574	-1.538
-67.5212	105.574	-1.53273
-67.5264	105.574	-1.52
-67.5212	105.574	-1.50727
-67.5084	105.574	-1.502
-67.4957	105.574	-1.50727
-67.4904	105.574	-1.52
-67.4957	105.558	-1.53273
-67.4904	105.558	-1.52
-67.4957	105.558	-1.50727
-67.5084	105.558	-1.502
-67.5212	105.558	-1.50727
-67.5264	105.558	-1.52
-67.5212	105.558	-1.53273
-67.5084	105.558	-1.538
-67.5212	105.558	-1.98273
-67.5084	105.558	-1.988
-67.4957	105.558	-1.98273
-67.4904	105.558	-1.97
-67.4957	105.558	-1.95727
-67.5084	105.558	-1.952
-67.5212	105.558	-1.95727
-67.5264	105.558	-1.97
-67.5212	105.574	-1.98273
-67.5264	105.574	-1.97
-67.5212	105.574	-1.95727
-67.5084	105.574	-1.952
-67.4957	105.574	-1.95727
-67.4904	105.574	-1.97
-67.4957	105.574	-1.98273
-67.5084	105.574	-1.988
-67.4891	105.569	-1.97518
-67.4911	105.569	-1.98
-67.4943	105.569	-1.98414
-67.4984	105.569	-1.98732
-67.5033	105.569	-1.98932
-67.5084	105.569	-1.99
-67.5684	105.569	-1.99
-67.5684	105.569	-1.95
-67.5084	105.569	-1.95
-67.5033	105.569	-1.95068
-67.4984	105.569	-1.95268
-67.4943	105.569	-1.95586
-67.4911	105.569	-1.96
-67.4891	105.569	-1.96482
-67.4884	105.569	-1.97
-67.4943	105.559	-1.98414
-67.4911	105.559	-1.98
-67.4891	105.559	-1.97518
-67.4884	105.559	-1.97
-67.4891	105.559	-1.96482
-67.4911	105.559	-1.96
-67.4943	105.559	-1.95586
-67.4984	105.559	-1.95268
-67.5033	105.559	-1.95068
-67.5084	105.559	-1.95
-67.5684	105.559	-1.95
-67.5684	105.559	-1.99
-67.5084	105.559	-1.99
-67.5033	105.559	-1.98932
-67.4984	105.559	-1.98732
-67.4911	105.569	-1.53
-67.4943	105.569	-1.53414
-67.4984	105.569	-1.53732
-67.5033	105.569	-1.53932
-67.5084	105.569	-1.54
-67.5684	105.569	-1.54
-67.5684	105.569	-1.5
-67.5084	105.569	-1.5
-67.5033	105.569	-1.50068
-67.4984	105.569	-1.50268
-67.4943	105.569	-1.50586
-67.4911	105.569	-1.51
-67.4891	105.569	-1.51482
-67.4884	105.569	-1.52
-67.4891	105.569	-1.52518
-67.4984	105.559	-1.53732
-67.4943	105.559	-1.53414
-67.4911	105.559	-1.53
-67.4891	105.559	-1.52518
-67.4884	105.559	-1.52
-67.4891	105.559	-1.51482
-67.4911	105.559	-1.51
-67.4943	105.559	-1.50586
-67.4984	105.559	-1.50268
-67.5033	105.559	-1.50068
-67.5084	105.559	-1.5
-67.5684	105.559	-1.5
-67.5684	105.559	-1.54
-67.5084	105.559	-1.54
-67.5033	105.559	-1.53932
-66.4784	105.569	-1.95268
-66.4736	105.569	-1.95068
-66.4684	105.569	-1.95
-66.4084	105.569	-1.95
-66.4084	105.569	-1.99
-66.4684	105.569	-1.99
-66.4736	105.569	-1.98932
-66.4784	105.569	-1.98732
-66.4826	105.569	-1.98414
-66.4858	105.569	-1.98
-66.4878	105.569	-1.97518
-66.4884	105.569	-1.97
-66.4878	105.569	-1.96482
-66.4858	105.569	-1.96
-66.4826	105.569	-1.95586
-66.4826	105.559	-1.98414
-66.4784	105.559	-1.98732
-66.4736	105.559	-1.98932
-66.4684	105.559	-1.99
-66.4084	105.559	-1.99
-66.4084	105.559	-1.95
-66.4684	105.559	-1.95
-66.4736	105.559	-1.95068
-66.4784	105.559	-1.95268
-66.4826	105.559	-1.95586
-66.4858	105.559	-1.96
-66.4878	105.559	-1.96482
-66.4884	105.559	-1.97
-66.4878	105.559	-1.97518
-66.4858	105.559	-1.98
-66.4878	105.559	-1.52518
-66.4858	105.559	-1.53
-66.4826	105.559	-1.53414
-66.4784	105.559	-1.53732
-66.4736	105.559	-1.53932
-66.4684	105.559	-1.54
-66.4084	105.559	-1.54
-66.4084	105.559	-1.5
-66.4684	105.559	-1.5
-66.4736	105.559	-1.50068
-66.4784	105.559	-1.50268
-66.4826	105.559	-1.50586
-66.4858	105.559	-1.51
-66.4878	105.559	-1.51482
-66.4884	105.559	-1.52
-66.4826	105.569	-1.53414
-66.4858	105.569	-1.53
-66.4878	105.569	-1.52518
-66.4884	105.569	-1.52
-66.4878	105.569	-1.51482
-66.4858	105.569	-1.51
-66.4826	105.569	-1.50586
-66.4784	105.569	-1.50268
-66.4736	105.569	-1.50068
-66.4684	105.569	-1.5
-66.4084	105.569	-1.5
-66.4084	105.569	-1.54
-66.4684	105.569	-1.54
-66.4736	105.569	-1.53932
-66.4784	105.569	-1.53732
-67.5884	105.5	-1.32
-67.5684	105.5	-1.32
-67.5684	105.58	-1.32
-67.5884	105.58	-1.32
-67.5884	105.5	-2.12
-67.5884	105.58	-2.12
-67.5684	105.58	-2.12
-67.5684	105.5	-2.12
-66.4084	105.5	-1.32
-66.3884	105.5	-1.32
-66.3884	105.58	-1.32
-66.4084	105.58	-1.32
-66.4084	105.5	-2.12
-66.4084	105.58	-2.12
-66.3884	105.58	-2.12
-66.3884	105.5	-2.12
-67.5434	105.53	-1.32
-66.4334	105.53	-1.32
-66.4334	105.55	-1.32
-67.5434	105.55	-1.32
-67.5434	105.53	-2.07
-67.5434	105.55	-2.07
-66.4334	105.55	-2.07
-66.4334	105.53	-2.07
-66.3741	104.36	-1.24518
-66.3761	104.36	-1.25
-66.3793	104.36	-1.25414
-66.3834	104.36	-1.25732
-66.3834	104.36	-1.32
-66.4034	104.36	-1.32
-66.4034	104.36	-1.25732
-66.4076	104.36	-1.25414
-66.4108	104.36	-1.25
-66.4128	104.36	-1.24518
-66.4134	104.36	-1.24
-66.4128	104.36	-1.23482
-66.4108	104.36	-1.23
-66.4076	104.36	-1.22586
-66.4034	104.36	-1.22268
-66.3986	104.36	-1.22068
-66.3934	104.36	-1.22
-66.3883	104.36	-1.22068
-66.3834	104.36	-1.22268
-66.3793	104.36	-1.22586
-66.3761	104.36	-1.23
-66.3741	104.36	-1.23482
-66.3734	104.36	-1.24
-66.4108	104.35	-1.25
-66.4076	104.35	-1.25414
-66.4034	104.35	-1.25732
-66.4034	104.35	-1.32
-66.3834	104.35	-1.32
-66.3834	104.35	-1.25732
-66.3793	104.35	-1.25414
-66.3761	104.35	-1.25
-66.3741	104.35	-1.24518
-66.3734	104.35	-1.24
-66.3741	104.35	-1.23482
-66.3761	104.35	-1.23
-66.3793	104.35	-1.22586
-66.3834	104.35	-1.22268
-66.3883	104.35	-1.22068
-66.3934	104.35	-1.22
-66.3986	104.35	-1.22068
-66.4034	104.35	-1.22268
-66.4076	104.35	-1.22586
-66.4108	104.35	-1.23
-66.4128	104.35	-1.23482
-66.4134	104.35	-1.24
-66.4128	104.35	-1.24518
-66.4128	105.53	-1.24518
-66.4108	105.53	-1.25
-66.4076	105.53	-1.25414
-66.3834	105.53	-1.32
-66.3834	105.53	-1.25732
-66.3793	105.53	-1.25414
-66.3761	105.53	-1.25
-66.3741	105.53	-1.24518
-66.3734	105.53	-1.24
-66.3741	105.53	-1.23482
-66.3761	105.53	-1.23
-66.3793	105.53	-1.22586
-66.3834	105.53	-1.22268
-66.3883	105.53	-1.22068
-66.3934	105.53	-1.22
-66.3986	105.53	-1.22068
-66.4076	105.53	-1.22586
-66.4108	105.53	-1.23
-66.4128	105.53	-1.23482
-66.4134	105.53	-1.24
-66.3761	105.54	-1.25
-66.3793	105.54	-1.25414
-66.3834	105.54	-1.25732
-66.3834	105.54	-1.32
-66.4034	105.54	-1.32
-66.4034	105.54	-1.25732
-66.4076	105.54	-1.25414
-66.4108	105.54	-1.25
-66.4128	105.54	-1.24518
-66.4134	105.54	-1.24
-66.4128	105.54	-1.23482
-66.4108	105.54	-1.23
-66.4076	105.54	-1.22586
-66.4034	105.54	-1.22268
-66.3986	105.54	-1.22068
-66.3883	105.54	-1.22068
-66.3834	105.54	-1.22268
-66.3793	105.54	-1.22586
-66.3761	105.54	-1.23
-66.3741	105.54	-1.23482
-66.3734	105.54	-1.24
-66.3741	105.54	-1.24518
-66.4054	105.477	-1.53202
-66.4054	105.465	-1.537
-66.4054	105.453	-1.53202
-66.4054	105.448	-1.52
-66.4054	105.453	-1.50798
-66.4054	105.465	-1.503
-66.4054	105.477	-1.50798
-66.4054	105.482	-1.52
-66.4045	105.477	-1.53202
-66.4045	105.482	-1.52
-66.4045	105.477	-1.50798
-66.4045	105.465	-1.503
-66.4045	105.453	-1.50798
-66.4045	105.448	-1.52
-66.4045	105.453	-1.53202
-66.4045	105.465	-1.537
-66.4054	105.477	-1.98202
-66.4054	105.465	-1.987
-66.4054	105.453	-1.98202
-66.4054	105.448	-1.97
-66.4054	105.453	-1.95798
-66.4054	105.465	-1.953
-66.4054	105.477	-1.95798
-66.4054	105.482	-1.97
-66.4045	105.477	-1.98202
-66.4045	105.482	-1.97
-66.4045	105.477	-1.95798
-66.4045	105.465	-1.953
-66.4045	105.453	-1.95798
-66.4045	105.448	-1.97
-66.4045	105.453	-1.98202
-66.4045	105.465	-1.987
-66.4054	104.437	-1.98202
-66.4054	104.425	-1.987
-66.4054	104.413	-1.98202
-66.4054	104.408	-1.97
-66.4054	104.413	-1.95798
-66.4054	104.425	-1.953
-66.4054	104.437	-1.95798
-66.4054	104.442	-1.97
-66.4044	104.437	-1.98202
-66.4044	104.442	-1.97
-66.4044	104.437	-1.95798
-66.4044	104.425	-1.953
-66.4044	104.413	-1.95798
-66.4044	104.408	-1.97
-66.4044	104.413	-1.98202
-66.4044	104.425	-1.987
-66.4054	104.437	-1.53202
-66.4054	104.425	-1.537
-66.4054	104.413	-1.53202
-66.4054	104.408	-1.52
-66.4054	104.413	-1.50798
-66.4054	104.425	-1.503
-66.4054	104.437	-1.50798
-66.4054	104.442	-1.52
-66.4044	104.437	-1.53202
-66.4044	104.442	-1.52
-66.4044	104.437	-1.50798
-66.4044	104.425	-1.503
-66.4044	104.413	-1.50798
-66.4044	104.408	-1.52
-66.4044	104.413	-1.53202
-66.4044	104.425	-1.537
-66.4054	105.452	-1.53273
-66.4054	105.465	-1.538
-66.4054	105.477	-1.53273
-66.4054	105.483	-1.52
-66.4054	105.477	-1.50727
-66.4054	105.465	-1.502
-66.4054	105.452	-1.50727
-66.4054	105.447	-1.52
-66.4104	105.452	-1.53273
-66.4104	105.447	-1.52
-66.4104	105.452	-1.50727
-66.4104	105.465	-1.502
-66.4104	105.477	-1.50727
-66.4104	105.483	-1.52
-66.4104	105.477	-1.53273
-66.4104	105.465	-1.538
-66.4054	105.452	-1.98273
-66.4054	105.465	-1.988
-66.4054	105.477	-1.98273
-66.4054	105.483	-1.97
-66.4054	105.477	-1.95727
-66.4054	105.465	-1.952
-66.4054	105.452	-1.95727
-66.4054	105.447	-1.97
-66.4104	105.452	-1.98273
-66.4104	105.447	-1.97
-66.4104	105.452	-1.95727
-66.4104	105.465	-1.952
-66.4104	105.477	-1.95727
-66.4104	105.483	-1.97
-66.4104	105.477	-1.98273
-66.4104	105.465	-1.988
-66.4054	104.412	-1.98273
-66.4054	104.425	-1.988
-66.4054	104.437	-1.98273
-66.4054	104.443	-1.97
-66.4054	104.437	-1.95727
-66.4054	104.425	-1.952
-66.4054	104.412	-1.95727
-66.4054	104.407	-1.97
-66.4104	104.412	-1.98273
-66.4104	104.407	-1.97
-66.4104	104.412	-1.95727
-66.4104	104.425	-1.952
-66.4104	104.437	-1.95727
-66.4104	104.443	-1.97
-66.4104	104.437	-1.98273
-66.4104	104.425	-1.988
-66.4054	104.437	-1.50727
-66.4054	104.425	-1.502
-66.4054	104.412	-1.50727
-66.4054	104.407	-1.52
-66.4054	104.412	-1.53273
-66.4054	104.425	-1.538
-66.4054	104.437	-1.53273
-66.4054	104.443	-1.52
-66.4104	104.437	-1.50727
-66.4104	104.443	-1.52
-66.4104	104.437	-1.53273
-66.4104	104.425	-1.538
-66.4104	104.412	-1.53273
-66.4104	104.407	-1.52
-66.4104	104.412	-1.50727
-66.4104	104.425	-1.502
-66.3934	104.421	-1.52
-66.3934	104.425	-1.524
-66.3934	104.429	-1.52
-66.3934	104.425	-1.516
-66.4054	104.421	-1.52
-66.4054	104.425	-1.516
-66.4054	104.429	-1.52
-66.4054	104.425	-1.524
-66.3934	104.421	-1.97
-66.3934	104.425	-1.97405
-66.3934	104.429	-1.97
-66.3934	104.425	-1.96595
-66.4054	104.421	-1.97
-66.4054	104.425	-1.96595
-66.4054	104.429	-1.97
-66.4054	104.425	-1.97405
-66.3934	105.461	-1.52
-66.3934	105.465	-1.524
-66.3934	105.469	-1.52
-66.3934	105.465	-1.516
-66.4054	105.461	-1.52
-66.4054	105.465	-1.516
-66.4054	105.469	-1.52
-66.4054	105.465	-1.524
-66.3934	105.461	-1.97
-66.3934	105.465	-1.974
-66.3934	105.469	-1.97
-66.3934	105.465	-1.966
-66.4054	105.461	-1.97
-66.4054	105.465	-1.966
-66.4054	105.469	-1.97
-66.4054	105.465	-1.974
-66.3754	105.461	-1.52606
-66.3754	105.468	-1.52606
-66.3754	105.472	-1.52
-66.3754	105.468	-1.51394
-66.3754	105.461	-1.51394
-66.3754	105.458	-1.52
-66.3934	105.461	-1.52606
-66.3934	105.458	-1.52
-66.3934	105.461	-1.51394
-66.3934	105.468	-1.51394
-66.3934	105.472	-1.52
-66.3934	105.468	-1.52606
-66.3754	105.461	-1.97606
-66.3754	105.468	-1.97606
-66.3754	105.472	-1.97
-66.3754	105.468	-1.96394
-66.3754	105.461	-1.96394
-66.3754	105.458	-1.97
-66.3934	105.461	-1.97606
-66.3934	105.458	-1.97
-66.3934	105.461	-1.96394
-66.3934	105.468	-1.96394
-66.3934	105.472	-1.97
-66.3934	105.468	-1.97606
-66.3754	104.421	-1.52606
-66.3754	104.428	-1.52606
-66.3754	104.432	-1.52
-66.3754	104.428	-1.51394
-66.3754	104.421	-1.51394
-66.3754	104.418	-1.52
-66.3934	104.421	-1.52606
-66.3934	104.418	-1.52
-66.3934	104.421	-1.51394
-66.3934	104.428	-1.51394
-66.3934	104.432	-1.52
-66.3934	104.428	-1.52606
-66.3754	104.421	-1.97606
-66.3754	104.428	-1.97606
-66.3754	104.432	-1.97
-66.3754	104.428	-1.96394
-66.3754	104.421	-1.96394
-66.3754	104.418	-1.97
-66.3934	104.421	-1.97606
-66.3934	104.418	-1.97
-66.3934	104.421	-1.96394
-66.3934	104.428	-1.96394
-66.3934	104.432	-1.97
-66.3934	104.428	-1.97606
-66.3534	104.425	-1.538
-66.3534	104.437	-1.53273
-66.3534	104.443	-1.52
-66.3534	104.437	-1.50727
-66.3534	104.425	-1.502
-66.3534	104.412	-1.50727
-66.3534	104.407	-1.52
-66.3534	104.412	-1.53273
-66.3754	104.425	-1.538
-66.3754	104.412	-1.53273
-66.3754	104.407	-1.52
-66.3754	104.412	-1.50727
-66.3754	104.425	-1.502
-66.3754	104.437	-1.50727
-66.3754	104.443	-1.52
-66.3754	104.437	-1.53273
-66.3534	104.412	-1.98273
-66.3534	104.425	-1.988
-66.3534	104.437	-1.98273
-66.3534	104.443	-1.97
-66.3534	104.437	-1.95727
-66.3534	104.425	-1.952
-66.3534	104.412	-1.95727
-66.3534	104.407	-1.97
-66.3754	104.412	-1.98273
-66.3754	104.407	-1.97
-66.3754	104.412	-1.95727
-66.3754	104.425	-1.952
-66.3754	104.437	-1.95727
-66.3754	104.443	-1.97
-66.3754	104.437	-1.98273
-66.3754	104.425	-1.988
-66.3594	105.452	-1.53273
-66.3594	105.465	-1.538
-66.3594	105.477	-1.53273
-66.3594	105.483	-1.52
-66.3594	105.477	-1.50727
-66.3594	105.465	-1.502
-66.3594	105.452	-1.50727
-66.3594	105.447	-1.52
-66.3754	105.452	-1.53273
-66.3754	105.447	-1.52
-66.3754	105.452	-1.50727
-66.3754	105.465	-1.502
-66.3754	105.477	-1.50727
-66.3754	105.483	-1.52
-66.3754	105.477	-1.53273
-66.3754	105.465	-1.538
-66.3754	105.477	-1.98273
-66.3754	105.465	-1.988
-66.3754	105.452	-1.98273
-66.3754	105.447	-1.97
-66.3754	105.452	-1.95727
-66.3754	105.465	-1.952
-66.3754	105.477	-1.95727
-66.3754	105.483	-1.97
-66.3594	105.477	-1.98273
-66.3594	105.483	-1.97
-66.3594	105.477	-1.95727
-66.3594	105.465	-1.952
-66.3594	105.452	-1.95727
-66.3594	105.447	-1.97
-66.3594	105.452	-1.98273
-66.3594	105.465	-1.988
-66.3644	105.451	-1.98414
-66.3644	105.455	-1.98732
-66.3644	105.46	-1.98932
-66.3644	105.465	-1.99
-66.3644	105.525	-1.99
-66.3644	105.525	-1.95
-66.3644	105.465	-1.95
-66.3644	105.46	-1.95068
-66.3644	105.455	-1.95268
-66.3644	105.451	-1.95586
-66.3644	105.447	-1.96
-66.3644	105.445	-1.96482
-66.3644	105.445	-1.97
-66.3644	105.445	-1.97518
-66.3644	105.447	-1.98
-66.3744	105.46	-1.95068
-66.3744	105.465	-1.95
-66.3744	105.525	-1.95
-66.3744	105.525	-1.99
-66.3744	105.465	-1.99
-66.3744	105.46	-1.98932
-66.3744	105.455	-1.98732
-66.3744	105.451	-1.98414
-66.3744	105.447	-1.98
-66.3744	105.445	-1.97518
-66.3744	105.445	-1.97
-66.3744	105.445	-1.96482
-66.3744	105.447	-1.96
-66.3744	105.451	-1.95586
-66.3744	105.455	-1.95268
-66.3644	105.447	-1.53
-66.3644	105.451	-1.53414
-66.3644	105.455	-1.53732
-66.3644	105.46	-1.53932
-66.3644	105.465	-1.54
-66.3644	105.525	-1.54
-66.3644	105.525	-1.5
-66.3644	105.465	-1.5
-66.3644	105.46	-1.50068
-66.3644	105.455	-1.50268
-66.3644	105.451	-1.50586
-66.3644	105.447	-1.51
-66.3644	105.445	-1.51482
-66.3644	105.445	-1.52
-66.3644	105.445	-1.52518
-66.3744	105.455	-1.53732
-66.3744	105.451	-1.53414
-66.3744	105.447	-1.53
-66.3744	105.445	-1.52518
-66.3744	105.445	-1.52
-66.3744	105.445	-1.51482
-66.3744	105.447	-1.51
-66.3744	105.451	-1.50586
-66.3744	105.455	-1.50268
-66.3744	105.46	-1.50068
-66.3744	105.465	-1.5
-66.3744	105.525	-1.5
-66.3744	105.525	-1.54
-66.3744	105.465	-1.54
-66.3744	105.46	-1.53932
-66.3645	104.444	-1.97518
-66.3645	104.445	-1.97
-66.3645	104.444	-1.96482
-66.3645	104.442	-1.96
-66.3645	104.439	-1.95586
-66.3645	104.435	-1.95268
-66.3645	104.43	-1.95068
-66.3645	104.425	-1.95
-66.3645	104.365	-1.95
-66.3645	104.365	-1.99
-66.3645	104.425	-1.99
-66.3645	104.43	-1.98932
-66.3645	104.435	-1.98732
-66.3645	104.439	-1.98414
-66.3645	104.442	-1.98
-66.3745	104.43	-1.98932
-66.3745	104.425	-1.99
-66.3745	104.365	-1.99
-66.3745	104.365	-1.95
-66.3745	104.425	-1.95
-66.3745	104.43	-1.95068
-66.3745	104.435	-1.95268
-66.3745	104.439	-1.95586
-66.3745	104.442	-1.96
-66.3745	104.444	-1.96482
-66.3745	104.445	-1.97
-66.3745	104.444	-1.97518
-66.3745	104.442	-1.98
-66.3745	104.439	-1.98414
-66.3745	104.435	-1.98732
-66.3745	104.442	-1.53
-66.3745	104.439	-1.53414
-66.3745	104.435	-1.53732
-66.3745	104.43	-1.53932
-66.3745	104.425	-1.54
-66.3745	104.365	-1.54
-66.3745	104.365	-1.5
-66.3745	104.425	-1.5
-66.3745	104.43	-1.50068
-66.3745	104.435	-1.50268
-66.3745	104.439	-1.50586
-66.3745	104.442	-1.51
-66.3745	104.444	-1.51482
-66.3745	104.445	-1.52
-66.3745	104.444	-1.52518
-66.3645	104.43	-1.53932
-66.3645	104.435	-1.53732
-66.3645	104.439	-1.53414
-66.3645	104.442	-1.53
-66.3645	104.444	-1.52518
-66.3645	104.445	-1.52
-66.3645	104.444	-1.51482
-66.3645	104.442	-1.51
-66.3645	104.439	-1.50586
-66.3645	104.435	-1.50268
-66.3645	104.43	-1.50068
-66.3645	104.425	-1.5
-66.3645	104.365	-1.5
-66.3645	104.365	-1.54
-66.3645	104.425	-1.54
-66.4334	105.545	-1.32
-66.4334	105.525	-1.32
-66.3534	105.525	-1.32
-66.3534	105.545	-1.32
-66.4334	105.545	-2.12
-66.3534	105.545	-2.12
-66.3534	105.525	-2.12
-66.4334	105.525	-2.12
-66.4334	104.365	-1.32
-66.4334	104.345	-1.32
-66.3534	104.345	-1.32
-66.3534	104.365	-1.32
-66.4334	104.365	-2.12
-66.3534	104.365	-2.12
-66.3534	104.345	-2.12
-66.4334	104.345	-2.12
-66.4034	105.5	-1.32
-66.4034	104.39	-1.32
-66.3834	104.39	-1.32
-66.3834	105.5	-1.32
-66.4034	105.5	-2.07
-66.3834	105.5	-2.07
-66.3834	104.39	-2.07
-66.4034	104.39	-2.07
-66.2684	104.345	-2.27
-66.2684	104.345	-2.155
-66.2696	104.345	-2.14594
-66.2731	104.345	-2.1375
-66.2787	104.345	-2.13025
-66.2859	104.345	-2.12469
-66.2944	104.345	-2.12119
-66.3034	104.345	-2.12
-66.4834	104.345	-2.12
-66.4925	104.345	-2.12119
-66.5009	104.345	-2.12469
-66.5082	104.345	-2.13025
-66.5138	104.345	-2.1375
-66.5173	104.345	-2.14594
-66.5184	104.345	-2.155
-66.5184	104.345	-2.27
-67.5884	105.45	-2.12
-67.5884	105.63	-2.12
-67.5884	105.639	-2.12119
-67.5884	105.647	-2.12469
-67.5884	105.655	-2.13025
-67.5884	105.66	-2.1375
-67.5884	105.664	-2.14594
-67.5884	105.665	-2.155
-67.5884	105.665	-2.27
-67.5884	105.415	-2.27
-67.5884	105.415	-2.155
-67.5884	105.416	-2.14594
-67.5884	105.419	-2.1375
-67.5884	105.425	-2.13025
-67.5884	105.432	-2.12469
-67.5884	105.441	-2.12119
-66.5082	105.425	-2.13025
-66.5138	105.419	-2.1375
-66.5111	105.19	-2.13356
-66.4925	104.941	-2.12118
