COMPONENT 932590=IfcFlowSegment
#	TMesh	279228=IfcFlowSegment
1	-1.52841e-010	-3.07434e-010	0	1.52863e-010	1	7.0177e-005	0	3.07424e-010	-7.0177e-005	1	0	-4.57764e-005	0.000205994	-0.0505514	1

COMPONENTFINISH

COMPONENT 932665=IfcFlowFitting
#	TMesh	101400=IfcFlowFitting
-0.99671	0.0803739	-0.000972241	0	-0.0803733	-0.99671	-0.000823554	0	-0.00103529	-0.000742741	0.999945	0	167.043	61.0098	3.45342	1

COMPONENTFINISH

COMPONENT 932751=IfcFlowSegment
#	TMesh	2050261=IfcFlowSegment
-0.168587	-2.08232	-0.000216706	0	2.08232	-0.168587	0.00267667	0	-0.00268543	-2.38524e-010	2.08914	0	107.075	294.166	18.3992	1

COMPONENTFINISH

COMPONENT 932836=IfcFlowSegment
#	TMesh	1103600=IfcFlowSegment
1.85449e-008	6.29879e-008	0.982201	0	-0.000813109	0.9822	-6.29725e-008	0	-0.9822	-0.000813109	1.8597e-008	0	68.1456	18.6804	21.3139	1

COMPONENTFINISH

COMPONENT 932911=IfcFlowFitting
#	TMesh	101400=IfcFlowFitting
-0.0807885	-0.00245681	0.996563	0	0.996563	-0.00278942	0.0807817	0	0.00258178	0.999829	0.00267415	0	127.5	121.28	-83.3069	1

COMPONENTFINISH

COMPONENT 932987=IfcFlowFitting
#	TMesh	101400=IfcFlowFitting
0.000238419	0.996892	0.0805832	0	0.000335846	0.0805831	-0.996892	0	-1.00014	0.000264701	-0.000315547	0	67.2738	34.4486	-56.2144	1

COMPONENTFINISH

COMPONENT 933073=IfcFlowSegment
#	TMesh	279711=IfcFlowSegment
1	-9.34015e-010	-3.37058e-010	0	9.34027e-010	1	3.45491e-005	0	3.37026e-010	-3.45491e-005	1	0	-0.000144958	-8.39233e-005	-0.0464034	1

COMPONENTFINISH

COMPONENT 933148=IfcFlowFitting
#	TMesh	101400=IfcFlowFitting
-0.0811604	-0.996534	-0.000631303	0	0.996534	-0.0811598	-0.00091387	0	0.000859607	-0.000703398	0.999833	0	127.534	214.478	4.01727	1

COMPONENTFINISH

COMPONENT 933224=IfcFlowFitting
#	TMesh	101400=IfcFlowFitting
0.0800786	0.997038	-0.000181813	0	-0.997038	0.0800784	-0.000207901	0	-0.000192672	0.000197873	1.00025	0	11.8055	39.7483	4.01342	1

COMPONENTFINISH

COMPONENT 933312=IfcFlowSegment
#	TMesh	1269418=IfcFlowSegment
-0.488795	7.04892e-005	-2.2307e-005	0	-6.20529e-008	-0.147867	-0.465893	0	-7.39346e-005	-0.465893	0.147867	0	81.3841	136.108	54.3482	1

COMPONENTFINISH

COMPONENT 934958=IfcFlowFitting
#	TMesh	281596=IfcFlowFitting
1	1.08957e-005	-1.43936e-005	0	-1.0897e-005	1	-7.7486e-007	0	1.43944e-005	6.85453e-007	1	0	0.00102997	-0.00121307	-0.0408173	1

COMPONENTFINISH

COMPONENT 935036=IfcFlowFitting
#	TMesh	281596=IfcFlowFitting
0.999998	0.0273834	0.0174848	0	-0.0248712	0.298754	0.954557	0	-0.0209044	0.954488	-0.299277	0	3.13785	79.7062	-112.312	1

COMPONENTFINISH

COMPONENT 936575=IfcFlowFitting
#	TMesh	283213=IfcFlowFitting
-0.99061	-0.080715	-0.110544	0	-0.0807166	0.996749	-0.00446807	0	-0.110543	-0.00449649	0.993883	0	169.49	6.86993	9.3684	1

COMPONENTFINISH

COMPONENT 936653=IfcFlowFitting
#	TMesh	283213=IfcFlowFitting
0.999351	-0.00495491	0.0134527	0	0.0142306	0.456429	-0.889032	0	0.00173606	-0.889132	-0.456453	0	-1.6853	70.1759	113.574	1

COMPONENTFINISH

COMPONENT 936740=IfcFlowSegment
#	TMesh	283378=IfcFlowSegment
1	8.09637e-010	-3.06309e-005	0	-8.09648e-010	1	-3.31817e-010	0	3.06309e-005	3.31841e-010	1	0	-0.000114441	-1.52588e-005	-0.0397754	1

COMPONENTFINISH

COMPONENT 936825=IfcFlowSegment
#	TMesh	1616513=IfcFlowSegment
-0.99651	0.0807886	1.7081e-006	0	-0.0807886	-0.99651	-2.10201e-005	0	3.95664e-009	-2.10893e-005	0.999779	0	144.092	10.9663	3.96557	1

COMPONENTFINISH

COMPONENT 936900=IfcFlowFitting
#	TMesh	101400=IfcFlowFitting
-0.0812059	-0.99663	-0.000433553	0	0.99663	-0.0812055	-0.000857413	0	0.00081937	-0.000501756	0.999933	0	133.499	220.484	4.00203	1

COMPONENTFINISH

COMPONENT 936986=IfcFlowSegment
#	TMesh	1841525=IfcFlowSegment
-5.56967e-005	-2.00218e-009	-0.946394	0	-0.946394	4.49941e-009	5.56967e-005	0	-4.4993e-009	-0.946394	2.00244e-009	0	177.511	135.094	-8.586	1

COMPONENTFINISH

COMPONENT 937071=IfcFlowSegment
#	TMesh	1075877=IfcFlowSegment
-0.00211945	5.5667	-6.31829e-009	0	5.5667	0.00211945	1.93055e-009	0	-1.93296e-009	6.31756e-009	5.5667	0	-324.79	-173.715	2.21009	1

COMPONENTFINISH

COMPONENT 937146=IfcFlowFitting
#	TMesh	101400=IfcFlowFitting
0.0806717	-0.00146121	0.996762	0	-0.996763	-0.00153702	0.0806694	0	0.00141415	-1.00002	-0.00158045	0	12.7646	133.839	-82.7286	1

COMPONENTFINISH

COMPONENT 937222=IfcFlowFitting
#	TMesh	101400=IfcFlowFitting
-5.32828e-005	0.996871	0.0805807	0	3.75286e-005	0.0805806	-0.996871	0	-1.00012	-5.00903e-005	-4.16934e-005	0	74.2404	45.7906	-53.9132	1

COMPONENTFINISH

COMPONENT 937308=IfcFlowSegment
#	TMesh	1077137=IfcFlowSegment
-3.10954	2.31859e-007	-0.000323353	0	0.000323353	9.02323e-009	-3.10954	0	-2.31858e-007	-3.10954	-9.04734e-009	0	318.119	137.012	235.461	1

COMPONENTFINISH

COMPONENT 937393=IfcFlowSegment
#	TMesh	284032=IfcFlowSegment
1	2.65226e-010	1.73373e-010	0	-2.65212e-010	1	-8.24025e-005	0	-1.73395e-010	8.24025e-005	1	0	-1.52588e-005	-0.00038147	-0.031024	1

COMPONENTFINISH

COMPONENT 937478=IfcFlowSegment
#	TMesh	1038733=IfcFlowSegment
-1.21466e-010	-1.20386e-010	0.559999	0	-0.000576484	-0.559999	-1.20511e-010	0	-0.559999	0.000576484	-1.21342e-010	0	74.9454	174.982	6.11392	1

COMPONENTFINISH

COMPONENT 937553=IfcFlowFitting
#	TMesh	2291674=IfcFlowFitting
-0.00264622	-0.00383747	1.00104	0	0.00269745	1.00104	0.00384453	0	1.00105	-0.00270758	0.00263584	0	69.1169	3.539	303.054	1

COMPONENTFINISH

COMPONENT 937629=IfcFlowFitting
#	TMesh	2291674=IfcFlowFitting
0.999675	-0.0101545	-0.006962	0	0.00706923	0.0105664	0.99967	0	0.0100801	0.999643	-0.0106374	0	369.337	124.99	-125.415	1

COMPONENTFINISH

COMPONENT 937705=IfcFlowFitting
#	TMesh	2291674=IfcFlowFitting
-0.00410631	0.999364	-0.00063993	0	0.999364	0.00410661	0.000613123	0	-0.000615738	0.000637375	0.999373	0	-62.8362	428.765	0.854024	1

COMPONENTFINISH

COMPONENT 937791=IfcFlowSegment
#	TMesh	286488=IfcFlowSegment
1	0	-2.0507e-010	0	0	1	2.41767e-010	0	-2.0507e-010	2.41767e-010	-1	0	1.52588e-005	1.52588e-005	2.826	1

COMPONENTFINISH

COMPONENT 937866=IfcFlowFitting
#	TMesh	2291674=IfcFlowFitting
-0.00154651	-0.00374207	1.00095	0	0.00203902	1.00095	0.0037452	0	1.00096	-0.0020448	0.00153888	0	62.1278	-0.0995483	301.044	1

COMPONENTFINISH

COMPONENT 937952=IfcFlowSegment
#	TMesh	286648=IfcFlowSegment
1	-8.84098e-005	-1.14738e-010	0	8.84098e-005	1	-1.90544e-010	0	1.14755e-010	1.90533e-010	1	0	-0.0114594	0.00590515	-0.0419999	1

COMPONENTFINISH

COMPONENT 938037=IfcFlowSegment
#	TMesh	286734=IfcFlowSegment
1	0.000102805	1.75361e-010	0	-0.000102805	1	-8.31279e-015	0	-1.75361e-010	-9.70751e-015	1	0	0.0133667	-0.00686646	-0.0419995	1

COMPONENTFINISH

COMPONENT 938122=IfcFlowSegment
#	TMesh	1016808=IfcFlowSegment
0.168463	0.000337456	-2.07913	0	-2.07912	-0.00416478	-0.168464	0	-0.00417843	2.08594	-4.41314e-010	0	206.227	129.02	152.828	1

COMPONENTFINISH

COMPONENT 938207=IfcFlowSegment
#	TMesh	1016808=IfcFlowSegment
0.168463	0.00021607	2.07913	0	-2.07913	-0.00266667	0.168464	0	-0.00267541	2.08594	2.23795e-010	0	206.226	129.12	-150.054	1

COMPONENTFINISH

COMPONENT 938292=IfcFlowSegment
#	TMesh	1236065=IfcFlowSegment
-6.58413e-007	0.406386	1.06296e-008	0	-0.406386	-6.58414e-007	5.5803e-005	0	5.5803e-005	-1.05392e-008	0.406386	0	106.839	130.752	7.44082	1

COMPONENTFINISH

COMPONENT 938367=IfcFlowFitting
#	TMesh	2243400=IfcFlowFitting
-0.999662	-1.44999e-006	-0.000321288	0	-1.62315e-006	0.999662	0.000538775	0	-0.000321287	-0.000538775	0.999662	0	-228.656	-0.580399	0.956118	1

COMPONENTFINISH

COMPONENT 938452=IfcFlowSegment
#	TMesh	2243488=IfcFlowSegment
-8.93334e-005	3.6433e-007	1.00004	0	7.45566e-008	1.00004	-3.64323e-007	0	1.00004	-7.45241e-008	8.93334e-005	0	62.8251	-0.20665	300.361	1

COMPONENTFINISH

COMPONENT 938527=IfcFlowFitting
#	TMesh	2243400=IfcFlowFitting
0.999694	1.50246e-006	-0.000146798	0	1.05479e-006	-0.99969	-0.00304864	0	0.000146801	-0.00304864	0.99969	0	361.989	260.4	1.47507	1

COMPONENTFINISH

COMPONENT 938612=IfcFlowSegment
#	TMesh	2243488=IfcFlowSegment
-8.93333e-005	3.60036e-007	1.00004	0	2.2748e-007	1.00004	-3.60015e-007	0	1.00004	-2.27448e-007	8.93333e-005	0	62.8251	0.218414	300.361	1

COMPONENTFINISH

COMPONENT 938687=IfcFlowFitting
#	TMesh	2243400=IfcFlowFitting
-0.999713	2.43921e-006	-0.000786205	0	-1.53442e-007	-0.999709	-0.0029065	0	-0.000786209	-0.0029065	0.999709	0	-228.669	260.828	1.26758	1

COMPONENTFINISH

COMPONENT 938772=IfcFlowSegment
#	TMesh	1245954=IfcFlowSegment
-2.84569e-007	-4.00879e-009	-0.272465	0	-0.272465	2.05675e-008	2.84569e-007	0	-2.05675e-008	-0.272465	4.00881e-009	0	95.3251	129.351	8.82706	1

COMPONENTFINISH

COMPONENT 938847=IfcFlowFitting
#	TMesh	2243400=IfcFlowFitting
0.999684	1.46325e-006	-0.000146796	0	9.9167e-007	-0.999678	-0.00321145	0	0.0001468	-0.00321145	0.999678	0	361.986	261.025	1.49633	1

COMPONENTFINISH

COMPONENT 938932=IfcFlowSegment
#	TMesh	288594=IfcFlowSegment
1	2.1644e-009	-4.87944e-005	0	-2.16436e-009	1	8.08171e-010	0	4.87944e-005	-8.08065e-010	1	0	-0.000221252	0	-0.0387492	1

COMPONENTFINISH

COMPONENT 939017=IfcFlowSegment
#	TMesh	286488=IfcFlowSegment
1	-0.000880191	-1.98712e-010	0	0.000880191	1	2.76231e-010	0	-1.98469e-010	2.76406e-010	-1	0	-1.01397	0.0587463	2.826	1

COMPONENTFINISH

COMPONENT 939092=IfcFlowFitting
#	TMesh	2291674=IfcFlowFitting
-0.000606149	-0.00368324	1.00106	0	0.00112729	1.00106	0.00368387	0	1.00107	-0.00112955	0.000602029	0	61.6231	-0.0996246	301.088	1

COMPONENTFINISH

COMPONENT 939178=IfcFlowSegment
#	TMesh	286648=IfcFlowSegment
1	-0.000399071	7.4597e-011	0	0.000399071	1	-6.9354e-011	0	-7.45694e-011	6.93838e-011	1	0	-0.951759	0.0265808	-0.0420002	1

COMPONENTFINISH

COMPONENT 939263=IfcFlowSegment
#	TMesh	286734=IfcFlowSegment
-1	0.000821088	-2.89525e-010	0	0.000821088	1	-3.44781e-011	0	2.89496e-010	-3.47159e-011	-1	0	132.316	-0.0546722	2.816	1

COMPONENTFINISH

COMPONENT 939348=IfcFlowSegment
#	TMesh	289006=IfcFlowSegment
1	0.00018109	-3.02938e-011	0	-0.00018109	1	2.77113e-010	0	3.03439e-011	-2.77108e-010	1	0	0.0236359	-0.0119324	-0.0419997	1

COMPONENTFINISH

COMPONENT 939433=IfcFlowSegment
#	TMesh	289006=IfcFlowSegment
1	2.38499e-005	-3.07422e-010	0	-2.38499e-005	1	7.65708e-015	0	3.07422e-010	-3.13633e-016	1	0	0.00311279	0.198395	-0.0419998	1

COMPONENTFINISH

COMPONENT 939518=IfcFlowSegment
#	TMesh	1236065=IfcFlowSegment
3.29465e-009	-0.406312	-9.52543e-009	0	5.8394e-005	-9.52496e-009	0.406312	0	0.406312	3.29602e-009	-5.8394e-005	0	68.2717	128.416	-35.2404	1

COMPONENTFINISH

COMPONENT 939593=IfcFlowFitting
#	TMesh	2243400=IfcFlowFitting
0.999734	-1.33646e-006	-3.24535e-005	0	1.3566e-006	0.999733	0.000620323	0	3.24526e-005	-0.000620323	0.999733	0	361.101	-0.58931	1.03055	1

COMPONENTFINISH

COMPONENT 939678=IfcFlowSegment
#	TMesh	2243488=IfcFlowSegment
1.00002	3.71096e-007	0.000180085	0	-3.71099e-007	1.00002	2.01779e-008	0	-0.000180085	-2.02447e-008	1.00002	0	361.188	-0.203949	1.17311	1

COMPONENTFINISH

COMPONENT 939753=IfcFlowFitting
#	TMesh	2243400=IfcFlowFitting
-0.999753	1.6319e-006	-0.000281265	0	-7.51233e-007	-0.999748	-0.00313029	0	-0.000281269	-0.00313029	0.999748	0	-229.583	260.408	1.44576	1

COMPONENTFINISH

COMPONENT 939838=IfcFlowSegment
#	TMesh	2243488=IfcFlowSegment
1.00002	3.5828e-007	0.000180085	0	-3.58285e-007	1.00002	2.79312e-008	0	-0.000180085	-2.79957e-008	1.00002	0	361.188	0.221069	1.17311	1

COMPONENTFINISH

COMPONENT 939913=IfcFlowFitting
#	TMesh	2243400=IfcFlowFitting
-0.999764	-1.18709e-006	-0.000591514	0	-1.16122e-006	0.999764	-4.37278e-005	0	-0.000591514	4.3727e-005	0.999764	0	-229.585	0.25415	0.951822	1

COMPONENTFINISH

COMPONENT 939998=IfcFlowSegment
#	TMesh	1245954=IfcFlowSegment
-0.272422	-2.18631e-008	3.84389e-005	0	3.84389e-005	-4.44709e-009	0.272422	0	-2.18624e-008	0.272422	4.45017e-009	0	69.654	131.927	-23.7296	1

COMPONENTFINISH

COMPONENT 940073=IfcFlowFitting
#	TMesh	2243400=IfcFlowFitting
-0.999755	1.50863e-006	-0.000281265	0	-5.82151e-007	-0.99975	-0.00329314	0	-0.000281268	-0.00329314	0.99975	0	-229.583	261.034	1.46698	1

COMPONENTFINISH

COMPONENT 940158=IfcFlowSegment
#	TMesh	288594=IfcFlowSegment
0.00070011	1.79127e-011	1	0	3.15163e-009	1	-2.01191e-011	0	1	-3.15165e-009	-0.00070011	0	60.7429	1.52588e-005	-61.7281	1

COMPONENTFINISH

COMPONENT 940243=IfcFlowSegment
#	TMesh	2870733=IfcFlowSegment
-0.0219941	-0.271468	-0.000478789	0	0.271468	-0.0219941	-3.8791e-005	0	5.69908e-011	0.000480358	-0.272357	0	71.8811	150.634	3.43125	1

COMPONENTFINISH

COMPONENT 940318=IfcFlowFitting
#	TMesh	2291674=IfcFlowFitting
0.0112883	0.998912	0.0295623	0	-0.998775	0.0102742	0.0342128	0	0.0338918	-0.0299298	0.99839	0	197.185	427.956	5.49411	1

COMPONENTFINISH

COMPONENT 940404=IfcFlowSegment
#	TMesh	1077137=IfcFlowSegment
0.000890163	4.03548e-009	-3.10954	0	3.10954	6.86802e-008	0.000890163	0	6.86813e-008	-3.10954	-4.01582e-009	0	-163.363	137.012	250.945	1

COMPONENTFINISH

COMPONENT 940489=IfcFlowSegment
#	TMesh	1038733=IfcFlowSegment
-6.69637e-010	1.85336e-010	0.559998	0	-0.000299978	-0.559998	1.84978e-010	0	-0.559998	0.000299978	-6.69736e-010	0	66.0749	174.982	6.11392	1

COMPONENTFINISH

COMPONENT 940564=IfcFlowFitting
#	TMesh	2291674=IfcFlowFitting
-0.0067389	-0.0103374	-0.999784	0	0.999777	0.0109133	-0.00685173	0	-0.0109833	0.999748	-0.010263	0	-65.0799	124.891	-290.406	1

COMPONENTFINISH

COMPONENT 940640=IfcFlowFitting
#	TMesh	2291674=IfcFlowFitting
-0.0282794	-0.010676	1.0006	0	-0.0344161	1.00042	0.00970134	0	-1.00007	-0.0341263	-0.0286283	0	65.0602	1.7122	302.291	1

COMPONENTFINISH

COMPONENT 940726=IfcFlowSegment
#	TMesh	286488=IfcFlowSegment
1	0.00017301	-5.65679e-014	0	-0.00017301	1	2.41747e-010	0	-9.83893e-014	2.41747e-010	-1	0	-24.7782	-0.0115356	2.626	1

COMPONENTFINISH

COMPONENT 940801=IfcFlowFitting
#	TMesh	2291674=IfcFlowFitting
-0.0013935	-0.00372827	1.0011	0	0.00179528	1.0011	0.00373065	0	1.00111	-0.00180045	0.00138681	0	37.4033	-0.115189	300.89	1

COMPONENTFINISH

COMPONENT 940887=IfcFlowSegment
#	TMesh	286648=IfcFlowSegment
1	-0.0007722	2.95585e-010	0	0.0007722	1	-3.46361e-010	0	-2.95318e-010	3.46589e-010	1	0	-24.9007	0.0515594	-0.242	1

COMPONENTFINISH

COMPONENT 940972=IfcFlowSegment
#	TMesh	286734=IfcFlowSegment
-0.999999	0.00150081	3.46551e-010	0	0.00150081	0.999999	1.03536e-010	0	3.46396e-010	-1.04056e-010	1	0	108.327	-0.0998688	-0.242	1

COMPONENTFINISH

COMPONENT 941057=IfcFlowSegment
#	TMesh	289006=IfcFlowSegment
1	-0.000735806	-2.25372e-011	0	-0.000735806	-1	-3.11737e-010	0	-2.23079e-011	3.11753e-010	-1	0	-23.8046	261.126	2.616	1

COMPONENTFINISH

COMPONENT 941142=IfcFlowSegment
#	TMesh	289006=IfcFlowSegment
1	0.0003907	-2.17434e-010	0	-0.0003907	1	6.93664e-011	0	2.17461e-010	-6.92815e-011	1	0	-23.8496	0.17424	-0.242	1

COMPONENTFINISH

COMPONENT 941227=IfcFlowSegment
#	TMesh	1236065=IfcFlowSegment
-5.08712e-009	0.406326	-3.34397e-008	0	4.18873e-005	-3.34392e-008	-0.406326	0	0.406326	5.09057e-009	4.18873e-005	0	44.3728	130.752	44.9016	1

COMPONENTFINISH

COMPONENT 941302=IfcFlowFitting
#	TMesh	2243400=IfcFlowFitting
-0.999799	2.17838e-006	-0.000841798	0	8.96889e-007	-0.999793	-0.00365247	0	-0.0008418	-0.00365247	0.999793	0	-253.495	259.991	1.14804	1

COMPONENTFINISH

COMPONENT 941387=IfcFlowSegment
#	TMesh	2243488=IfcFlowSegment
-1.00003	3.63348e-007	2.68343e-005	0	3.63348e-007	1.00003	3.00522e-009	0	-2.68343e-005	3.01497e-009	-1.00003	0	-253.565	-0.204498	8.54803	1

COMPONENTFINISH

COMPONENT 941462=IfcFlowFitting
#	TMesh	2243400=IfcFlowFitting
-0.999816	1.77663e-006	-0.000531756	0	-1.11698e-007	-0.999811	-0.00313042	0	-0.000531759	-0.00313042	0.999811	0	-253.501	260.417	1.17154	1

COMPONENTFINISH

COMPONENT 941547=IfcFlowSegment
#	TMesh	2243488=IfcFlowSegment
-1.00003	3.49618e-007	2.68343e-005	0	3.49619e-007	1.00003	5.15894e-009	0	-2.68343e-005	5.16832e-009	-1.00003	0	-253.565	0.22052	8.54803	1

COMPONENTFINISH

COMPONENT 941622=IfcFlowFitting
#	TMesh	2243400=IfcFlowFitting
-0.999828	-1.52636e-006	-0.000376577	0	-1.60188e-006	0.999828	0.000200529	0	-0.000376576	-0.00020053	0.999827	0	-253.505	0.246796	0.783247	1

COMPONENTFINISH

COMPONENT 941707=IfcFlowSegment
#	TMesh	1245954=IfcFlowSegment
-0.272425	2.40552e-008	-7.23312e-006	0	-7.23312e-006	-2.7808e-009	0.272425	0	2.40551e-008	0.272425	2.78144e-009	0	45.7582	131.927	-23.9292	1

COMPONENTFINISH

COMPONENT 941782=IfcFlowFitting
#	TMesh	2243400=IfcFlowFitting
-0.999821	-1.35076e-006	-0.000531762	0	-1.35979e-006	0.999821	1.69825e-005	0	-0.000531762	-1.69831e-005	0.999821	0	-253.502	0.446899	0.761346	1

COMPONENTFINISH

COMPONENT 941867=IfcFlowSegment
#	TMesh	286488=IfcFlowSegment
0.999999	0.00109642	-1.71852e-010	0	-0.00109642	0.999999	3.45444e-010	0	-1.7223e-010	3.45256e-010	-1	0	-25.5577	-0.0730591	2.626	1

COMPONENTFINISH

COMPONENT 941942=IfcFlowFitting
#	TMesh	2291674=IfcFlowFitting
-0.00178259	-0.00374967	1.00099	0	0.0021595	1.00099	0.00375345	0	1.001	-0.00216618	0.0017745	0	36.3426	-0.106308	300.854	1

COMPONENTFINISH

COMPONENT 942028=IfcFlowSegment
#	TMesh	286648=IfcFlowSegment
1	0.000252466	-3.13097e-010	0	-0.000252466	1	2.42478e-010	0	-3.13158e-010	2.42399e-010	-1	0	-25.6669	-0.0167694	2.616	1

COMPONENTFINISH

COMPONENT 942113=IfcFlowSegment
#	TMesh	286734=IfcFlowSegment
1	0.000571688	1.60844e-011	0	-0.000571688	1	6.93212e-011	0	-1.60448e-011	-6.93304e-011	1	0	-25.6253	-0.0380859	-0.241999	1

COMPONENTFINISH

COMPONENT 942198=IfcFlowSegment
#	TMesh	289006=IfcFlowSegment
1	0.000806879	-2.76763e-010	0	-0.000806879	1	2.33954e-013	0	2.76763e-010	-1.0637e-014	1	0	-24.6943	-0.0530548	-0.242	1

COMPONENTFINISH

COMPONENT 942283=IfcFlowSegment
#	TMesh	289006=IfcFlowSegment
0.999999	0.00126308	1.73829e-010	0	-0.00126308	0.999999	6.90734e-011	0	-1.73742e-010	-6.92929e-011	1	0	-24.6347	0.116943	-0.242	1

COMPONENTFINISH

COMPONENT 942368=IfcFlowSegment
#	TMesh	1236065=IfcFlowSegment
5.34365e-007	-0.406367	2.55848e-008	0	0.00015414	2.57875e-008	0.406367	0	0.406367	5.34355e-007	-0.00015414	0	43.463	128.416	-35.4464	1

COMPONENTFINISH

COMPONENT 942443=IfcFlowFitting
#	TMesh	2243400=IfcFlowFitting
-0.999781	1.73458e-006	-0.000456867	0	-1.39923e-007	-0.999775	-0.00348963	0	-0.00045687	-0.00348963	0.999775	0	-254.39	259.988	1.2406	1

COMPONENTFINISH

COMPONENT 942528=IfcFlowSegment
#	TMesh	2243488=IfcFlowSegment
1.00004	2.42213e-007	-0.000262791	0	-2.42206e-007	1.00004	2.72348e-008	0	0.000262791	-2.71712e-008	1.00004	0	336.39	-0.205627	0.842228	1

COMPONENTFINISH

COMPONENT 942603=IfcFlowFitting
#	TMesh	2243400=IfcFlowFitting
-0.9998	1.42961e-006	-0.000457032	0	1.34753e-009	-0.999795	-0.00313035	0	-0.000457035	-0.00313035	0.999795	0	-254.396	260.414	1.19366	1

COMPONENTFINISH

COMPONENT 942688=IfcFlowSegment
#	TMesh	2243488=IfcFlowSegment
1.00004	3.13118e-007	-0.000262791	0	-3.13116e-007	1.00004	6.12824e-009	0	0.000262791	-6.04596e-009	1.00004	0	336.39	0.21936	0.842231	1

COMPONENTFINISH

COMPONENT 942763=IfcFlowFitting
#	TMesh	2243400=IfcFlowFitting
-0.999811	1.13775e-006	-0.000146572	0	-6.51919e-007	-0.999806	-0.00331391	0	-0.000146575	-0.00331391	0.999806	0	-254.4	260.841	1.30926	1

COMPONENTFINISH

COMPONENT 942848=IfcFlowSegment
#	TMesh	1245954=IfcFlowSegment
-0.272455	-3.14277e-007	4.65272e-005	0	4.65272e-005	3.31563e-008	0.272455	0	3.14283e-007	-0.272455	3.31027e-008	0	44.854	129.351	-23.9332	1

COMPONENTFINISH

COMPONENT 942923=IfcFlowFitting
#	TMesh	2243400=IfcFlowFitting
-0.999805	-1.54503e-006	-0.000457038	0	-1.51555e-006	0.999806	-6.45045e-005	0	-0.000457038	6.4504e-005	0.999805	0	-254.397	0.448608	0.794097	1

COMPONENTFINISH

COMPONENT 943008=IfcFlowSegment
#	TMesh	288594=IfcFlowSegment
0.000127812	6.06083e-011	-1	0	9.08842e-011	-1	-6.05967e-011	0	-1	-9.08764e-011	-0.000127812	0	46.8244	263.914	71.3922	1

COMPONENTFINISH

COMPONENT 943093=IfcFlowSegment
#	TMesh	292737=IfcFlowSegment
0.999999	-3.07394e-010	2.62211e-011	0	3.07397e-010	0.999999	-9.96895e-005	0	-2.61905e-011	9.96895e-005	0.999999	0	4.19617e-005	-0.000366211	-0.228718	1

COMPONENTFINISH

COMPONENT 943168=IfcFlowFitting
#	TMesh	2291674=IfcFlowFitting
-0.00379807	0.999393	-0.000721626	0	0.999393	0.00379872	0.000807494	0	-0.000810228	0.000718549	0.9994	0	-87.5484	428.813	0.604755	1

COMPONENTFINISH

COMPONENT 943254=IfcFlowSegment
#	Mesh	0	Begin

#	Vertex	72
49.9538	133.209	4.806
49.9463	133.207	4.806
49.9393	133.203	4.806
49.9329	133.199	4.806
49.9275	133.193	4.806
49.923	133.187	4.806
49.9197	133.18	4.806
49.9177	133.173	4.806
49.9171	133.165	4.806
49.9177	133.157	4.806
49.9197	133.15	4.806
49.923	133.143	4.806
49.9275	133.136	4.806
49.9329	133.131	4.806
49.9393	133.126	4.806
49.9463	133.123	4.806
49.9538	133.121	4.806
49.9615	133.12	4.806
49.9692	133.121	4.806
49.9767	133.123	4.806
49.9837	133.126	4.806
49.9901	133.131	4.806
49.9956	133.136	4.806
50	133.143	4.806
50.0033	133.15	4.806
50.0053	133.157	4.806
50.006	133.165	4.806
50.0053	133.173	4.806
50.0033	133.18	4.806
50	133.187	4.806
49.9956	133.193	4.806
49.9901	133.199	4.806
49.9837	133.203	4.806
49.9767	133.207	4.806
49.9692	133.209	4.806
49.9615	133.209	4.806
49.9538	133.209	6.854
49.9463	133.207	6.854
49.9393	133.203	6.854
49.9329	133.199	6.854
49.9275	133.193	6.854
49.923	133.187	6.854
49.9197	133.18	6.854
49.9177	133.173	6.854
49.9171	133.165	6.854
49.9177	133.157	6.854
49.9197	133.15	6.854
49.923	133.143	6.854
49.9275	133.136	6.854
49.9329	133.131	6.854
49.9393	133.126	6.854
49.9463	133.123	6.854
49.9538	133.121	6.854
49.9615	133.12	6.854
49.9692	133.121	6.854
49.9767	133.123	6.854
49.9837	133.126	6.854
49.9901	133.131	6.854
49.9956	133.136	6.854
50	133.143	6.854
50.0033	133.15	6.854
50.0053	133.157	6.854
50.006	133.165	6.854
50.0053	133.173	6.854
50.0033	133.18	6.854
50	133.187	6.854
49.9956	133.193	6.854
49.9901	133.199	6.854
49.9837	133.203	6.854
49.9767	133.207	6.854
49.9692	133.209	6.854
49.9615	133.209	6.854

#	Triangle	46
35	36	71	0	36	35
0	37	36	1	37	0
1	38	37	2	38	1
2	39	38	3	39	2
3	40	39	4	40	3
4	41	40	5	41	4
5	42	41	6	42	5
6	43	42	7	43	6
7	44	43	8	44	7
8	45	44	9	45	8
9	46	45	10	46	9
10	47	46	11	47	10
11	48	47	12	48	11
12	49	48	13	49	12
13	50	49	14	50	13
14	51	50	15	51	14
15	52	51	16	52	15
16	53	52	17	53	16
17	54	53	18	54	17
18	55	54	19	55	18
19	56	55	20	56	19
20	57	56	21	57	20
21	58	57	22	58	21
22	59	58	23	59	22
23	60	59	24	60	23
24	61	60	25	61	24
25	62	61	26	62	25
26	63	62	27	63	26
27	64	63	28	64	27
28	65	64	29	65	28
29	66	65	30	66	29
30	67	66	31	67	30
31	68	67	32	68	31
32	69	68	33	69	32
33	70	69	34	70	33
34	71	70	35	71	34
7	9	8	26	25	27
6	9	7	27	25	24
6	10	9	27	24	28
5	10	6	28	24	23
5	11	10	4	11	5	4	12	11	3	12	4	3	13	12	2	13	3	2	14	13	1	14	2	1	15	14	0	15	1	0	16	15	35	16	0	35	17	16	34	17	35	34	18	17	33	18	34	33	19	18	32	19	33	32	20	19	31	20	32	31	21	20	30	21	31	30	22	21	29	22	30	29	23	22	28	23	29
45	43	44	62	63	61
46	43	45	61	63	64
46	42	43	61	64	60
47	42	46	60	64	65
47	41	42	48	41	47	48	40	41	49	40	48	49	39	40	50	39	49	50	38	39	51	38	50	51	37	38	52	37	51	52	36	37	53	36	52	53	71	36	54	71	53	54	70	71	55	70	54	55	69	70	56	69	55	56	68	69	57	68	56	57	67	68	58	67	57	58	66	67	59	66	58	59	65	66	60	65	59

#	Normal	46
-0.0867166	0.996233	-0
-0.260046	0.965596	-0
-0.421808	0.906685	-0
-0.574307	0.81864	-0
-0.70635	0.707863	-0
-0.819185	0.57353	-0
-0.906376	0.422472	-0
-0.965975	0.258635	-0
-0.996189	0.087217	-0
-0.996189	-0.087217	0
-0.965975	-0.258635	0
-0.906016	-0.423244	0
-0.819185	-0.57353	0
-0.707359	-0.706855	0
-0.574307	-0.81864	0
-0.421808	-0.906685	0
-0.258165	-0.966101	0
-0.0887176	-0.996057	0
0.0887176	-0.996057	-0
0.258165	-0.966101	-0
0.421615	-0.906775	-0
0.574307	-0.81864	-0
0.707611	-0.706603	-0
0.818948	-0.573868	-0
0.906209	-0.42283	-0
0.965849	-0.259106	-0
0.996233	-0.0867166	-0
0.996233	0.0867166	-0
0.965849	0.259106	-0
0.906569	0.422058	-0
0.818948	0.573868	-0
0.706602	0.707611	-0
0.574307	0.81864	-0
0.421615	0.906775	-0
0.260046	0.965596	-0
0.0867166	0.996233	-0
-0	-0	-1.04324e-005
-0	-0	-3.09353e-005
-0	-0	-6.09313e-005
-0	-0	-9.96517e-005
-0	-0	-1
-0	-0	1.04324e-005
-0	-0	3.09353e-005
-0	-0	6.09313e-005
-0	-0	9.96517e-005
-0	-0	1

#	Mesh	0	End


COMPONENTFINISH

COMPONENT 943329=IfcFlowFitting
#	TMesh	2291674=IfcFlowFitting
0.999425	-0.0341479	-0.0137978	0	0.0127828	-0.029767	0.999578	0	-0.0345406	-0.999077	-0.0293103	0	344.6	130.674	-127.558	1

COMPONENTFINISH

COMPONENT 943415=IfcFlowSegment
#	TMesh	1077137=IfcFlowSegment
3.10954	4.4303e-011	-0.000567216	0	0.000567216	4.18982e-009	3.10954	0	4.50673e-011	-3.10954	4.18981e-009	0	-194.161	137.012	-221.531	1

COMPONENTFINISH

COMPONENT 943490=IfcFlowFitting
#	TMesh	2291674=IfcFlowFitting
-0.0292895	-0.010678	1.00066	0	-0.0334479	1.00054	0.00969744	0	-1.00016	-0.0331479	-0.0296286	0	49.3867	1.69292	302.311	1

COMPONENTFINISH

COMPONENT 943580=IfcFlowSegment
#	TMesh	288594=IfcFlowSegment
1	0.000189046	1.94098e-005	0	0.000189046	-1	-1.45469e-009	0	-1.94098e-005	-5.12402e-009	1	0	-25.7247	263.901	-0.243293	1

COMPONENTFINISH

COMPONENT 943665=IfcFlowSegment
#	TMesh	2922768=IfcFlowSegment
-4.71382e-009	-1.82948	-4.1528e-005	0	-1.82948	4.71378e-009	1.90429e-009	0	-1.90418e-009	4.1528e-005	-1.82948	0	178.566	196.779	6.79876	1

COMPONENTFINISH

COMPONENT 943=IfcFlowSegment
#	Mesh	0	Begin

#	Vertex	8
26.6032	108.675	2.372
67.2256	108.675	2.372
67.2256	109.475	2.372
26.6032	109.475	2.372
26.6032	108.675	2.572
67.2256	108.675	2.572
67.2256	109.475	2.572
26.6032	109.475	2.572

#	Triangle	6
3	4	7	0	4	3
0	5	4	1	5	0
1	6	5	2	6	1
2	7	6	3	7	2
3	1	0	2	1	3
4	6	7	5	6	4

#	Normal	6
-1	-0	0
-0	-1	-0
1	-0	-0
-0	1	-0
0	-0	-1
-0	-0	1

#	Mesh	0	End


COMPONENTFINISH

COMPONENT 945799=IfcFlowFitting
#	TMesh	2291674=IfcFlowFitting
0.00793689	0.998755	0.0281451	0	-0.998661	0.00704783	0.0315185	0	0.0313064	-0.0283808	0.998289	0	171.387	428.317	5.22047	1

COMPONENTFINISH

COMPONENT 945887=IfcFlowSegment
#	TMesh	1077137=IfcFlowSegment
-1.84627e-005	-3.08512e-009	3.10954	0	3.10954	5.5439e-009	1.84627e-005	0	5.54392e-009	-3.10954	-3.08509e-009	0	-189.842	137.012	-237.352	1

COMPONENTFINISH

COMPONENT 945972=IfcFlowSegment
#	TMesh	1038733=IfcFlowSegment
8.39038e-010	-6.60986e-010	-0.559998	0	0.000229714	0.559998	-6.60642e-010	0	0.559998	-0.000229714	8.39309e-010	0	37.8035	91.3475	5.54608	1

COMPONENTFINISH

COMPONENT 946047=IfcFlowFitting
#	TMesh	2291674=IfcFlowFitting
-0.999476	0.0202948	-0.0133781	0	-0.0125003	0.0427685	0.998778	0	0.0208469	0.99865	-0.0425021	0	-255.976	129.883	-127.281	1

COMPONENTFINISH

COMPONENT 946123=IfcFlowFitting
#	TMesh	2291674=IfcFlowFitting
-0.0289032	-0.0106944	1.00063	0	-0.033763	1.00048	0.00971743	0	-1.00011	-0.0334664	-0.0292461	0	38.2415	1.69611	302.098	1

COMPONENTFINISH

COMPONENT 946209=IfcFlowSegment
#	TMesh	286488=IfcFlowSegment
-1	0.000256411	-4.67222e-011	0	-0.000256411	-1	2.41784e-010	0	4.66602e-011	-2.41796e-010	-1	0	91.5563	258.96	2.626	1

COMPONENTFINISH

COMPONENT 946284=IfcFlowFitting
#	TMesh	2291674=IfcFlowFitting
0.0299314	-1.00036	0.0166969	0	0.0336046	-0.0156897	-1.00026	0	0.999937	0.0304714	0.0331157	0	25.6072	-165.039	137.95	1

COMPONENTFINISH

COMPONENT 946370=IfcFlowSegment
#	TMesh	286648=IfcFlowSegment
1	0.000760389	1.68542e-010	0	0.000760389	-1	-2.07906e-010	0	-1.68384e-010	-2.08034e-010	1	0	-41.8987	259.326	-0.241999	1

COMPONENTFINISH

COMPONENT 946455=IfcFlowSegment
#	TMesh	286734=IfcFlowSegment
1	-0.000254083	-2.85621e-010	0	-0.000254083	-1	1.04011e-010	0	2.85647e-010	1.03938e-010	1	0	-41.767	260.244	-0.242	1

COMPONENTFINISH

COMPONENT 946540=IfcFlowSegment
#	TMesh	1016808=IfcFlowSegment
-0.168463	0.000171937	2.07913	0	2.07913	-0.002122	0.168464	0	0.00212895	2.08594	7.66919e-012	0	-114.702	128.883	-150.254	1

COMPONENTFINISH

COMPONENT 946625=IfcFlowSegment
#	TMesh	1016808=IfcFlowSegment
-0.168463	0.000191015	2.07913	0	2.07913	-0.00235745	0.168464	0	0.00236517	2.08594	1.51888e-010	0	-114.702	129.099	-150.254	1

COMPONENTFINISH

COMPONENT 946710=IfcFlowSegment
#	TMesh	1236065=IfcFlowSegment
-1.60603e-007	0.406384	-8.23541e-009	0	-0.406384	-1.60602e-007	3.62328e-005	0	3.62328e-005	8.24973e-009	0.406384	0	65.0388	130.752	7.24275	1

COMPONENTFINISH

COMPONENT 946785=IfcFlowFitting
#	TMesh	2243400=IfcFlowFitting
-0.999641	1.87604e-006	-0.000405496	0	-4.27724e-007	-0.999635	-0.00357041	0	-0.0004055	-0.00357041	0.999635	0	-270.449	259.97	1.26683	1

COMPONENTFINISH

COMPONENT 946870=IfcFlowSegment
#	TMesh	2243488=IfcFlowSegment
-4.02644e-006	-3.69491e-007	1.00004	0	2.69374e-009	-1.00004	-3.69491e-007	0	-1.00004	-2.69226e-009	-4.02644e-006	0	28.6705	260.009	300.16	1

COMPONENTFINISH

COMPONENT 946945=IfcFlowFitting
#	TMesh	2243400=IfcFlowFitting
-0.999662	-1.18337e-006	-0.000328183	0	-1.16216e-006	0.999662	-6.46084e-005	0	-0.000328183	6.46081e-005	0.999662	0	-270.456	-0.157639	0.832717	1

COMPONENTFINISH

COMPONENT 947030=IfcFlowSegment
#	TMesh	2243488=IfcFlowSegment
-4.02644e-006	3.64322e-007	1.00004	0	-9.96006e-009	1.00004	-3.64322e-007	0	-1.00004	-9.96153e-009	-4.02644e-006	0	28.6705	0.218765	300.16	1

COMPONENTFINISH

COMPONENT 947105=IfcFlowFitting
#	TMesh	2243400=IfcFlowFitting
-0.999674	1.66728e-006	-0.000366952	0	-4.50994e-007	-0.999669	-0.00331345	0	-0.000366956	-0.00331345	0.999669	0	-270.459	260.824	1.24462	1

COMPONENTFINISH

COMPONENT 947190=IfcFlowSegment
#	TMesh	1245954=IfcFlowSegment
5.50339e-006	7.62852e-009	-0.272467	0	-0.272467	-1.6024e-007	-5.50339e-006	0	-1.6024e-007	0.272467	7.62528e-009	0	53.5251	131.927	8.6277	1

COMPONENTFINISH

COMPONENT 947265=IfcFlowFitting
#	TMesh	2243400=IfcFlowFitting
-0.999667	-1.31911e-006	-0.000328184	0	-1.37806e-006	0.999667	0.000179567	0	-0.000328184	-0.000179567	0.999667	0	-270.457	0.467773	0.800882	1

COMPONENTFINISH

COMPONENT 947350=IfcFlowSegment
#	TMesh	448379=IfcFlowSegment
5.13162e-006	-0.526722	-0.0427701	0	-6.31952e-005	-0.0427701	0.526722	0	0.528455	1.39944e-010	6.34032e-005	0	27.9423	183.004	-3.12797	1

COMPONENTFINISH

COMPONENT 947435=IfcFlowSegment
#	TMesh	124188=IfcFlowSegment
-2.74213	-6.44107e-008	-0.00014904	0	6.44114e-008	-2.74213	-1.38861e-008	0	0.00014904	1.38896e-008	-2.74213	0	-567.488	419.186	-1.72051	1

COMPONENTFINISH

COMPONENT 947520=IfcFlowSegment
#	TMesh	1038733=IfcFlowSegment
-1.10784e-010	-6.6103e-010	0.559998	0	0.00041933	0.559998	6.61112e-010	0	0.559998	-0.00041933	1.10289e-010	0	23.9892	91.3518	5.91392	1

COMPONENTFINISH

COMPONENT 947599=IfcFlowFitting
#	TMesh	2291674=IfcFlowFitting
0.0284545	0.999051	-0.0116494	0	0.0362335	0.0106146	0.99881	0	0.998461	-0.0288565	-0.0359141	0	24.8376	427.953	-126.798	1

COMPONENTFINISH

COMPONENT 947675=IfcFlowFitting
#	TMesh	2291674=IfcFlowFitting
-0.0297194	-0.010962	1.00034	0	-0.0336432	1.00023	0.00996119	0	-0.999834	-0.0333305	-0.0300697	0	24.1831	1.6534	301.985	1

COMPONENTFINISH

COMPONENT 948686=IfcFlowSegment
#	TMesh	2273237=IfcFlowSegment
-1.85345	-1.22991e-009	-0.0488422	0	-0.0488422	-7.23546e-011	1.85345	0	1.23139e-009	-1.85409	-3.99299e-011	0	208.069	96.8083	71.1392	1

COMPONENTFINISH

COMPONENT 948780=IfcFlowSegment
#	TMesh	1042561=IfcFlowSegment
-4.59307e-008	2.20598	0.0293298	0	-3.03045e-009	-0.0293298	2.20598	0	2.20617	4.58863e-008	3.64081e-009	0	22.6008	21.4456	-190.471	1

COMPONENTFINISH

COMPONENT 952214=IfcFlowSegment
#	Mesh	0	Begin

#	Vertex	72
24.1552	108.395	0.744042
24.149	108.395	0.745689
24.1433	108.395	0.748379
24.1381	108.395	0.75203
24.1336	108.395	0.75653
24.1299	108.395	0.761744
24.1272	108.395	0.767512
24.1256	108.395	0.77366
24.125	108.395	0.78
24.1256	108.395	0.78634
24.1272	108.395	0.792488
24.1299	108.395	0.798256
24.1336	108.395	0.80347
24.1381	108.395	0.80797
24.1433	108.395	0.811621
24.149	108.395	0.814311
24.1552	108.395	0.815958
24.1615	108.395	0.816513
24.1679	108.395	0.815958
24.174	108.395	0.814311
24.1798	108.395	0.811621
24.185	108.395	0.80797
24.1895	108.395	0.80347
24.1931	108.395	0.798256
24.1958	108.395	0.792488
24.1975	108.395	0.78634
24.198	108.395	0.78
24.1975	108.395	0.77366
24.1958	108.395	0.767512
24.1931	108.395	0.761744
24.1895	108.395	0.75653
24.185	108.395	0.75203
24.1798	108.395	0.748379
24.174	108.395	0.745689
24.1679	108.395	0.744042
24.1615	108.395	0.743487
24.1552	114.615	0.744042
24.149	114.615	0.745689
24.1433	114.615	0.748379
24.1381	114.615	0.75203
24.1336	114.615	0.75653
24.1299	114.615	0.761744
24.1272	114.615	0.767512
24.1256	114.615	0.77366
24.125	114.615	0.78
24.1256	114.615	0.78634
24.1272	114.615	0.792488
24.1299	114.615	0.798256
24.1336	114.615	0.80347
24.1381	114.615	0.80797
24.1433	114.615	0.811621
24.149	114.615	0.814311
24.1552	114.615	0.815958
24.1615	114.615	0.816513
24.1679	114.615	0.815958
24.174	114.615	0.814311
24.1798	114.615	0.811621
24.185	114.615	0.80797
24.1895	114.615	0.80347
24.1931	114.615	0.798256
24.1958	114.615	0.792488
24.1975	114.615	0.78634
24.198	114.615	0.78
24.1975	114.615	0.77366
24.1958	114.615	0.767512
24.1931	114.615	0.761744
24.1895	114.615	0.75653
24.185	114.615	0.75203
24.1798	114.615	0.748379
24.174	114.615	0.745689
24.1679	114.615	0.744042
24.1615	114.615	0.743487

#	Triangle	68
35	36	71
0	36	35
0	37	36	1	37	0
1	38	37
2	38	1
2	39	38
3	39	2
3	40	39	4	40	3
4	41	40	5	41	4
5	42	41
6	42	5
6	43	42
7	43	6
7	44	43	8	44	7
8	45	44	9	45	8
9	46	45
10	46	9
10	47	46
11	47	10
11	48	47	12	48	11
12	49	48	13	49	12
13	50	49
14	50	13
14	51	50
15	51	14
15	52	51	16	52	15
16	53	52
17	53	16
17	54	53
18	54	17
18	55	54
19	55	18
19	56	55
20	56	19
20	57	56	21	57	20
21	58	57	22	58	21
22	59	58
23	59	22
23	60	59	24	60	23
24	61	60
25	61	24
25	62	61	26	62	25
26	63	62	27	63	26
27	64	63
28	64	27
28	65	64	29	65	28
29	66	65
30	66	29
30	67	66	31	67	30
31	68	67	32	68	31
32	69	68
33	69	32
33	70	69
34	70	33
34	71	70
35	71	34
7	9	8	26	25	27
6	9	7	27	25	24
6	10	9	27	24	28
5	10	6	28	24	23
5	11	10	28	23	29
4	11	5	4	12	11	3	12	4	3	13	12	2	13	3	2	14	13	1	14	2	1	15	14	0	15	1	0	16	15	35	16	0	35	17	16	34	17	35	34	18	17	33	18	34	33	19	18	32	19	33	32	20	19	31	20	32	31	21	20	30	21	31	30	22	21	29	22	30	29	23	22
45	43	44	62	63	61
46	43	45	61	63	64
46	42	43	61	64	60
47	42	46	60	64	65
47	41	42	60	65	59
48	41	47	48	40	41	49	40	48	49	39	40	50	39	49	50	38	39	51	38	50	51	37	38	52	37	51	52	36	37	53	36	52	53	71	36	54	71	53	54	70	71	55	70	54	55	69	70	56	69	55	56	68	69	57	68	56	57	67	68	58	67	57	58	66	67	59	66	58	59	65	66

#	Normal	68
-0.0871422	2.73611e-008	-0.996196
-0.0871689	-0	-0.996194
-0.258859	0	-0.965915
-0.422664	0	-0.906287
-0.422546	1.32672e-007	-0.906341
-0.573475	1.80061e-007	-0.819223
-0.573619	-0	-0.819122
-0.70714	0	-0.707073
-0.819166	0	-0.573557
-0.906326	0	-0.42258
-0.906208	2.84533e-007	-0.422832
-0.96588	3.03269e-007	-0.25899
-0.965957	-0	-0.258703
-0.996195	0	-0.0871527
-0.996195	-0	0.0871527
-0.96588	-0	0.25899
-0.965957	3.03293e-007	0.258703
-0.906326	2.8457e-007	0.42258
-0.906208	-0	0.422832
-0.819166	-0	0.573557
-0.70714	-0	0.707073
-0.573475	-0	0.819223
-0.573619	1.80106e-007	0.819122
-0.422664	1.32709e-007	0.906287
-0.422546	-0	0.906341
-0.258859	-0	0.965915
-0.0871422	-0	0.996196
-0.0871689	2.73695e-008	0.996194
0.0871689	-2.73695e-008	0.996194
0.0871422	-0	0.996196
0.258782	-0	0.965936
0.258859	-8.1277e-008	0.965915
0.422664	-1.32709e-007	0.906287
0.422546	-0	0.906341
0.573619	-0	0.819122
0.70714	-0	0.707073
0.819022	-0	0.573763
0.819166	-2.57203e-007	0.573557
0.906326	-2.8457e-007	0.42258
0.965957	-3.03293e-007	0.258703
0.96588	-0	0.25899
0.996195	-0	0.0871527
0.996195	-0	-0.0871527
0.965957	-0	-0.258703
0.96588	-3.03269e-007	-0.25899
0.906326	-2.8457e-007	-0.42258
0.819022	-2.57158e-007	-0.573763
0.819166	-0	-0.573557
0.70714	-0	-0.707073
0.573619	-0	-0.819122
0.422664	-0	-0.906287
0.422546	-1.32672e-007	-0.906341
0.258782	-8.12529e-008	-0.965936
0.258859	-0	-0.965915
0.0871689	-0	-0.996194
0.0871422	-2.73611e-008	-0.996196
-0	-7.03381e-006	0
-0	-2.08785e-005	0
-0	-4.11227e-005	0
-0	-6.72208e-005	0
-0	-9.82698e-005	0
-0	-1	0
-0	7.03381e-006	0
-0	2.09033e-005	0
-0	4.11715e-005	0
-0	6.7172e-005	0
-0	9.81985e-005	0
-0	1	0

#	Mesh	0	End


COMPONENTFINISH

COMPONENT 952305=IfcFlowSegment
#	Mesh	0	Begin

#	Vertex	72
24.1679	122.243	-2.27
24.174	122.245	-2.27
24.1798	122.248	-2.27
24.185	122.251	-2.27
24.1895	122.256	-2.27
24.1931	122.261	-2.27
24.1958	122.267	-2.27
24.1975	122.273	-2.27
24.198	122.279	-2.27
24.1975	122.286	-2.27
24.1958	122.292	-2.27
24.1931	122.297	-2.27
24.1895	122.303	-2.27
24.185	122.307	-2.27
24.1798	122.311	-2.27
24.174	122.314	-2.27
24.1679	122.315	-2.27
24.1615	122.316	-2.27
24.1552	122.315	-2.27
24.149	122.314	-2.27
24.1433	122.311	-2.27
24.1381	122.307	-2.27
24.1336	122.303	-2.27
24.1299	122.297	-2.27
24.1272	122.292	-2.27
24.1256	122.286	-2.27
24.125	122.279	-2.27
24.1256	122.273	-2.27
24.1272	122.267	-2.27
24.1299	122.261	-2.27
24.1336	122.256	-2.27
24.1381	122.251	-2.27
24.1433	122.248	-2.27
24.149	122.245	-2.27
24.1552	122.243	-2.27
24.1615	122.243	-2.27
24.1679	122.243	2.466
24.174	122.245	2.466
24.1798	122.248	2.466
24.185	122.251	2.466
24.1895	122.256	2.466
24.1931	122.261	2.466
24.1958	122.267	2.466
24.1975	122.273	2.466
24.198	122.279	2.466
24.1975	122.286	2.466
24.1958	122.292	2.466
24.1931	122.297	2.466
24.1895	122.303	2.466
24.185	122.307	2.466
24.1798	122.311	2.466
24.174	122.314	2.466
24.1679	122.315	2.466
24.1615	122.316	2.466
24.1552	122.315	2.466
24.149	122.314	2.466
24.1433	122.311	2.466
24.1381	122.307	2.466
24.1336	122.303	2.466
24.1299	122.297	2.466
24.1272	122.292	2.466
24.1256	122.286	2.466
24.125	122.279	2.466
24.1256	122.273	2.466
24.1272	122.267	2.466
24.1299	122.261	2.466
24.1336	122.256	2.466
24.1381	122.251	2.466
24.1433	122.248	2.466
24.149	122.245	2.466
24.1552	122.243	2.466
24.1615	122.243	2.466

#	Triangle	66
35	36	71
0	36	35
0	37	36
1	37	0
1	38	37
2	38	1
2	39	38
3	39	2
3	40	39	4	40	3
4	41	40	5	41	4
5	42	41	6	42	5
6	43	42
7	43	6
7	44	43	8	44	7
8	45	44	9	45	8
9	46	45
10	46	9
10	47	46	11	47	10
11	48	47	12	48	11
12	49	48	13	49	12
13	50	49
14	50	13
14	51	50
15	51	14
15	52	51
16	52	15
16	53	52
17	53	16
17	54	53	18	54	17
18	55	54
19	55	18
19	56	55
20	56	19
20	57	56	21	57	20
21	58	57
22	58	21
22	59	58	23	59	22
23	60	59
24	60	23
24	61	60	25	61	24
25	62	61	26	62	25
26	63	62	27	63	26
27	64	63	28	64	27
28	65	64
29	65	28
29	66	65	30	66	29
30	67	66
31	67	30
31	68	67	32	68	31
32	69	68
33	69	32
33	70	69
34	70	33
34	71	70	35	71	34
7	9	8	26	25	27
6	9	7	27	25	24
6	10	9	27	24	28
5	10	6	28	24	23
5	11	10	28	23	29
4	11	5	4	12	11	3	12	4	3	13	12	2	13	3	2	14	13	1	14	2	1	15	14	0	15	1	0	16	15	35	16	0	35	17	16	34	17	35	34	18	17	33	18	34	33	19	18	32	19	33	32	20	19	31	20	32	31	21	20	30	21	31	30	22	21	29	22	30	29	23	22
45	43	44	62	63	61
46	43	45	61	63	64
46	42	43	61	64	60
47	42	46	60	64	65
47	41	42	60	65	59
48	41	47	48	40	41	49	40	48	49	39	40	50	39	49	50	38	39	51	38	50	51	37	38	52	37	51	52	36	37	53	36	52	53	71	36	54	71	53	54	70	71	55	70	54	55	69	70	56	69	55	56	68	69	57	68	56	57	67	68	58	67	57	58	66	67	59	66	58	59	65	66

#	Normal	66
0.0871593	-0.996194	-3.59445e-008
0.0871327	-0.996197	-0
0.258961	-0.965888	-0
0.259038	-0.965867	-1.06827e-007
0.422364	-0.906426	-1.74183e-007
0.422247	-0.906481	-0
0.57408	-0.818799	-0
0.574224	-0.818698	-2.3681e-007
0.707107	-0.707107	-2.91611e-007
0.81903	-0.573751	-3.37768e-007
0.906254	-0.422734	-3.73739e-007
0.965964	-0.258675	-3.98363e-007
0.965888	-0.258961	-0
0.996199	-0.0871061	-0
0.996199	0.0871061	-0
0.965882	0.258982	-0
0.965805	0.259268	-3.98298e-007
0.906473	0.422264	-3.73829e-007
0.81903	0.573751	-3.37768e-007
0.707107	0.707107	-2.91611e-007
0.573256	0.819376	-2.36411e-007
0.573401	0.819275	-0
0.423372	0.905956	-0
0.423255	0.906011	-1.7455e-007
0.258961	0.965888	-1.06795e-007
0.259038	0.965867	-0
0.0871593	0.996194	-0
0.0871327	0.996197	-3.59335e-008
-0.0871593	0.996194	3.59445e-008
-0.258961	0.965888	1.06795e-007
-0.259038	0.965867	-0
-0.423372	0.905956	-0
-0.423255	0.906011	1.7455e-007
-0.573401	0.819275	2.3647e-007
-0.706953	0.70726	2.91547e-007
-0.707107	0.707107	-0
-0.81903	0.573751	-0
-0.906473	0.422264	-0
-0.906355	0.422516	3.73781e-007
-0.965882	0.258982	3.9833e-007
-0.996199	0.0871061	4.10832e-007
-0.996199	-0.0871061	4.10832e-007
-0.965964	-0.258675	3.98363e-007
-0.906254	-0.422734	3.73739e-007
-0.906136	-0.422986	-0
-0.81903	-0.573751	0
-0.706953	-0.70726	0
-0.707107	-0.707107	2.91611e-007
-0.574224	-0.818698	2.3681e-007
-0.422364	-0.906426	1.74183e-007
-0.422247	-0.906481	-0
-0.258961	-0.965888	0
-0.259038	-0.965867	1.06827e-007
-0.0871593	-0.996194	3.59445e-008
-0	0	-7.0376e-006
-0	-0	-2.09146e-005
-0	0	-4.11723e-005
-0	-0	-6.71733e-005
-0	0	-9.82071e-005
-0	-0	-1
-0	0	7.0376e-006
-0	-0	2.08898e-005
-0	0	4.11235e-005
-0	-0	6.71733e-005
-0	0	9.82071e-005
-0	-0	1

#	Mesh	0	End


