COMPONENT 778028=IfcFlowTerminal
#	TMesh	1000018=IfcFlowTerminal
-0.996642	-0.0809357	4.73748e-005	0	-0.0809356	0.99664	-0.00205005	0	-0.000118716	0.00204716	0.999921	0	101.681	-96.0917	-0.273441	1

COMPONENTFINISH

COMPONENT 778098=IfcFlowTerminal
#	TMesh	1000086=IfcFlowTerminal
0.99882	-0.0488659	0.000397418	0	-0.048866	-0.998821	0.00035749	0	-0.000379475	0.000376483	1.00002	0	80.5342	93.3362	-0.755615	1

COMPONENTFINISH

COMPONENT 778168=IfcFlowTerminal
#	TMesh	1000018=IfcFlowTerminal
-0.996654	-0.0808913	0.000552465	0	-0.0808922	0.996652	-0.00198834	0	0.000389802	0.00202651	0.999929	0	105.066	-95.8186	-0.283898	1

COMPONENTFINISH

COMPONENT 778238=IfcFlowTerminal
#	TMesh	1000086=IfcFlowTerminal
0.998745	-0.0499233	0.000298614	0	-0.0499234	-0.998745	0.000361199	0	-0.000280209	0.000375656	0.999992	0	84.0241	93.6132	-0.755015	1

COMPONENTFINISH

COMPONENT 778308=IfcFlowTerminal
#	TMesh	1000018=IfcFlowTerminal
-0.99666	-0.0806589	0.000591773	0	-0.0806599	0.996658	-0.00205327	0	0.000424216	0.00209431	0.999916	0	108.433	-95.5468	-0.278072	1

COMPONENTFINISH

COMPONENT 778378=IfcFlowTerminal
#	TMesh	1000086=IfcFlowTerminal
-0.996924	-0.0800925	0.000283997	0	0.0800926	-0.996924	0.000345365	0	0.000255427	0.000366999	1.00014	0	93.1513	93.9883	-0.753703	1

COMPONENTFINISH

COMPONENT 778448=IfcFlowTerminal
#	TMesh	1000018=IfcFlowTerminal
0.996684	0.0808275	0.00108261	0	0.0808296	-0.996683	-0.0020006	0	-0.000917358	-0.00208157	0.999954	0	78.3895	92.7832	-0.28756	1

COMPONENTFINISH

COMPONENT 778518=IfcFlowTerminal
#	TMesh	1000086=IfcFlowTerminal
-0.9988	0.0501353	0.00050313	0	0.0501355	0.9988	0.000378438	0	0.000483526	-0.000403185	1.00006	0	99.4048	-96.6592	-0.758655	1

COMPONENTFINISH

COMPONENT 778588=IfcFlowTerminal
#	TMesh	1000018=IfcFlowTerminal
-0.996737	-0.0806961	0.000490875	0	-0.0806969	0.996735	-0.00200706	0	0.000327312	0.00204012	0.999997	0	115.015	-95.0207	-0.281612	1

COMPONENTFINISH

COMPONENT 778658=IfcFlowTerminal
#	TMesh	1000018=IfcFlowTerminal
-0.996718	-0.0806726	0.00108968	0	-0.0806747	0.996716	-0.00203766	0	0.000921734	0.00211893	0.999976	0	79.1344	-101.694	-0.284119	1

COMPONENTFINISH

COMPONENT 778728=IfcFlowTerminal
#	TMesh	1000086=IfcFlowTerminal
0.996708	0.0813815	0.000424242	0	-0.0813817	0.996708	0.000365698	0	-0.000393075	-0.00039901	1.00002	0	61.123	-103.16	-0.756659	1

COMPONENTFINISH

COMPONENT 778798=IfcFlowTerminal
#	TMesh	1000018=IfcFlowTerminal
0.996725	0.080859	8.60756e-005	0	0.080859	-0.996723	-0.00198749	0	7.49128e-005	-0.00198794	0.999997	0	48.1887	86.5721	-0.279801	1

COMPONENTFINISH

COMPONENT 778868=IfcFlowTerminal
#	TMesh	1000086=IfcFlowTerminal
-0.998759	0.0480698	0.000152019	0	0.0480698	0.998759	0.00033878	0	0.000135557	-0.000345696	0.999915	0	69.4049	-102.851	-0.751376	1

COMPONENTFINISH

COMPONENT 778938=IfcFlowTerminal
#	TMesh	1000018=IfcFlowTerminal
0.99683	0.0805718	0.00146149	0	0.0805744	-0.996829	-0.00179846	0	-0.00131185	-0.00191036	1.00008	0	51.605	86.8594	-0.310319	1

COMPONENTFINISH

COMPONENT 779008=IfcFlowTerminal
#	TMesh	1000086=IfcFlowTerminal
0.996561	0.0818236	0.000172167	0	-0.0818237	0.996561	0.000386389	0	-0.000139971	-0.000399182	0.999914	0	67.0464	-102.674	-0.756089	1

COMPONENTFINISH

COMPONENT 779078=IfcFlowTerminal
#	TMesh	1000018=IfcFlowTerminal
0.996691	0.080698	-9.19142e-005	0	-0.0806981	0.996689	-0.0020548	0	-7.42119e-005	0.00205552	0.999951	0	70.3269	-102.404	-0.271747	1

COMPONENTFINISH

COMPONENT 779148=IfcFlowTerminal
#	TMesh	1000086=IfcFlowTerminal
-0.998746	0.0490573	0.00029729	0	0.0490574	0.998746	0.000382516	0	0.000278166	-0.00039664	0.99995	0	76.0884	-102.31	-0.756938	1

COMPONENTFINISH

COMPONENT 779218=IfcFlowTerminal
#	TMesh	1000018=IfcFlowTerminal
0.99674	0.0807639	0.000925629	0	0.0807655	-0.996738	-0.00185841	0	-0.000772512	-0.0019271	1	0	58.3649	87.3982	-0.299694	1

COMPONENTFINISH

COMPONENT 779288=IfcFlowTerminal
#	TMesh	1000086=IfcFlowTerminal
0.998853	-0.0483649	-5.90506e-005	0	-0.0483649	-0.998853	0.000362671	0	7.65216e-005	0.000359391	1.00002	0	70.6219	88.7678	-0.751983	1

COMPONENTFINISH

COMPONENT 779358=IfcFlowTerminal
#	TMesh	1000018=IfcFlowTerminal
0.996752	0.0806632	0.000147987	0	0.0806633	-0.99675	-0.00189206	0	5.11315e-006	-0.00189783	1.00001	0	61.7627	87.6748	-0.289447	1

COMPONENTFINISH

COMPONENT 779428=IfcFlowTerminal
#	TMesh	1000086=IfcFlowTerminal
-0.996743	-0.0815299	6.49417e-005	0	0.0815299	-0.996743	0.00034269	0	3.67881e-005	0.000346843	1.00007	0	79.7613	89.1427	-0.751322	1

COMPONENTFINISH

COMPONENT 779498=IfcFlowTerminal
#	TMesh	1000018=IfcFlowTerminal
-0.996776	-0.0807109	0.00184036	0	-0.0807144	0.996776	-0.00194521	0	0.00167736	0.0020874	1.00004	0	98.5743	-100.124	-0.29977	1

COMPONENTFINISH

COMPONENT 779568=IfcFlowTerminal
#	TMesh	1000086=IfcFlowTerminal
0.998873	-0.0488253	0.000751938	0	-0.0488255	-0.998873	0.0002991	0	-0.000736438	0.000335454	1.00007	0	77.4452	89.3231	-0.753394	1

COMPONENTFINISH

COMPONENT 779638=IfcFlowTerminal
#	TMesh	1000018=IfcFlowTerminal
-0.996706	-0.081006	0.00147509	0	-0.0810088	0.996705	-0.00192159	0	0.00131457	0.00203476	0.999991	0	101.991	-99.8405	-0.298665	1

COMPONENTFINISH

COMPONENT 779708=IfcFlowTerminal
#	TMesh	1000086=IfcFlowTerminal
-0.998754	0.0488635	-3.72217e-005	0	0.0488635	0.998753	0.000414554	0	-5.74348e-005	-0.00041224	0.999948	0	89.6633	-101.21	-0.756941	1

COMPONENTFINISH

COMPONENT 779778=IfcFlowTerminal
#	TMesh	1000018=IfcFlowTerminal
-0.99666	-0.080823	0.000315142	0	-0.0808234	0.996658	-0.0020615	0	0.000147482	0.00208023	0.999929	0	105.363	-99.5631	-0.274789	1

COMPONENTFINISH

COMPONENT 779848=IfcFlowTerminal
#	TMesh	1000086=IfcFlowTerminal
0.998774	-0.0494877	0.000845474	0	-0.049488	-0.998774	0.000327418	0	-0.000828235	0.000368857	0.999999	0	84.2871	89.8688	-0.75678	1

COMPONENTFINISH

COMPONENT 779918=IfcFlowTerminal
#	TMesh	1000018=IfcFlowTerminal
0.99663	0.0807235	0.000192353	0	-0.080723	0.996628	-0.00201762	0	-0.000354612	0.0019955	0.999892	0	90.6634	-100.751	-0.277816	1

COMPONENTFINISH

COMPONENT 779988=IfcFlowTerminal
#	TMesh	1000086=IfcFlowTerminal
-0.998845	0.0504573	2.55245e-005	0	0.0504573	0.998844	0.000388048	0	5.91451e-006	-0.000388841	1.00012	0	96.2902	-100.684	-0.755377	1

COMPONENTFINISH

COMPONENT 780058=IfcFlowTerminal
#	TMesh	1000018=IfcFlowTerminal
-0.996658	-0.0810659	0.000577424	0	-0.0810669	0.996656	-0.00201636	0	0.000412056	0.00205653	0.999948	0	112.163	-99.0115	-0.281477	1

COMPONENTFINISH

COMPONENT 780128=IfcFlowTerminal
#	TMesh	1000086=IfcFlowTerminal
-0.996736	-0.0806619	0.00148427	0	0.0806623	-0.996737	0.000225994	0	0.0014612	0.000344982	0.999994	0	96.7848	90.5071	-0.752916	1

COMPONENTFINISH

COMPONENT 780198=IfcFlowTerminal
#	TMesh	1000018=IfcFlowTerminal
0.996808	0.0808326	0.00207736	0	0.0808364	-0.996809	-0.00181151	0	-0.00192414	-0.00197349	1.00008	0	81.8815	89.3103	-0.314665	1

COMPONENTFINISH

COMPONENT 780268=IfcFlowTerminal
#	TMesh	1000018=IfcFlowTerminal
0.996795	0.0813121	0.000739523	0	0.0813134	-0.996793	-0.00192528	0	-0.000580541	-0.00197903	1.0001	0	45.8914	83.438	-0.291713	1

COMPONENTFINISH

COMPONENT 780338=IfcFlowTerminal
#	TMesh	1000086=IfcFlowTerminal
0.99675	0.0808722	0.000477203	0	-0.0808723	0.996751	0.00037919	0	-0.000444975	-0.00041654	1.00003	0	61.3121	-106.094	-0.758424	1

COMPONENTFINISH

COMPONENT 780408=IfcFlowTerminal
#	TMesh	1000018=IfcFlowTerminal
-0.996847	-0.0808427	0.000760421	0	0.0808409	-0.996845	-0.00206307	0	0.000924695	-0.00199486	1.00012	0	66.5092	85.1155	-0.278817	1

COMPONENTFINISH

COMPONENT 780478=IfcFlowTerminal
#	TMesh	1000086=IfcFlowTerminal
-0.998729	0.0485755	0.000154002	0	0.0485755	0.998729	0.000379182	0	0.0001354	-0.000386215	0.99991	0	69.5944	-105.788	-0.755227	1

COMPONENTFINISH

COMPONENT 780548=IfcFlowTerminal
#	TMesh	1000018=IfcFlowTerminal
0.996857	0.0802246	0.000760299	0	0.080226	-0.996855	-0.00192895	0	-0.00060311	-0.00198372	1.00008	0	51.875	83.9302	-0.29154	1

COMPONENTFINISH

COMPONENT 780618=IfcFlowTerminal
#	TMesh	1000086=IfcFlowTerminal
0.998779	-0.0475807	0.000130667	0	-0.0475808	-0.998779	0.000353166	0	-0.000113713	0.000358984	0.999912	0	64.0084	85.2696	-0.752545	1

COMPONENTFINISH

COMPONENT 780688=IfcFlowTerminal
#	TMesh	1000018=IfcFlowTerminal
-0.996728	-0.0807742	6.46805e-006	0	0.080774	-0.996726	-0.00200317	0	0.000168252	-0.00199611	0.999994	0	73.2929	85.6528	-0.277585	1

COMPONENTFINISH

COMPONENT 780758=IfcFlowTerminal
#	TMesh	1000086=IfcFlowTerminal
-0.996767	-0.0809003	0.000153369	0	0.0809003	-0.996767	0.000288042	0	0.000129565	0.000299505	1.00004	0	73.2811	85.6552	-0.746867	1

COMPONENTFINISH

COMPONENT 780828=IfcFlowTerminal
#	TMesh	1000018=IfcFlowTerminal
-0.996696	-0.0807907	0.000368412	0	0.0807898	-0.996694	-0.00209682	0	0.000536616	-0.0020602	0.999963	0	76.6797	85.9245	-0.271939	1

COMPONENTFINISH

COMPONENT 780898=IfcFlowTerminal
#	TMesh	1000086=IfcFlowTerminal
-0.996747	-0.08122	0.000334052	0	0.0812201	-0.996747	0.000343714	0	0.000305034	0.000369709	1.00005	0	76.639	85.9307	-0.753814	1

COMPONENTFINISH

COMPONENT 780968=IfcFlowTerminal
#	TMesh	1000018=IfcFlowTerminal
0.996792	0.0805904	0.00122032	0	0.0805925	-0.996791	-0.00176993	0	-0.00107372	-0.00186251	1.00004	0	62.0078	84.7444	-0.310814	1

COMPONENTFINISH

COMPONENT 781038=IfcFlowTerminal
#	TMesh	1000086=IfcFlowTerminal
0.998882	-0.0484043	0.000462423	0	-0.0484044	-0.998882	0.000315958	0	-0.000446588	0.00033797	1.00005	0	74.2533	86.1107	-0.752346	1

COMPONENTFINISH

COMPONENT 781108=IfcFlowTerminal
#	TMesh	1000018=IfcFlowTerminal
0.996711	0.0806667	0.000147925	0	0.0806668	-0.996709	-0.00201467	0	1.50788e-005	-0.00202004	0.999968	0	65.3894	85.0107	-0.277756	1

COMPONENTFINISH

COMPONENT 781178=IfcFlowTerminal
#	TMesh	1000086=IfcFlowTerminal
-0.996782	-0.0815575	0.000215135	0	0.0815576	-0.996781	0.000326872	0	0.000187762	0.000343327	1.00011	0	83.3853	86.4862	-0.751272	1

COMPONENTFINISH

COMPONENT 781248=IfcFlowTerminal
#	TMesh	1000018=IfcFlowTerminal
0.996722	0.0808112	0.00110754	0	0.0808131	-0.996721	-0.00180127	0	-0.000958353	-0.00188488	0.999991	0	68.7652	85.285	-0.30677	1

COMPONENTFINISH

COMPONENT 781318=IfcFlowTerminal
#	TMesh	1000086=IfcFlowTerminal
-0.998829	0.0491176	-2.28123e-006	0	0.0491176	0.998829	0.000357941	0	-1.98591e-005	-0.000357397	1.00004	0	89.8775	-104.155	-0.75208	1

COMPONENTFINISH

COMPONENT 781388=IfcFlowTerminal
#	TMesh	1000018=IfcFlowTerminal
-0.996641	-0.0807852	0.000114139	0	-0.0807852	0.996639	-0.0020196	0	-4.94022e-005	0.00202222	0.999907	0	105.597	-102.496	-0.276933	1

COMPONENTFINISH

COMPONENT 781458=IfcFlowTerminal
#	TMesh	1000086=IfcFlowTerminal
-0.996795	-0.0799641	0.000648743	0	0.0799643	-0.996796	0.000316277	0	0.000621374	0.00036714	0.999998	0	90.3137	87.0222	-0.753935	1

COMPONENTFINISH

COMPONENT 781528=IfcFlowTerminal
#	TMesh	1000018=IfcFlowTerminal
-0.996705	-0.0807078	0.00119929	0	-0.08071	0.996704	-0.00186641	0	0.00104474	0.00195712	0.999966	0	108.978	-102.229	-0.30139	1

COMPONENTFINISH

COMPONENT 781598=IfcFlowTerminal
#	TMesh	1000086=IfcFlowTerminal
-0.99885	0.0496862	0.000423937	0	0.0496863	0.99885	0.000349962	0	0.000406027	-0.000370591	1.00008	0	96.6004	-103.613	-0.75529	1

COMPONENTFINISH

COMPONENT 781668=IfcFlowTerminal
#	TMesh	1000018=IfcFlowTerminal
0.996684	0.0809308	0.00191889	0	0.0809345	-0.996684	-0.00190849	0	-0.00175813	-0.00205753	0.999963	0	78.9214	86.1043	-0.303916	1

COMPONENTFINISH

COMPONENT 781738=IfcFlowTerminal
#	TMesh	1000086=IfcFlowTerminal
0.996854	0.0800473	0.00128925	0	-0.0800477	0.996855	0.000206832	0	-0.00126856	-0.000309362	1.00006	0	94.2265	-103.424	-0.749482	1

COMPONENTFINISH

COMPONENT 781808=IfcFlowTerminal
#	TMesh	1000018=IfcFlowTerminal
0.996898	0.0807206	0.00349332	0	0.0807266	-0.996903	-0.00159452	0	-0.00335323	-0.00187126	1.00016	0	82.1302	86.3852	-0.348209	1

COMPONENTFINISH

COMPONENT 781878=IfcFlowTerminal
#	TMesh	1000018=IfcFlowTerminal
0.996685	0.0806212	0.000754996	0	0.0806224	-0.996683	-0.00186585	0	-0.000602101	-0.00192065	0.999938	0	46.2488	79.8455	-0.297394	1

COMPONENTFINISH

COMPONENT 781948=IfcFlowTerminal
#	TMesh	1000086=IfcFlowTerminal
-0.996694	-0.0812022	0.000226755	0	0.0812022	-0.996694	0.00014976	0	0.000213845	0.000167678	0.999997	0	64.2727	81.3121	-0.734271	1

COMPONENTFINISH

COMPONENT 782018=IfcFlowTerminal
#	TMesh	1000018=IfcFlowTerminal
-0.996636	-0.0807131	0.000467785	0	-0.0807139	0.996635	-0.00184932	0	0.000316978	0.00188105	0.999897	0	82.1583	-108.007	-0.296331	1

COMPONENTFINISH

COMPONENT 782088=IfcFlowTerminal
#	TMesh	1000086=IfcFlowTerminal
-0.996881	-0.0798924	0.000209832	0	0.0798925	-0.996881	0.000210298	0	0.000192362	0.000226388	1.00008	0	66.8908	81.5197	-0.740056	1

COMPONENTFINISH

COMPONENT 782158=IfcFlowTerminal
#	TMesh	1000018=IfcFlowTerminal
-0.996693	-0.0810172	0.00158309	0	-0.0810199	0.996692	-0.00172095	0	0.00143845	0.00184356	0.999978	0	85.5758	-107.735	-0.318717	1

COMPONENTFINISH

COMPONENT 782228=IfcFlowTerminal
#	TMesh	1000086=IfcFlowTerminal
0.996596	0.0822361	0.00060992	0	-0.0822362	0.996596	0.000278165	0	-0.000584978	-0.000327382	0.999983	0	67.6149	-109.204	-0.749918	1

COMPONENTFINISH

COMPONENT 782298=IfcFlowTerminal
#	TMesh	1000018=IfcFlowTerminal
-0.996723	-0.0803009	0.00136074	0	-0.0803031	0.996723	-0.0015889	0	0.00122875	0.00169304	0.999951	0	88.897	-107.47	-0.329236	1

COMPONENTFINISH

COMPONENT 782368=IfcFlowTerminal
#	TMesh	1000086=IfcFlowTerminal
0.996741	0.0805596	0.000907982	0	-0.0805597	0.996742	3.43966e-005	0	-0.000902259	-0.000107432	0.999992	0	70.8439	-108.929	-0.729469	1

COMPONENTFINISH

COMPONENT 782438=IfcFlowTerminal
#	TMesh	1000018=IfcFlowTerminal
-0.996651	-0.081018	0.000680851	0	0.0810164	-0.996649	-0.00213092	0	0.000851266	-0.00206875	0.999936	0	76.9482	82.334	-0.271526	1

COMPONENTFINISH

COMPONENT 782508=IfcFlowTerminal
#	TMesh	1000086=IfcFlowTerminal
0.996807	0.0808077	-3.115e-005	0	-0.0808077	0.996806	0.000311224	0	5.61955e-005	-0.00030769	1.00008	0	74.2535	-108.662	-0.747473	1

COMPONENTFINISH

COMPONENT 782575=IfcStairFlight
#	Mesh	0	Begin

#	Vertex	608
83.472	8.41461	-4.63753
86.2629	8.64057	-4.63753
86.2619	8.65303	-4.63753
83.471	8.42706	-4.63753
83.472	8.41461	-4.50297
86.2629	8.64057	-4.50297
86.2619	8.65303	-4.50297
83.471	8.42706	-4.50297
83.4955	8.12437	-4.47383
83.4955	8.12437	-4.48883
83.4714	8.42208	-4.48883
83.4714	8.42208	-4.50383
83.4712	8.42468	-4.5036
83.471	8.42719	-4.50293
83.4708	8.42956	-4.50182
83.4706	8.43169	-4.50032
83.4705	8.43353	-4.49847
83.4704	8.43503	-4.49633
83.4703	8.43613	-4.49396
83.4702	8.4368	-4.49143
83.4702	8.43703	-4.48883
83.4702	8.4368	-4.48623
83.4703	8.43613	-4.4837
83.4704	8.43503	-4.48133
83.4705	8.43353	-4.47919
83.4706	8.43169	-4.47734
83.4708	8.42956	-4.47584
83.471	8.42719	-4.47473
83.4712	8.42468	-4.47406
83.4714	8.42208	-4.47383
86.2864	8.35033	-4.47383
86.2864	8.35033	-4.48883
86.2623	8.64805	-4.48883
86.2623	8.64805	-4.50383
86.2621	8.65064	-4.5036
86.2619	8.65316	-4.50293
86.2617	8.65552	-4.50182
86.2615	8.65766	-4.50032
86.2614	8.6595	-4.49847
86.2612	8.661	-4.49633
86.2611	8.6621	-4.49396
86.2611	8.66277	-4.49143
86.2611	8.663	-4.48883
86.2611	8.66277	-4.48623
86.2611	8.6621	-4.4837
86.2612	8.661	-4.48133
86.2614	8.6595	-4.47919
86.2615	8.65766	-4.47734
86.2617	8.65552	-4.47584
86.2619	8.65316	-4.47473
86.2621	8.65064	-4.47406
86.2623	8.64805	-4.47383
83.4965	8.11191	-4.48883
86.2874	8.33787	-4.48883
83.4965	8.11191	-4.35427
86.2874	8.33787	-4.35427
86.2864	8.35033	-4.35427
83.4955	8.12437	-4.35427
83.52	7.82167	-4.32513
83.52	7.82167	-4.34013
83.4959	8.11938	-4.34013
83.4959	8.11938	-4.35513
83.4957	8.12198	-4.3549
83.4955	8.1245	-4.35422
83.4953	8.12686	-4.35312
83.4951	8.12899	-4.35162
83.495	8.13084	-4.34977
83.4949	8.13233	-4.34763
83.4948	8.13343	-4.34526
83.4947	8.13411	-4.34273
83.4947	8.13433	-4.34013
83.4947	8.13411	-4.33752
83.4948	8.13343	-4.335
83.4949	8.13233	-4.33263
83.495	8.13084	-4.33049
83.4951	8.12899	-4.32864
83.4953	8.12686	-4.32714
83.4955	8.1245	-4.32603
83.4957	8.12198	-4.32536
83.4959	8.11938	-4.32513
86.3109	8.04763	-4.32513
86.3109	8.04763	-4.34013
86.2868	8.34535	-4.34013
86.2868	8.34535	-4.35513
86.2866	8.34795	-4.3549
86.2864	8.35046	-4.35422
86.2862	8.35283	-4.35312
86.286	8.35496	-4.35162
86.2859	8.3568	-4.34977
86.2857	8.3583	-4.34763
86.2856	8.3594	-4.34526
86.2856	8.36007	-4.34273
86.2856	8.3603	-4.34013
86.2856	8.36007	-4.33752
86.2856	8.3594	-4.335
86.2857	8.3583	-4.33263
86.2859	8.3568	-4.33049
86.286	8.35496	-4.32864
86.2862	8.35283	-4.32714
86.2864	8.35046	-4.32603
86.2866	8.34795	-4.32536
86.2868	8.34535	-4.32513
83.521	7.80921	-4.34013
86.3119	8.03518	-4.34013
83.521	7.80921	-4.20557
86.3119	8.03518	-4.20557
86.3109	8.04763	-4.20557
83.52	7.82167	-4.20557
83.5445	7.51897	-4.17643
83.5445	7.51897	-4.19143
83.5204	7.81668	-4.19143
83.5204	7.81668	-4.20643
83.5202	7.81928	-4.2062
83.52	7.8218	-4.20552
83.5198	7.82416	-4.20442
83.5196	7.82629	-4.20292
83.5195	7.82814	-4.20107
83.5194	7.82963	-4.19893
83.5193	7.83073	-4.19656
83.5192	7.83141	-4.19403
83.5192	7.83164	-4.19143
83.5192	7.83141	-4.18882
83.5193	7.83073	-4.1863
83.5194	7.82963	-4.18393
83.5195	7.82814	-4.18178
83.5196	7.82629	-4.17994
83.5198	7.82416	-4.17844
83.52	7.8218	-4.17733
83.5202	7.81928	-4.17665
83.5204	7.81668	-4.17643
86.3354	7.74494	-4.17643
86.3354	7.74494	-4.19143
86.3113	8.04265	-4.19143
86.3113	8.04265	-4.20643
86.3111	8.04525	-4.2062
86.3109	8.04776	-4.20552
86.3107	8.05013	-4.20442
86.3105	8.05226	-4.20292
86.3104	8.0541	-4.20107
86.3102	8.0556	-4.19893
86.3102	8.0567	-4.19656
86.3101	8.05738	-4.19403
86.3101	8.0576	-4.19143
86.3101	8.05738	-4.18882
86.3102	8.0567	-4.1863
86.3102	8.0556	-4.18393
86.3104	8.0541	-4.18178
86.3105	8.05226	-4.17994
86.3107	8.05013	-4.17844
86.3109	8.04776	-4.17733
86.3111	8.04525	-4.17665
86.3113	8.04265	-4.17643
83.5455	7.50651	-4.19143
86.3364	7.73248	-4.19143
83.5455	7.50651	-4.05687
86.3364	7.73248	-4.05687
86.3354	7.74494	-4.05687
83.5445	7.51897	-4.05687
83.569	7.21627	-4.02772
83.569	7.21627	-4.04272
83.5449	7.51399	-4.04272
83.5449	7.51399	-4.05772
83.5447	7.51658	-4.0575
83.5445	7.5191	-4.05682
83.5443	7.52146	-4.05571
83.5442	7.5236	-4.05421
83.544	7.52544	-4.05237
83.5439	7.52693	-4.05022
83.5438	7.52804	-4.04785
83.5437	7.52871	-4.04533
83.5437	7.52894	-4.04272
83.5437	7.52871	-4.04012
83.5438	7.52804	-4.03759
83.5439	7.52693	-4.03522
83.544	7.52544	-4.03308
83.5442	7.5236	-4.03123
83.5443	7.52146	-4.02973
83.5445	7.5191	-4.02863
83.5447	7.51658	-4.02795
83.5449	7.51399	-4.02772
86.3599	7.44224	-4.02772
86.3599	7.44224	-4.04272
86.3358	7.73995	-4.04272
86.3358	7.73995	-4.05772
86.3356	7.74255	-4.0575
86.3354	7.74507	-4.05682
86.3352	7.74743	-4.05571
86.335	7.74956	-4.05421
86.3349	7.75141	-4.05237
86.3348	7.7529	-4.05022
86.3347	7.754	-4.04785
86.3346	7.75468	-4.04533
86.3346	7.7549	-4.04272
86.3346	7.75468	-4.04012
86.3347	7.754	-4.03759
86.3348	7.7529	-4.03522
86.3349	7.75141	-4.03308
86.335	7.74956	-4.03123
86.3352	7.74743	-4.02973
86.3354	7.74507	-4.02863
86.3356	7.74255	-4.02795
86.3358	7.73995	-4.02772
83.57	7.20381	-4.04272
86.3609	7.42978	-4.04272
83.57	7.20381	-3.90816
86.3609	7.42978	-3.90816
86.3599	7.44224	-3.90816
83.569	7.21627	-3.90816
83.5935	6.91357	-3.87902
83.5935	6.91357	-3.89402
83.5694	7.21129	-3.89402
83.5694	7.21129	-3.90902
83.5692	7.21388	-3.90879
83.569	7.2164	-3.90812
83.5688	7.21876	-3.90701
83.5687	7.2209	-3.90551
83.5685	7.22274	-3.90366
83.5684	7.22424	-3.90152
83.5683	7.22534	-3.89915
83.5683	7.22601	-3.89663
83.5682	7.22624	-3.89402
83.5683	7.22601	-3.89142
83.5683	7.22534	-3.88889
83.5684	7.22424	-3.88652
83.5685	7.22274	-3.88438
83.5687	7.2209	-3.88253
83.5688	7.21876	-3.88103
83.569	7.2164	-3.87993
83.5692	7.21388	-3.87925
83.5694	7.21129	-3.87902
86.3844	7.13954	-3.87902
86.3844	7.13954	-3.89402
86.3603	7.43725	-3.89402
86.3603	7.43725	-3.90902
86.3601	7.43985	-3.90879
86.3599	7.44237	-3.90812
86.3597	7.44473	-3.90701
86.3595	7.44686	-3.90551
86.3594	7.44871	-3.90366
86.3593	7.4502	-3.90152
86.3592	7.4513	-3.89915
86.3591	7.45198	-3.89663
86.3591	7.45221	-3.89402
86.3591	7.45198	-3.89142
86.3592	7.4513	-3.88889
86.3593	7.4502	-3.88652
86.3594	7.44871	-3.88438
86.3595	7.44686	-3.88253
86.3597	7.44473	-3.88103
86.3599	7.44237	-3.87993
86.3601	7.43985	-3.87925
86.3603	7.43725	-3.87902
83.5946	6.90111	-3.89402
86.3854	7.12708	-3.89402
83.5946	6.90111	-3.75946
86.3854	7.12708	-3.75946
86.3844	7.13954	-3.75946
83.5935	6.91357	-3.75946
83.6181	6.61087	-3.73032
83.6181	6.61087	-3.74532
83.594	6.90859	-3.74532
83.594	6.90859	-3.76032
83.5937	6.91119	-3.76009
83.5935	6.9137	-3.75941
83.5934	6.91606	-3.75831
83.5932	6.9182	-3.75681
83.593	6.92004	-3.75496
83.5929	6.92154	-3.75282
83.5928	6.92264	-3.75045
83.5928	6.92331	-3.74792
83.5927	6.92354	-3.74532
83.5928	6.92331	-3.74271
83.5928	6.92264	-3.74019
83.5929	6.92154	-3.73782
83.593	6.92004	-3.73568
83.5932	6.9182	-3.73383
83.5934	6.91606	-3.73233
83.5935	6.9137	-3.73122
83.5937	6.91119	-3.73055
83.594	6.90859	-3.73032
86.4089	6.83684	-3.73032
86.4089	6.83684	-3.74532
86.3848	7.13456	-3.74532
86.3848	7.13456	-3.76032
86.3846	7.13715	-3.76009
86.3844	7.13967	-3.75941
86.3842	7.14203	-3.75831
86.384	7.14417	-3.75681
86.3839	7.14601	-3.75496
86.3838	7.1475	-3.75282
86.3837	7.14861	-3.75045
86.3836	7.14928	-3.74792
86.3836	7.14951	-3.74532
86.3836	7.14928	-3.74271
86.3837	7.14861	-3.74019
86.3838	7.1475	-3.73782
86.3839	7.14601	-3.73568
86.384	7.14417	-3.73383
86.3842	7.14203	-3.73233
86.3844	7.13967	-3.73122
86.3846	7.13715	-3.73055
86.3848	7.13456	-3.73032
83.6191	6.59842	-3.74532
86.4099	6.82438	-3.74532
83.6191	6.59842	-3.61076
86.4099	6.82438	-3.61076
86.4089	6.83684	-3.61076
83.6181	6.61087	-3.61076
83.6426	6.30818	-3.58162
83.6426	6.30818	-3.59662
83.6185	6.60589	-3.59662
83.6185	6.60589	-3.61162
83.6183	6.60849	-3.61139
83.618	6.611	-3.61071
83.6179	6.61337	-3.60961
83.6177	6.6155	-3.60811
83.6175	6.61734	-3.60626
83.6174	6.61884	-3.60412
83.6173	6.61994	-3.60175
83.6173	6.62061	-3.59922
83.6172	6.62084	-3.59662
83.6173	6.62061	-3.59401
83.6173	6.61994	-3.59149
83.6174	6.61884	-3.58912
83.6175	6.61734	-3.58698
83.6177	6.6155	-3.58513
83.6179	6.61337	-3.58363
83.618	6.611	-3.58252
83.6183	6.60849	-3.58184
83.6185	6.60589	-3.58162
86.4334	6.53414	-3.58162
86.4334	6.53414	-3.59662
86.4093	6.83186	-3.59662
86.4093	6.83186	-3.61162
86.4091	6.83445	-3.61139
86.4089	6.83697	-3.61071
86.4087	6.83933	-3.60961
86.4086	6.84147	-3.60811
86.4084	6.84331	-3.60626
86.4083	6.84481	-3.60412
86.4082	6.84591	-3.60175
86.4081	6.84658	-3.59922
86.4081	6.84681	-3.59662
86.4081	6.84658	-3.59401
86.4082	6.84591	-3.59149
86.4083	6.84481	-3.58912
86.4084	6.84331	-3.58698
86.4086	6.84147	-3.58513
86.4087	6.83933	-3.58363
86.4089	6.83697	-3.58252
86.4091	6.83445	-3.58184
86.4093	6.83186	-3.58162
83.6436	6.29572	-3.59662
86.4344	6.52168	-3.59662
83.6436	6.29572	-3.46206
86.4344	6.52168	-3.46206
86.4334	6.53414	-3.46206
83.6426	6.30818	-3.46206
83.6671	6.00548	-3.43291
83.6671	6.00548	-3.44791
83.643	6.30319	-3.44791
83.643	6.30319	-3.46291
83.6428	6.30579	-3.46269
83.6426	6.30831	-3.46201
83.6424	6.31067	-3.46091
83.6422	6.3128	-3.45941
83.642	6.31465	-3.45756
83.6419	6.31614	-3.45541
83.6418	6.31724	-3.45305
83.6418	6.31792	-3.45052
83.6418	6.31814	-3.44791
83.6418	6.31792	-3.44531
83.6418	6.31724	-3.44278
83.6419	6.31614	-3.44041
83.642	6.31465	-3.43827
83.6422	6.3128	-3.43642
83.6424	6.31067	-3.43492
83.6426	6.30831	-3.43382
83.6428	6.30579	-3.43314
83.643	6.30319	-3.43291
86.4579	6.23144	-3.43291
86.4579	6.23144	-3.44791
86.4338	6.52916	-3.44791
86.4338	6.52916	-3.46291
86.4336	6.53176	-3.46269
86.4334	6.53427	-3.46201
86.4332	6.53664	-3.46091
86.4331	6.53877	-3.45941
86.4329	6.54061	-3.45756
86.4328	6.54211	-3.45541
86.4327	6.54321	-3.45305
86.4326	6.54388	-3.45052
86.4326	6.54411	-3.44791
86.4326	6.54388	-3.44531
86.4327	6.54321	-3.44278
86.4328	6.54211	-3.44041
86.4329	6.54061	-3.43827
86.4331	6.53877	-3.43642
86.4332	6.53664	-3.43492
86.4334	6.53427	-3.43382
86.4336	6.53176	-3.43314
86.4338	6.52916	-3.43291
83.6681	5.99302	-3.44791
86.459	6.21899	-3.44791
83.6681	5.99302	-3.31335
86.459	6.21899	-3.31335
86.4579	6.23144	-3.31335
83.6671	6.00548	-3.31335
83.6916	5.70278	-3.28421
83.6916	5.70278	-3.29921
83.6675	6.00049	-3.29921
83.6675	6.00049	-3.31421
83.6673	6.00309	-3.31398
83.6671	6.00561	-3.31331
83.6669	6.00797	-3.3122
83.6667	6.0101	-3.3107
83.6666	6.01195	-3.30885
83.6664	6.01344	-3.30671
83.6663	6.01454	-3.30434
83.6663	6.01522	-3.30182
83.6663	6.01545	-3.29921
83.6663	6.01522	-3.29661
83.6663	6.01454	-3.29408
83.6664	6.01344	-3.29171
83.6666	6.01195	-3.28957
83.6667	6.0101	-3.28772
83.6669	6.00797	-3.28622
83.6671	6.00561	-3.28512
83.6673	6.00309	-3.28444
83.6675	6.00049	-3.28421
86.4825	5.92875	-3.28421
86.4825	5.92875	-3.29921
86.4583	6.22646	-3.29921
86.4583	6.22646	-3.31421
86.4581	6.22906	-3.31398
86.4579	6.23157	-3.31331
86.4577	6.23394	-3.3122
86.4576	6.23607	-3.3107
86.4574	6.23791	-3.30885
86.4573	6.23941	-3.30671
86.4572	6.24051	-3.30434
86.4572	6.24119	-3.30182
86.4571	6.24141	-3.29921
86.4572	6.24119	-3.29661
86.4572	6.24051	-3.29408
86.4573	6.23941	-3.29171
86.4574	6.23791	-3.28957
86.4576	6.23607	-3.28772
86.4577	6.23394	-3.28622
86.4579	6.23157	-3.28512
86.4581	6.22906	-3.28444
86.4583	6.22646	-3.28421
83.6926	5.69032	-3.29921
86.4835	5.91629	-3.29921
83.6926	5.69032	-3.16465
86.4835	5.91629	-3.16465
86.4825	5.92875	-3.16465
83.6916	5.70278	-3.16465
83.7161	5.40008	-3.13551
83.7161	5.40008	-3.15051
83.692	5.6978	-3.15051
83.692	5.6978	-3.16551
83.6918	5.70039	-3.16528
83.6916	5.70291	-3.16461
83.6914	5.70527	-3.1635
83.6912	5.70741	-3.162
83.6911	5.70925	-3.16015
83.6909	5.71074	-3.15801
83.6909	5.71185	-3.15564
83.6908	5.71252	-3.15312
83.6908	5.71275	-3.15051
83.6908	5.71252	-3.14791
83.6909	5.71185	-3.14538
83.6909	5.71074	-3.14301
83.6911	5.70925	-3.14087
83.6912	5.70741	-3.13902
83.6914	5.70527	-3.13752
83.6916	5.70291	-3.13642
83.6918	5.70039	-3.13574
83.692	5.6978	-3.13551
86.507	5.62605	-3.13551
86.507	5.62605	-3.15051
86.4829	5.92376	-3.15051
86.4829	5.92376	-3.16551
86.4826	5.92636	-3.16528
86.4824	5.92888	-3.16461
86.4823	5.93124	-3.1635
86.4821	5.93337	-3.162
86.4819	5.93522	-3.16015
86.4818	5.93671	-3.15801
86.4817	5.93781	-3.15564
86.4817	5.93849	-3.15312
86.4816	5.93871	-3.15051
86.4817	5.93849	-3.14791
86.4817	5.93781	-3.14538
86.4818	5.93671	-3.14301
86.4819	5.93522	-3.14087
86.4821	5.93337	-3.13902
86.4823	5.93124	-3.13752
86.4824	5.92888	-3.13642
86.4826	5.92636	-3.13574
86.4829	5.92376	-3.13551
83.7171	5.38762	-3.15051
86.508	5.61359	-3.15051
83.7171	5.38762	-3.01595
86.508	5.61359	-3.01595
86.507	5.62605	-3.01595
83.7161	5.40008	-3.01595
83.7406	5.09738	-2.98681
83.7406	5.09738	-3.00181
83.7165	5.3951	-3.00181
83.7165	5.3951	-3.01681
83.7163	5.39769	-3.01658
83.7161	5.40021	-3.0159
83.7159	5.40257	-3.0148
83.7157	5.40471	-3.0133
83.7156	5.40655	-3.01145
83.7154	5.40805	-3.00931
83.7154	5.40915	-3.00694
83.7153	5.40982	-3.00441
83.7153	5.41005	-3.00181
83.7153	5.40982	-2.9992
83.7154	5.40915	-2.99668
83.7154	5.40805	-2.99431
83.7156	5.40655	-2.99217
83.7157	5.40471	-2.99032
83.7159	5.40257	-2.98882
83.7161	5.40021	-2.98771
83.7163	5.39769	-2.98704
83.7165	5.3951	-2.98681
86.5315	5.32335	-2.98681
86.5315	5.32335	-3.00181
86.5074	5.62106	-3.00181
86.5074	5.62106	-3.01681
86.5072	5.62366	-3.01658
86.5069	5.62618	-3.0159
86.5068	5.62854	-3.0148
86.5066	5.63067	-3.0133
86.5064	5.63252	-3.01145
86.5063	5.63401	-3.00931
86.5062	5.63511	-3.00694
86.5062	5.63579	-3.00441
86.5062	5.63602	-3.00181
86.5062	5.63579	-2.9992
86.5062	5.63511	-2.99668
86.5063	5.63401	-2.99431
86.5064	5.63252	-2.99217
86.5066	5.63067	-2.99032
86.5068	5.62854	-2.98882
86.5069	5.62618	-2.98771
86.5072	5.62366	-2.98704
86.5074	5.62106	-2.98681
83.7661	4.78223	-2.85311
86.557	5.00819	-2.85311
86.556	5.02065	-2.85311
83.7651	4.79468	-2.85311
83.7661	4.78223	-2.71855
86.557	5.00819	-2.71855
86.556	5.02065	-2.71855
83.7651	4.79468	-2.71855
83.7416	5.08492	-3.00181
86.5325	5.31089	-3.00181
83.7416	5.08492	-2.86725
86.5325	5.31089	-2.86725
86.5315	5.32335	-2.86725
83.7406	5.09738	-2.86725
83.7651	4.79468	-2.83811
83.741	5.0924	-2.85311
83.741	5.0924	-2.86811
83.7408	5.095	-2.86788
83.7406	5.09751	-2.8672
83.7404	5.09987	-2.8661
83.7402	5.10201	-2.8646
83.7401	5.10385	-2.86275
83.74	5.10535	-2.86061
83.7399	5.10645	-2.85824
83.7398	5.10712	-2.85571
83.7398	5.10735	-2.85311
83.7398	5.10712	-2.8505
83.7399	5.10645	-2.84798
83.74	5.10535	-2.84561
83.7401	5.10385	-2.84346
83.7402	5.10201	-2.84162
83.7404	5.09987	-2.84012
83.7406	5.09751	-2.83901
83.7408	5.095	-2.83833
83.741	5.0924	-2.83811
86.556	5.02065	-2.83811
86.5319	5.31837	-2.85311
86.5319	5.31837	-2.86811
86.5317	5.32096	-2.86788
86.5315	5.32348	-2.8672
86.5313	5.32584	-2.8661
86.5311	5.32798	-2.8646
86.5309	5.32982	-2.86275
86.5308	5.33131	-2.86061
86.5307	5.33242	-2.85824
86.5307	5.33309	-2.85571
86.5307	5.33332	-2.85311
86.5307	5.33309	-2.8505
86.5307	5.33242	-2.84798
86.5308	5.33131	-2.84561
86.5309	5.32982	-2.84346
86.5311	5.32798	-2.84162
86.5313	5.32584	-2.84012
86.5315	5.32348	-2.83901
86.5317	5.32096	-2.83833
86.5319	5.31837	-2.83811

#	Triangle	242
3	4	7	0	4	3	59	104	107	102	104	59	109	154	157	152	154	109	159	204	207	202	204	159	359	404	407	402	404	359	409	454	457	452	454	409	459	504	507	502	504	459
0	5	4	1	5	0	8	31	30	9	31	8	10	33	32	11	33	10	152	155	154	153	155	152	160	183	182	161	183	160	202	205	204	203	205	202	258	281	280	259	281	258	308	331	330	309	331	308	410	433	432	411	433	410	452	455	454	453	455	452	460	483	482	461	483	460	502	505	504	503	505	502	566	554	587	555	554	566
1	6	5	2	6	1	53	56	55	31	56	53	103	106	105	81	106	103	353	356	355	331	356	353	403	406	405	381	406	403	553	558	557	554	558	553
2	7	6	3	7	2	31	57	56	9	57	31	281	307	306	259	307	281	331	357	356	309	357	331	554	559	558	555	559	554
3	1	0	2	1	3	9	32	31	10	32	9	9	53	52	31	53	9	59	82	81	60	82	59	59	103	102	81	103	59	109	132	131	110	132	109	109	153	152	131	153	109	159	182	181	160	182	159	159	203	202	181	203	159	209	232	231	210	232	209	209	253	252	231	253	209	259	282	281	260	282	259	259	303	302	281	303	259	309	332	331	310	332	309	309	353	352	331	353	309	359	382	381	360	382	359	359	403	402	381	403	359	409	432	431	410	432	409	409	453	452	431	453	409	459	482	481	460	482	459	459	503	502	481	503	459	509	532	531	510	532	509	555	553	552	554	553	555	509	561	560	531	561	509	555	588	554	567	588	555
4	6	7	5	6	4	29	30	51	8	30	29	54	56	57	55	56	54	79	80	101	58	80	79	104	106	107	105	106	104	129	130	151	108	130	129	154	156	157	155	156	154	179	180	201	158	180	179	204	206	207	205	206	204	229	230	251	208	230	229	254	256	257	255	256	254	279	280	301	258	280	279	304	306	307	305	306	304	329	330	351	308	330	329	354	356	357	355	356	354	379	380	401	358	380	379	404	406	407	405	406	404	429	430	451	408	430	429	454	456	457	455	456	454	479	480	501	458	480	479	504	506	507	505	506	504	529	530	551	508	530	529	556	558	559	557	558	556	562	564	565	563	564	562	586	587	607	566	587	586
11	34	33	12	34	11	61	84	83
12	35	34	13	35	12	62	85	84	63	85	62	162	185	184	212	235	234	262	285	284	263	285	262	313	335	312	363	385	362	462	485	484	569	591	590	570	591	569
13	36	35	14	36	13	63	86	85	114	136	113	164	186	163
14	37	36	15	37	14	64	87	86	65	87	64	115	137	114
15	38	37	16	38	15	65	88	87	66	88	65	115	138	137	116	138	115	515	538	537
16	39	38
17	39	16
17	40	39	18	40	17	317	340	339	367	390	389	368	390	367	417	440	439	418	440	417
18	41	40
19	41	18	68	91	90	69	91	68	518	541	540	575	597	596	576	597	575
19	42	41	69	92	91	120	142	119
20	42	19
20	43	42	70	93	92	121	143	120
21	43	20
21	44	43
22	44	21	71	94	93	72	94	71	271	294	293	322	344	321	372	394	371
22	45	44	23	45	22
23	46	45
24	46	23
24	47	46	25	47	24	74	97	96	75	97	74	124	147	146	125	147	124
25	48	47	26	48	25	75	98	97	76	98	75	126	148	125
26	49	48	27	49	26	76	99	98	127	149	126	177	199	176
27	50	49	28	50	27	77	100	99	78	100	77	177	200	199	277	300	299	278	300	277	328	350	327	378	400	377	477	500	499	584	606	605	585	606	584
28	51	50	29	51	28	78	101	100
28	8	29	78	58	79	128	108	129	178	158	179	228	208	229	278	258	279	328	308	329	378	358	379	428	408	429	478	458	479	585	566	586
28	9	8	78	59	58	128	109	108	178	159	158	228	209	208	278	259	258	528	509	508	585	555	566
27	9	28	77	59	78	277	259	278	584	555	585
26	9	27	126	109	127	176	159	177
25	9	26	75	59	76	125	109	126	175	159	176	325	309	326	375	359	376	425	409	426	475	459	476	525	509	526	582	555	583
24	9	25	74	59	75	124	109	125	174	159	175	224	209	225	274	259	275	374	359	375	424	409	425	474	459	475	581	555	582
23	9	24
22	9	23	372	359	373	422	409	423	472	459	473	522	509	523
21	9	22	71	59	72	321	309	322	371	359	372	578	555	579
20	10	21	19	10	20	70	60	71	69	60	70	120	110	121	119	110	120	170	160	171	169	160	170	220	210	221	219	210	220	270	260	271	269	260	270	320	310	321	319	310	320	370	360	371	369	360	370	420	410	421	419	410	420	470	460	471	469	460	470	520	510	521	519	510	520	577	567	578	576	567	577
10	9	21	110	109	121	160	159	171
19	11	10	119	111	110	169	161	160
18	11	19	68	61	69	118	111	119	168	161	169	218	211	219	268	261	269	318	311	319	368	361	369	418	411	419	468	461	469	518	511	519	575	568	576
17	11	18	67	61	68	117	111	118	167	161	168	217	211	218	267	261	268	317	311	318	367	361	368	417	411	418	467	461	468	517	511	518	574	568	575
16	11	17	66	61	67	116	111	117	166	161	167	216	211	217	266	261	267	316	311	317	366	361	367	416	411	417	466	461	467	516	511	517	573	568	574
15	11	16	65	61	66	115	111	116	165	161	166	215	211	216	265	261	266	315	311	316	365	361	366	415	411	416	465	461	466	515	511	516	572	568	573
14	11	15	64	61	65	114	111	115	164	161	165	214	211	215	264	261	265	314	311	315	364	361	365	414	411	415	464	461	465	514	511	515	571	568	572
13	11	14	63	61	64	113	111	114	163	161	164	213	211	214	263	261	264	313	311	314	363	361	364	413	411	414	463	461	464	513	511	514	570	568	571
12	11	13	62	61	63	112	111	113	162	161	163	212	211	213	262	261	263	312	311	313	362	361	363	412	411	413	462	461	463	512	511	513	569	568	570
31	51	30	81	101	80	131	151	130	181	201	180	231	251	230	281	301	280	554	607	587
31	50	51	81	100	101
31	49	50	81	99	100	181	199	200	281	299	300	554	605	606
31	48	49	81	98	99
31	47	48	81	97	98	181	197	198	231	247	248	331	347	348	381	397	398	481	497	498	531	547	548	554	603	604
31	46	47	81	96	97	131	146	147	181	196	197	231	246	247	281	296	297	381	396	397	431	446	447	481	496	497	531	546	547	554	602	603
31	45	46	481	495	496	531	545	546	554	601	602
31	44	45	331	344	345	381	394	395	431	444	445	481	494	495
31	43	44
31	32	43	81	82	93	131	132	143
32	42	43	82	92	93	132	142	143	182	192	193	232	242	243	282	292	293	332	342	343	382	392	393	432	442	443	482	492	493	532	542	543	588	598	599
33	42	32	83	92	82	183	192	182	233	242	232	283	292	282	333	342	332	433	442	432	483	492	482	589	598	588
33	41	42	83	91	92	133	141	142	183	191	192	233	241	242	283	291	292	333	341	342	383	391	392	433	441	442	483	491	492	533	541	542	589	597	598
33	40	41	83	90	91	133	140	141	183	190	191	233	240	241	283	290	291	333	340	341	383	390	391	433	440	441	483	490	491	533	540	541	589	596	597
33	39	40	83	89	90	133	139	140	183	189	190	233	239	240	283	289	290	333	339	340	383	389	390	433	439	440	483	489	490	533	539	540	589	595	596
33	38	39	83	88	89	133	138	139	183	188	189	233	238	239	283	288	289	333	338	339	383	388	389	433	438	439	483	488	489	533	538	539	589	594	595
33	37	38	83	87	88	133	137	138	183	187	188	233	237	238	283	287	288	333	337	338	383	387	388	433	437	438	483	487	488	533	537	538	589	593	594
33	36	37	83	86	87	133	136	137	183	186	187	233	236	237	283	286	287	333	336	337	383	386	387	433	436	437	483	486	487	533	536	537	589	592	593
33	35	36	83	85	86	133	135	136	183	185	186	233	235	236	283	285	286	333	335	336	383	385	386	433	435	436	483	485	486	533	535	536	589	591	592
33	34	35	83	84	85	133	134	135	183	184	185	233	234	235	283	284	285	333	334	335	383	384	385	433	434	435	483	484	485	533	534	535	589	590	591
9	54	57	52	54	9	309	354	357	352	354	309	555	556	559	552	556	555	509	562	565	560	562	509
52	55	54	53	55	52	58	81	80	59	81	58	60	83	82	61	83	60	102	105	104	103	105	102	108	131	130	109	131	108	110	133	132	111	133	110	158	181	180	159	181	158	208	231	230	209	231	208	210	233	232	211	233	210	252	255	254	253	255	252	260	283	282	261	283	260	302	305	304	303	305	302	310	333	332	311	333	310	352	355	354	353	355	352	358	381	380	359	381	358	360	383	382	361	383	360	402	405	404	403	405	402	408	431	430	409	431	408	458	481	480	459	481	458	508	531	530	509	531	508	510	533	532	511	533	510	552	557	556	553	557	552	560	563	562	561	563	560	567	589	588	568	589	567
62	84	61	111	134	133	112	134	111
64	86	63	113	136	135	163	186	185	213	236	235	214	236	213	570	592	591	571	592	570
66	89	88	67	89	66
67	90	89
68	90	67
70	92	69	119	142	141
71	93	70	120	143	142
72	95	94
73	95	72
73	96	95	74	96	73
77	99	76	126	149	148	176	199	198	583	605	604	584	605	583
79	101	78	128	151	150	129	151	128	228	251	250	278	301	300	279	301	278	328	351	350	329	351	328	378	401	400	379	401	378	429	451	428
76	59	77	583	555	584
73	59	74	273	259	274
72	59	73
60	59	71
69	61	60	219	211	210	269	261	260	576	568	567
81	95	96	181	195	196	231	245	246	281	295	296
81	94	95
81	93	94	231	243	244	281	293	294	531	543	544	554	599	600
81	107	106	59	107	81	131	157	156	109	157	131	181	207	206	159	207	181	231	257	256	209	257	231	381	407	406	359	407	381	431	457	456	409	457	431	481	507	506	459	507	481	531	565	564	509	565	531
112	135	134	113	135	112	163	185	162	213	235	212	312	335	334	362	385	384	412	435	434	413	435	412	463	485	462
114	137	136
116	139	138	117	139	116
117	140	139	118	140	117	167	190	189	168	190	167	218	240	217	268	290	267
118	141	140	119	141	118	468	491	490	469	491	468	519	541	518
121	144	143	122	144	121	272	294	271	321	344	343	371	394	393
122	145	144	123	145	122
123	146	145	124	146	123
125	148	147
127	150	149	128	150	127	178	200	177	327	350	349	377	400	399	427	450	449	428	450	427	478	500	477
127	109	128	177	159	178	227	209	228
123	109	124	173	159	174	223	209	224
122	109	123	172	159	173	222	209	223	272	259	273
121	109	122	171	159	172	221	209	222	271	259	272	421	409	422	471	459	472	521	509	522
131	150	151	181	200	201	281	300	301
131	149	150
131	148	149	181	198	199	554	604	605
131	147	148	431	447	448
131	145	146
131	144	145	181	194	195
131	143	144	181	193	194	331	343	344	381	393	394	431	443	444	481	493	494
133	142	132	383	392	382
153	156	155	131	156	153	203	206	205	181	206	203	453	456	455	431	456	453	503	506	505	481	506	503	561	564	563	531	564	561
161	184	183	162	184	161	211	234	233	261	284	283	262	284	261	311	334	333	312	334	311	361	384	383	362	384	361	412	434	411
164	187	186	165	187	164	214	237	236	314	337	336	315	337	314	364	387	386	365	387	364	415	437	414	464	487	486	465	487	464	514	537	536	515	537	514
165	188	187	166	188	165	215	238	237	216	238	215	265	288	287	266	288	265	365	388	387	366	388	365	415	438	437	416	438	415	465	488	487	466	488	465	572	594	593	573	594	572
166	189	188	216	239	238	317	339	316
167	189	166	217	239	216	316	339	338
168	191	190	169	191	168	219	241	218	269	291	268	318	341	340	368	391	390	418	441	440	419	441	418
169	192	191	170	192	169	219	242	241	220	242	219	269	292	291	270	292	269	519	542	541	520	542	519	576	598	597	577	598	576
170	193	192	171	193	170	220	243	242	221	243	220	270	293	292	271	293	270	520	543	542	521	543	520	577	599	598	578	599	577
171	194	193	172	194	171	222	244	221	421	444	443	422	444	421	471	494	493	472	494	471	522	544	521
172	195	194	173	195	172	223	245	222
173	196	195	223	246	245	273	296	295	274	296	273	324	346	323
174	196	173	224	246	223	323	346	345
174	197	196	175	197	174	224	247	246	225	247	224	274	297	296	275	297	274	374	397	396	375	397	374	424	447	446	425	447	424	474	497	496	475	497	474	524	547	546	581	603	602	582	603	581
175	198	197	176	198	175	325	348	347	326	348	325	375	398	397	376	398	375	426	448	425	475	498	497	476	498	475	525	548	547	526	548	525	582	604	603	583	604	582
178	201	200	179	201	178	478	501	500	479	501	478	585	607	606	586	607	585
181	182	193	231	232	243
212	234	211	411	434	433
215	237	214	414	437	436
217	240	239	267	290	289
218	241	240	268	291	290	319	341	318	369	391	368
221	244	243	521	544	543	578	600	599	579	600	578
222	245	244
225	248	247
226	248	225
226	249	248	227	249	226
227	250	249
228	250	227
229	251	228	428	451	450
226	209	227
225	209	226
210	209	221	260	259	271	567	555	578
231	250	251
231	249	250
231	248	249
231	244	245	281	294	295
