COMPONENT 735958=IfcFlowTerminal
#	TMesh	1000018=IfcFlowTerminal
-0.996647	-0.080726	0.000473625	0	0.0807251	-0.996645	-0.00172762	0	0.000611555	-0.00168374	0.999909	0	68.5377	60.1768	-0.307963	1

COMPONENTFINISH

COMPONENT 736028=IfcFlowTerminal
#	TMesh	1000086=IfcFlowTerminal
-0.996734	-0.0807834	0.000181567	0	0.0807834	-0.996734	-8.33353e-005	0	0.000187706	-6.83954e-005	1	0	68.533	60.1844	-0.711715	1

COMPONENTFINISH

COMPONENT 736098=IfcFlowTerminal
#	TMesh	1000018=IfcFlowTerminal
-0.996725	-0.0804296	0.000411163	0	-0.0804303	0.996722	-0.00213935	0	0.000237756	0.00216549	0.999962	0	87.2494	-129.074	-0.268289	1

COMPONENTFINISH

COMPONENT 736168=IfcFlowTerminal
#	TMesh	1000086=IfcFlowTerminal
-0.998897	0.0475409	0.000516055	0	0.0475411	0.998897	0.000360889	0	0.000498315	-0.000385014	1.00003	0	75.1013	-130.438	-0.75704	1

COMPONENTFINISH

COMPONENT 736238=IfcFlowTerminal
#	TMesh	1000018=IfcFlowTerminal
-0.99682	-0.0804971	0.00174312	0	-0.0804994	0.99682	-0.00131815	0	0.00163136	0.00145418	1.00006	0	90.6444	-128.807	-0.358533	1

COMPONENTFINISH

COMPONENT 736308=IfcFlowTerminal
#	TMesh	1000086=IfcFlowTerminal
-0.996674	-0.0823078	0.000453013	0	0.082308	-0.996674	0.000475195	0	0.000412366	0.000510867	1.00007	0	75.1648	60.7403	-0.76742	1

COMPONENTFINISH

COMPONENT 736378=IfcFlowTerminal
#	TMesh	1000018=IfcFlowTerminal
-0.996685	-0.0809498	0.000721525	0	-0.0809508	0.996684	-0.00153188	0	0.000595147	0.00158526	0.999965	0	94.076	-128.516	-0.328868	1

COMPONENTFINISH

COMPONENT 736448=IfcFlowTerminal
#	TMesh	1000086=IfcFlowTerminal
0.99889	-0.0481496	0.000189581	0	-0.0481497	-0.99889	0.000449912	0	-0.000167699	0.000458518	1.00005	0	72.8585	60.9159	-0.762599	1

COMPONENTFINISH

COMPONENT 736518=IfcFlowTerminal
#	TMesh	1000018=IfcFlowTerminal
-0.996766	-0.0807975	0.000815499	0	-0.0807988	0.996765	-0.00171716	0	0.000674094	0.00177744	1.00003	0	97.4511	-128.25	-0.312142	1

COMPONENTFINISH

COMPONENT 736588=IfcFlowTerminal
#	TMesh	1000086=IfcFlowTerminal
-0.996695	-0.0806576	0.00012873	0	0.0806576	-0.996695	0.00036782	0	9.86421e-005	0.000377005	0.999954	0	82.1004	61.2769	-0.75402	1

COMPONENTFINISH

COMPONENT 736658=IfcFlowTerminal
#	TMesh	1000018=IfcFlowTerminal
-0.996882	-0.0805316	0.00140223	0	-0.0805341	0.996881	-0.0018209	0	0.00125106	0.0019279	1.00013	0	100.815	-127.989	-0.307678	1

COMPONENTFINISH

COMPONENT 736728=IfcFlowTerminal
#	TMesh	1000086=IfcFlowTerminal
-0.996573	-0.0815944	0.000410967	0	0.0815946	-0.996573	0.000330657	0	0.000382614	0.00036309	0.999907	0	85.3985	61.5483	-0.752939	1

COMPONENTFINISH

COMPONENT 736798=IfcFlowTerminal
#	TMesh	1000018=IfcFlowTerminal
-0.996909	-0.0806668	0.00206236	0	-0.0806697	0.99691	-0.0013854	0	0.0019439	0.00154722	1.00017	0	104.217	-127.716	-0.355101	1

COMPONENTFINISH

COMPONENT 736868=IfcFlowTerminal
#	TMesh	1000086=IfcFlowTerminal
0.99648	0.082174	0.000732896	0	-0.082174	0.996481	2.00062e-005	0	-0.000728772	-8.01718e-005	0.999863	0	86.2832	-129.15	-0.726215	1

COMPONENTFINISH

COMPONENT 736938=IfcFlowTerminal
#	TMesh	1000018=IfcFlowTerminal
0.996895	0.0805782	0.00266859	0	0.0805831	-0.996897	-0.00178682	0	-0.00251596	-0.00199602	1.00015	0	74.1948	60.6601	-0.322425	1

COMPONENTFINISH

COMPONENT 737008=IfcFlowTerminal
#	TMesh	1000086=IfcFlowTerminal
-0.998821	0.0487192	9.78366e-005	0	0.0487192	0.998821	0.000233501	0	8.63445e-005	-0.00023799	1.00001	0	95.323	-128.794	-0.741093	1

COMPONENTFINISH

COMPONENT 737078=IfcFlowTerminal
#	TMesh	1000018=IfcFlowTerminal
0.996765	0.0806397	0.000267054	0	-0.080639	0.996763	-0.00184253	0	-0.000414762	0.00181499	1.00002	0	92.2123	-128.04	-0.295234	1

COMPONENTFINISH

COMPONENT 737148=IfcFlowTerminal
#	TMesh	1000086=IfcFlowTerminal
0.996704	0.081368	0.00038629	0	-0.0813681	0.996704	0.000372254	0	-0.00035472	-0.00040245	1.00002	0	92.2826	-128.039	-0.756926	1

COMPONENTFINISH

COMPONENT 737218=IfcFlowTerminal
#	TMesh	1000018=IfcFlowTerminal
0.996913	0.0798812	0.000108369	0	0.0798813	-0.996912	-0.00180793	0	3.6382e-005	-0.00181081	1.00011	0	81.8244	61.431	-0.297159	1

COMPONENTFINISH

COMPONENT 737288=IfcFlowTerminal
#	TMesh	1000086=IfcFlowTerminal
-0.998791	0.0498804	5.47214e-005	0	0.0498804	0.998791	0.000126676	0	4.83348e-005	-0.000129248	1.00004	0	102.778	-128.039	-0.688624	1

COMPONENTFINISH

COMPONENT 737358=IfcFlowTerminal
#	TMesh	1000018=IfcFlowTerminal
0.996675	0.080565	0.00013099	0	0.0805651	-0.996673	-0.00181654	0	1.57971e-005	-0.00182119	0.999924	0	48.2244	55.5246	-0.296409	1

COMPONENTFINISH

COMPONENT 737428=IfcFlowTerminal
#	TMesh	1000086=IfcFlowTerminal
0.996758	0.0812868	0.000754554	0	-0.0812868	0.996758	-4.8552e-005	0	-0.000756004	-1.29399e-005	1.00007	0	63.6134	-134.008	-0.72037	1

COMPONENTFINISH

COMPONENT 737498=IfcFlowTerminal
#	TMesh	1000018=IfcFlowTerminal
0.996706	0.0805059	0.000523571	0	-0.0805048	0.996704	-0.00197193	0	-0.00068063	0.00192338	0.99995	0	66.0302	-133.796	-0.28522	1

COMPONENTFINISH

COMPONENT 737568=IfcFlowTerminal
#	TMesh	1000086=IfcFlowTerminal
0.996678	0.0819243	9.01651e-005	0	-0.0819243	0.996678	0.000251548	0	-6.92551e-005	-0.000258088	1.00004	0	66.165	-133.804	-0.742811	1

COMPONENTFINISH

COMPONENT 737638=IfcFlowTerminal
#	TMesh	1000018=IfcFlowTerminal
0.996715	0.0808095	0.000877845	0	-0.0808075	0.996713	-0.00213368	0	-0.0010474	0.00205577	0.999983	0	69.4482	-133.525	-0.273075	1

COMPONENTFINISH

COMPONENT 737708=IfcFlowTerminal
#	TMesh	1000086=IfcFlowTerminal
0.998818	-0.047511	0.00013422	0	-0.047511	-0.998818	-0.000128699	0	-0.000140183	-0.000122177	0.999947	0	66.2628	57.3653	-0.706847	1

COMPONENTFINISH

COMPONENT 737778=IfcFlowTerminal
#	TMesh	1000018=IfcFlowTerminal
0.996718	0.0805406	-4.69197e-005	0	0.0805403	-0.996717	-0.00190568	0	0.000200257	-0.00189571	0.999965	0	57.4958	56.2801	-0.286352	1

COMPONENTFINISH

COMPONENT 737848=IfcFlowTerminal
#	TMesh	1000086=IfcFlowTerminal
0.99648	0.0826925	0.00085465	0	-0.0826923	0.99648	-0.000293093	0	-0.000875961	0.00022141	0.999905	0	73.0195	-133.244	-0.697652	1

COMPONENTFINISH

COMPONENT 737918=IfcFlowTerminal
#	TMesh	1000018=IfcFlowTerminal
-0.996769	-0.0803522	0.00086331	0	-0.0803535	0.996768	-0.00149901	0	0.000740068	0.00156353	1	0	94.2621	-131.519	-0.333308	1

COMPONENTFINISH

COMPONENT 737988=IfcFlowTerminal
#	TMesh	1000086=IfcFlowTerminal
-0.996508	-0.0821877	-5.68892e-005	0	0.0821877	-0.996507	0.000177159	0	-7.12585e-005	0.000171883	0.999891	0	78.8071	58.0086	-0.734062	1

COMPONENTFINISH

COMPONENT 738058=IfcFlowTerminal
#	TMesh	1000018=IfcFlowTerminal
-0.996827	-0.0810824	0.00160816	0	-0.0810851	0.996826	-0.00166152	0	0.00146816	0.00178643	1.00012	0	97.7204	-131.244	-0.324696	1

COMPONENTFINISH

COMPONENT 738128=IfcFlowTerminal
#	TMesh	1000086=IfcFlowTerminal
0.998756	-0.0490341	0.000317719	0	-0.0490342	-0.998756	0.000237225	0	-0.000305704	0.00025252	0.999959	0	76.5753	58.1961	-0.743333	1

COMPONENTFINISH

COMPONENT 738198=IfcFlowTerminal
#	TMesh	1000018=IfcFlowTerminal
0.996766	0.0806865	0.000482265	0	0.0806872	-0.996764	-0.0017881	0	-0.00033642	-0.00182119	1.00002	0	67.6486	57.107	-0.302364	1

COMPONENTFINISH

COMPONENT 738268=IfcFlowTerminal
#	TMesh	1000086=IfcFlowTerminal
-0.996687	-0.0813251	-3.88305e-005	0	0.0813252	-0.996687	-1.74177e-005	0	-3.72854e-005	-2.0518e-005	1	0	85.6684	58.5675	-0.715974	1

COMPONENTFINISH

COMPONENT 738338=IfcFlowTerminal
#	TMesh	1000018=IfcFlowTerminal
0.996814	0.0807467	-3.89918e-005	0	-0.0807466	0.996812	-0.0018127	0	-0.000107494	0.00180993	1.00008	0	86.3851	-132.161	-0.295342	1

COMPONENTFINISH

COMPONENT 738408=IfcFlowTerminal
#	TMesh	1000086=IfcFlowTerminal
-0.9988	0.0486973	1.07199e-005	0	0.0486973	0.9988	0.000141133	0	3.83432e-006	-0.000141487	0.999987	0	92.1784	-132.057	-0.731468	1

COMPONENTFINISH

COMPONENT 738478=IfcFlowTerminal
#	TMesh	1000018=IfcFlowTerminal
-0.996801	-0.0806196	0.000361415	0	-0.0806201	0.996799	-0.00187469	0	0.00020911	0.00189772	1.00005	0	107.744	-130.43	-0.293061	1

COMPONENTFINISH

COMPONENT 738548=IfcFlowTerminal
#	TMesh	1000086=IfcFlowTerminal
-0.998794	0.0479471	0.000806486	0	0.0479473	0.998795	0.000287048	0	0.000791795	-0.000325389	0.999944	0	95.5371	-131.783	-0.752625	1

COMPONENTFINISH

COMPONENT 738618=IfcFlowTerminal
#	TMesh	1000018=IfcFlowTerminal
0.996716	0.0812677	0.000393409	0	-0.081267	0.996714	-0.00158326	0	-0.000520773	0.00154605	1.00002	0	62.9559	-137.068	-0.321045	1

COMPONENTFINISH

COMPONENT 738688=IfcFlowTerminal
#	TMesh	1000086=IfcFlowTerminal
0.998749	-0.0494167	0.000194397	0	-0.0494167	-0.998749	0.000210759	0	-0.000183744	0.000220108	0.999971	0	59.9092	53.8358	-0.739723	1

COMPONENTFINISH

COMPONENT 738758=IfcFlowTerminal
#	TMesh	1000018=IfcFlowTerminal
0.996788	0.0804551	0.0010994	0	0.0804568	-0.996787	-0.00161154	0	-0.000966184	-0.00169477	1.00003	0	50.9687	52.748	-0.324774	1

COMPONENTFINISH

COMPONENT 738828=IfcFlowTerminal
#	TMesh	1000086=IfcFlowTerminal
-0.998818	0.0469437	0.000476904	0	0.0469439	0.998818	0.000459328	0	0.000454814	-0.000481211	0.99992	0	72.2532	-136.68	-0.765798	1

COMPONENTFINISH

COMPONENT 738898=IfcFlowTerminal
#	TMesh	1000018=IfcFlowTerminal
-0.996826	-0.0805195	0.00169927	0	-0.0805218	0.996826	-0.00132234	0	0.00158729	0.00145487	1.00007	0	87.7424	-135.062	-0.357745	1

COMPONENTFINISH

COMPONENT 738968=IfcFlowTerminal
#	TMesh	1000086=IfcFlowTerminal
0.998764	-0.0471819	7.8734e-005	0	-0.0471819	-0.998764	0.000114688	0	-7.32344e-005	0.000118276	0.999878	0	66.4742	54.3664	-0.729323	1

COMPONENTFINISH

COMPONENT 739038=IfcFlowTerminal
#	TMesh	1000018=IfcFlowTerminal
-0.996725	-0.0805798	0.000664298	0	-0.0805809	0.996723	-0.00186584	0	0.000511784	0.0019133	0.999975	0	91.1369	-134.778	-0.296601	1

COMPONENTFINISH

COMPONENT 739108=IfcFlowTerminal
#	TMesh	1000086=IfcFlowTerminal
0.996534	0.0820529	0.000626958	0	-0.0820529	0.996534	3.08053e-005	0	-0.000622315	-8.215e-005	0.999906	0	73.1999	-136.233	-0.726389	1

COMPONENTFINISH

COMPONENT 739178=IfcFlowTerminal
#	TMesh	1000018=IfcFlowTerminal
-0.996698	-0.0807213	0.00104647	0	-0.0807229	0.996698	-0.00150951	0	0.000921196	0.00158906	0.999961	0	94.5387	-134.499	-0.333936	1

COMPONENTFINISH

COMPONENT 739248=IfcFlowTerminal
#	TMesh	1000086=IfcFlowTerminal
0.998881	-0.0479711	0.000398273	0	-0.0479711	-0.998881	-3.08094e-005	0	-0.000399293	-1.16689e-005	1.00003	0	73.3267	54.9341	-0.718743	1

COMPONENTFINISH

COMPONENT 739318=IfcFlowTerminal
#	TMesh	1000018=IfcFlowTerminal
-0.996885	-0.080978	0.00336154	0	-0.0809822	0.99689	-0.00111629	0	0.00326013	0.0013848	1.00017	0	97.9518	-134.24	-0.392491	1

COMPONENTFINISH

COMPONENT 739388=IfcFlowTerminal
#	TMesh	1000086=IfcFlowTerminal
0.998895	-0.0491956	0.000157079	0	-0.0491956	-0.998894	7.95661e-005	0	-0.000152974	8.71964e-005	1.00011	0	76.8313	55.2209	-0.727221	1

COMPONENTFINISH

COMPONENT 739458=IfcFlowTerminal
#	TMesh	1000018=IfcFlowTerminal
-0.996892	-0.0803669	0.00195551	0	0.0803634	-0.996892	-0.00182858	0	0.00209612	-0.00166554	1.00012	0	86.002	55.5896	-0.311967	1

COMPONENTFINISH

COMPONENT 739528=IfcFlowTerminal
#	TMesh	1000086=IfcFlowTerminal
-0.996708	-0.0809829	0.000437722	0	0.0809828	-0.996708	-0.000153449	0	0.000448712	-0.000117496	0.999993	0	85.9423	55.5764	-0.707345	1

COMPONENTFINISH

COMPONENT 739598=IfcFlowTerminal
#	TMesh	1000018=IfcFlowTerminal
0.996807	0.0808199	0.00110406	0	0.0808215	-0.996807	-0.00148769	0	-0.00098022	-0.00157205	1.00008	0	71.2672	54.394	-0.336614	1

COMPONENTFINISH

COMPONENT 739668=IfcFlowTerminal
#	TMesh	1000086=IfcFlowTerminal
-0.996703	-0.0807195	0.000878321	0	0.0807197	-0.996704	0.000206755	0	0.000858765	0.000276981	0.999967	0	89.3552	55.8472	-0.74553	1

COMPONENTFINISH

COMPONENT 739738=IfcFlowTerminal
#	TMesh	1000018=IfcFlowTerminal
0.99682	0.0807261	0.0021586	0	0.0807289	-0.996821	-0.00120193	0	-0.00205453	-0.00137225	1.00008	0	74.6658	54.6706	-0.373359	1

COMPONENTFINISH

COMPONENT 739808=IfcFlowTerminal
#	TMesh	1000086=IfcFlowTerminal
-0.996784	-0.0802071	8.8365e-005	0	0.0802071	-0.996785	0.000109936	0	7.92627e-005	0.00011667	1.00001	0	92.7954	56.1253	-0.729251	1

COMPONENTFINISH

COMPONENT 739878=IfcFlowTerminal
#	TMesh	1000018=IfcFlowTerminal
-0.996809	-0.0803399	0.00059838	0	0.0803387	-0.996808	-0.00184596	0	0.000744744	-0.00179193	1.00004	0	97.9783	63.2035	-0.297934	1

COMPONENTFINISH

COMPONENT 739948=IfcFlowTerminal
#	TMesh	1000086=IfcFlowTerminal
-0.996814	-0.081087	0.00061674	0	0.0810872	-0.996814	0.000362264	0	0.000585338	0.000411076	1.00011	0	97.9065	63.2082	-0.758265	1

COMPONENTFINISH

COMPONENT 740018=IfcFlowTerminal
#	TMesh	1000018=IfcFlowTerminal
-0.996771	-0.0805837	-4.84728e-005	0	-0.0805834	0.996769	-0.00195718	0	-0.000206028	0.00194691	1.00002	0	110.514	-129.369	-0.281472	1

COMPONENTFINISH

COMPONENT 740088=IfcFlowTerminal
#	TMesh	1000086=IfcFlowTerminal
-0.996769	-0.080869	0.00064363	0	0.080869	-0.996769	-1.62714e-005	0	0.000642838	3.58293e-005	1.00004	0	95.1626	60.1698	-0.722379	1

COMPONENTFINISH

COMPONENT 740158=IfcFlowTerminal
#	TMesh	1000018=IfcFlowTerminal
0.996694	0.0812044	0.000896067	0	0.0812061	-0.996692	-0.00211575	0	-0.000721296	-0.00218153	0.999994	0	80.0422	58.9368	-0.274964	1

COMPONENTFINISH

COMPONENT 740228=IfcFlowTerminal
#	TMesh	1000086=IfcFlowTerminal
-0.996614	-0.0811954	0.00107729	0	0.0811958	-0.996615	0.000351988	0	0.00104515	0.000438304	0.999916	0	98.1194	60.3993	-0.761032	1

COMPONENTFINISH

COMPONENT 740298=IfcFlowTerminal
#	TMesh	1000018=IfcFlowTerminal
0.996185	0.0880169	0.00130394	0	0.0880175	-0.996185	-0.000411531	0	-0.00126266	-0.000524695	1.00007	0	84.0345	61.528	-0.464971	1

COMPONENTFINISH

COMPONENT 740368=IfcFlowTerminal
#	TMesh	1000086=IfcFlowTerminal
0.998046	-0.0679964	-4.70017e-005	0	-0.0679964	-0.998047	-0.000205058	0	3.29548e-005	-0.000207778	1.00036	0	98.8493	63.12	-0.698888	1

COMPONENTFINISH

COMPONENT 748175=IfcFlowSegment
#	Mesh	0	Begin

#	Vertex	72
-226.359	106.111	-4.54607
-226.359	106.107	-4.54717
-226.359	106.103	-4.54896
-226.359	106.099	-4.55139
-226.359	106.096	-4.55438
-226.359	106.094	-4.55785
-226.359	106.092	-4.56169
-226.359	106.091	-4.56578
-226.359	106.091	-4.57
-226.359	106.091	-4.57422
-226.359	106.092	-4.57831
-226.359	106.094	-4.58215
-226.359	106.096	-4.58562
-226.359	106.099	-4.58861
-226.359	106.103	-4.59104
-226.359	106.107	-4.59283
-226.359	106.111	-4.59393
-226.359	106.115	-4.5943
-226.359	106.119	-4.59393
-226.359	106.123	-4.59283
-226.359	106.127	-4.59104
-226.359	106.13	-4.58861
-226.359	106.133	-4.58562
-226.359	106.136	-4.58215
-226.359	106.138	-4.57831
-226.359	106.139	-4.57422
-226.359	106.139	-4.57
-226.359	106.139	-4.56578
-226.359	106.138	-4.56169
-226.359	106.136	-4.55785
-226.359	106.133	-4.55438
-226.359	106.13	-4.55139
-226.359	106.127	-4.54896
-226.359	106.123	-4.54717
-226.359	106.119	-4.54607
-226.359	106.115	-4.5457
-224.628	106.111	-4.54607
-224.628	106.107	-4.54717
-224.628	106.103	-4.54896
-224.628	106.099	-4.55139
-224.628	106.096	-4.55438
-224.628	106.094	-4.55785
-224.628	106.092	-4.56169
-224.628	106.091	-4.56578
-224.628	106.091	-4.57
-224.628	106.091	-4.57422
-224.628	106.092	-4.57831
-224.628	106.094	-4.58215
-224.628	106.096	-4.58562
-224.628	106.099	-4.58861
-224.628	106.103	-4.59104
-224.628	106.107	-4.59283
-224.628	106.111	-4.59393
-224.628	106.115	-4.5943
-224.628	106.119	-4.59393
-224.628	106.123	-4.59283
-224.628	106.127	-4.59104
-224.628	106.13	-4.58861
-224.628	106.133	-4.58562
-224.628	106.136	-4.58215
-224.628	106.138	-4.57831
-224.628	106.139	-4.57422
-224.628	106.139	-4.57
-224.628	106.139	-4.56578
-224.628	106.138	-4.56169
-224.628	106.136	-4.55785
-224.628	106.133	-4.55438
-224.628	106.13	-4.55139
-224.628	106.127	-4.54896
-224.628	106.123	-4.54717
-224.628	106.119	-4.54607
-224.628	106.115	-4.5457

#	Triangle	54
35	36	71	0	36	35
0	37	36	1	37	0
1	38	37	2	38	1
2	39	38	3	39	2
3	40	39	4	40	3
4	41	40	5	41	4
5	42	41	6	42	5
6	43	42	7	43	6
7	44	43	8	44	7
8	45	44	9	45	8
9	46	45	10	46	9
10	47	46	11	47	10
11	48	47	12	48	11
12	49	48	13	49	12
13	50	49	14	50	13
14	51	50	15	51	14
15	52	51	16	52	15
16	53	52	17	53	16
17	54	53	18	54	17
18	55	54	19	55	18
19	56	55	20	56	19
20	57	56	21	57	20
21	58	57	22	58	21
22	59	58	23	59	22
23	60	59	24	60	23
24	61	60	25	61	24
25	62	61	26	62	25
26	63	62	27	63	26
27	64	63	28	64	27
28	65	64	29	65	28
29	66	65	30	66	29
30	67	66	31	67	30
31	68	67	32	68	31
32	69	68	33	69	32
33	70	69	34	70	33
34	71	70	35	71	34
7	9	8	26	25	27
6	9	7	27	25	24
6	10	9	27	24	28
5	10	6	28	24	23
5	11	10	28	23	29
4	11	5	29	23	22
4	12	11	29	22	30
3	12	4	30	22	21
3	13	12	2	13	3	2	14	13	1	14	2	1	15	14	0	15	1	0	16	15	35	16	0	35	17	16	34	17	35	34	18	17	33	18	34	33	19	18	32	19	33	32	20	19	31	20	32	31	21	20	30	21	31
45	43	44	62	63	61
46	43	45	61	63	64
46	42	43	61	64	60
47	42	46	60	64	65
47	41	42	60	65	59
48	41	47	59	65	66
48	40	41	59	66	58
49	40	48	58	66	67
49	39	40	50	39	49	50	38	39	51	38	50	51	37	38	52	37	51	52	36	37	53	36	52	53	71	36	54	71	53	54	70	71	55	70	54	55	69	70	56	69	55	56	68	69	57	68	56	57	67	68	58	67	57

#	Normal	54
-0	-0.087167	0.996194
-0	-0.258659	0.965969
-0	-0.422873	0.906189
-0	-0.57371	0.819059
-0	-0.706531	0.707682
-0	-0.819134	0.573602
-0	-0.906401	0.422418
-0	-0.966074	0.258265
-0	-0.996074	0.0885195
0	-0.996074	-0.0885195
0	-0.966074	-0.258265
0	-0.906401	-0.422418
0	-0.819134	-0.573602
0	-0.706531	-0.707682
0	-0.57371	-0.819059
0	-0.422873	-0.906189
0	-0.258659	-0.965969
0	-0.087167	-0.996194
-0	0.087167	-0.996194
-0	0.258659	-0.965969
-0	0.422873	-0.906189
-0	0.57371	-0.819059
-0	0.706531	-0.707682
-0	0.819134	-0.573602
-0	0.906401	-0.422418
-0	0.966074	-0.258265
-0	0.996235	-0.0866893
-0	0.996235	0.0866893
-0	0.966074	0.258265
-0	0.906401	0.422418
-0	0.819134	0.573602
-0	0.706531	0.707682
-0	0.57371	0.819059
-0	0.422873	0.906189
-0	0.258659	0.965969
-0	0.087167	0.996194
-3.16479e-006	-0	-0
-9.23065e-006	-0	-0
-1.81804e-005	-0	-0
-2.97379e-005	-0	-0
-4.34739e-005	-0	-0
-5.90409e-005	-0	-0
-7.59016e-005	-0	-0
-9.37178e-005	-0	-0
-1	-0	-0
3.16479e-006	-0	-0
9.23065e-006	-0	-0
1.81804e-005	-0	-0
2.97379e-005	-0	-0
4.34739e-005	-0	-0
5.90409e-005	-0	-0
7.59016e-005	-0	-0
9.37178e-005	-0	-0
1	-0	-0

#	Mesh	0	End


COMPONENTFINISH

COMPONENT 767388=IfcFlowTerminal
#	TMesh	1000018=IfcFlowTerminal
-0.996645	-0.0805866	0.000612903	0	-0.0805877	0.996643	-0.00208346	0	0.000442992	0.00212608	0.999896	0	76.1165	-75.6905	-0.275384	1

COMPONENTFINISH

COMPONENT 767458=IfcFlowTerminal
#	TMesh	1000086=IfcFlowTerminal
-0.998746	0.0495878	0.000595843	0	0.049588	0.998746	0.000363758	0	0.000577071	-0.000392858	0.999976	0	63.7582	-77.0682	-0.757912	1

COMPONENTFINISH

COMPONENT 767528=IfcFlowTerminal
#	TMesh	1000018=IfcFlowTerminal
-0.996827	-0.0804307	0.00124462	0	0.0804283	-0.996826	-0.00185375	0	0.00138967	-0.00174764	1.00006	0	62.727	113.996	-0.303076	1

COMPONENTFINISH

COMPONENT 767598=IfcFlowTerminal
#	TMesh	1000086=IfcFlowTerminal
0.998843	-0.0486521	0.000308992	0	-0.0486522	-0.998843	0.000227208	0	-0.000297573	0.000241972	1.00003	0	56.9005	113.897	-0.742451	1

COMPONENTFINISH

COMPONENT 767668=IfcFlowTerminal
#	TMesh	1000018=IfcFlowTerminal
0.996627	0.080604	0.000373417	0	-0.0806034	0.996626	-0.0015523	0	-0.000497337	0.00151715	0.99988	0	64.8176	-76.6012	-0.323698	1

COMPONENTFINISH

COMPONENT 767738=IfcFlowTerminal
#	TMesh	1000086=IfcFlowTerminal
0.998856	-0.0497511	0.000134851	0	-0.0497512	-0.998856	0.000471684	0	-0.00011122	0.000477808	1.00009	0	61.8639	114.301	-0.764264	1

COMPONENTFINISH

COMPONENT 768998=IfcFlowTerminal
#	TMesh	1000018=IfcFlowTerminal
-0.996747	-0.0808011	0.00108597	0	0.0807988	-0.996746	-0.00202086	0	0.0012457	-0.00192651	1.00002	0	61.1202	109.55	-0.285706	1

COMPONENTFINISH

COMPONENT 769068=IfcFlowTerminal
#	TMesh	1000086=IfcFlowTerminal
0.99666	0.0810069	1.9832e-005	0	-0.0810069	0.99666	0.000344123	0	8.11098e-006	-0.000344598	0.999946	0	58.4247	-81.4409	-0.750757	1

COMPONENTFINISH

COMPONENT 769138=IfcFlowTerminal
#	TMesh	1000018=IfcFlowTerminal
0.996632	0.0805017	0.000677697	0	0.080503	-0.99663	-0.00209788	0	-0.000506592	-0.00214563	0.999875	0	44.9882	108.232	-0.274584	1

COMPONENTFINISH

COMPONENT 769208=IfcFlowTerminal
#	TMesh	1000086=IfcFlowTerminal
0.998751	-0.0497788	0.0008911	0	-0.0497792	-0.998751	0.000459712	0	-0.000867111	0.000503501	0.99999	0	57.3571	109.612	-0.769747	1

COMPONENTFINISH

COMPONENT 769278=IfcFlowTerminal
#	TMesh	1000018=IfcFlowTerminal
0.996801	0.0801572	0.00035832	0	0.0801577	-0.996799	-0.0018733	0	-0.000207011	-0.00189599	1.00002	0	49.8787	108.644	-0.293135	1

COMPONENTFINISH

COMPONENT 769348=IfcFlowTerminal
#	TMesh	1000086=IfcFlowTerminal
-0.998903	0.0490546	0.00055822	0	0.0490548	0.998903	0.000375335	0	0.000539138	-0.000402264	1.00011	0	70.9355	-80.8151	-0.758982	1

COMPONENTFINISH

COMPONENT 769418=IfcFlowTerminal
#	TMesh	1000018=IfcFlowTerminal
-0.99665	-0.0812424	0.000294652	0	-0.0812428	0.996647	-0.00209406	0	0.000123543	0.00211108	0.999953	0	86.6931	-79.1471	-0.271536	1

COMPONENTFINISH

COMPONENT 769488=IfcFlowTerminal
#	TMesh	1000086=IfcFlowTerminal
0.998846	-0.0485389	-6.5205e-005	0	-0.0485389	-0.998846	0.000200216	0	7.48462e-005	0.000196816	1.00002	0	65.4845	110.279	-0.736489	1

COMPONENTFINISH

COMPONENT 769558=IfcFlowTerminal
#	TMesh	1000018=IfcFlowTerminal
-0.996774	-0.0807369	0.00187257	0	0.0807336	-0.996775	-0.00179169	0	0.00201111	-0.00163467	1.00004	0	74.6815	110.65	-0.314664	1

COMPONENTFINISH

COMPONENT 769628=IfcFlowTerminal
#	TMesh	1000086=IfcFlowTerminal
-0.998794	0.0482754	-0.00016763	0	0.0482753	0.998794	0.000532057	0	-0.000193121	-0.000523344	0.99996	0	77.7881	-80.2481	-0.766953	1

COMPONENTFINISH

COMPONENT 769698=IfcFlowTerminal
#	TMesh	1000018=IfcFlowTerminal
-0.996829	-0.080624	0.00190213	0	0.0806206	-0.996829	-0.0017912	0	0.00204033	-0.00163203	1.00008	0	78.0816	110.929	-0.315013	1

COMPONENTFINISH

COMPONENT 769768=IfcFlowTerminal
#	TMesh	1000086=IfcFlowTerminal
0.996479	0.082902	0.000330776	0	-0.0829021	0.99648	0.000198103	0	-0.000313213	-0.000224845	0.999922	0	75.5517	-80.0683	-0.739636	1

COMPONENTFINISH

COMPONENT 769838=IfcFlowTerminal
#	TMesh	1000018=IfcFlowTerminal
0.996698	0.0806862	8.33711e-005	0	0.0806862	-0.996695	-0.00214253	0	8.97807e-005	-0.00214227	0.999956	0	63.3847	109.728	-0.26501	1

COMPONENTFINISH

COMPONENT 769908=IfcFlowTerminal
#	TMesh	1000086=IfcFlowTerminal
0.998764	-0.0479297	0.000226997	0	-0.0479297	-0.998764	0.000365227	0	-0.00020923	0.000375688	0.999913	0	75.5947	111.089	-0.75457	1

COMPONENTFINISH

COMPONENT 769978=IfcFlowTerminal
#	TMesh	1000018=IfcFlowTerminal
-0.99677	-0.0810157	0.00205309	0	0.0810113	-0.99677	-0.00211479	0	0.00221766	-0.00194152	1.00005	0	84.8216	111.476	-0.285595	1

COMPONENTFINISH

COMPONENT 770048=IfcFlowTerminal
#	TMesh	1000086=IfcFlowTerminal
0.996705	0.0803936	0.00067124	0	-0.0803937	0.996705	0.000149078	0	-0.000657082	-0.000202562	0.999942	0	82.0898	-79.5179	-0.738119	1

COMPONENTFINISH

COMPONENT 770118=IfcFlowTerminal
#	TMesh	1000018=IfcFlowTerminal
0.996748	0.0805679	-1.55403e-005	0	0.0805678	-0.996746	-0.00189999	0	0.000168568	-0.00189256	0.999997	0	70.1732	110.283	-0.287189	1

COMPONENTFINISH

COMPONENT 770188=IfcFlowTerminal
#	TMesh	1000086=IfcFlowTerminal
-0.996769	-0.0815449	8.337e-005	0	0.081545	-0.996769	0.000306561	0	5.80964e-005	0.000312338	1.0001	0	88.1616	111.753	-0.748115	1

COMPONENTFINISH

COMPONENT 770258=IfcFlowTerminal
#	TMesh	1000018=IfcFlowTerminal
0.996873	0.0809145	0.0017351	0	-0.0809115	0.996873	-0.00171237	0	-0.00186794	0.00156639	1.00015	0	88.9155	-78.9914	-0.321029	1

COMPONENTFINISH

COMPONENT 770328=IfcFlowTerminal
#	TMesh	1000086=IfcFlowTerminal
-0.998895	0.0488699	0.000200741	0	0.0488699	0.998895	0.000267013	0	0.000187453	-0.000276504	1.00009	0	94.676	-78.8908	-0.745398	1

COMPONENTFINISH

COMPONENT 770398=IfcFlowTerminal
#	TMesh	1000018=IfcFlowTerminal
-0.996709	-0.0806605	0.000106502	0	-0.0806606	0.996707	-0.00204878	0	-5.91071e-005	0.0020507	0.999965	0	110.361	-77.2359	-0.274125	1

COMPONENTFINISH

COMPONENT 770468=IfcFlowTerminal
#	TMesh	1000086=IfcFlowTerminal
0.998739	-0.0499052	0.000362743	0	-0.0499053	-0.998739	0.000288665	0	-0.000347885	0.000306408	0.999985	0	89.3386	112.203	-0.748688	1

COMPONENTFINISH

COMPONENT 770538=IfcFlowTerminal
#	TMesh	1000018=IfcFlowTerminal
-0.996822	-0.0812681	0.00313193	0	-0.0812743	0.996825	-0.00190084	0	0.00296711	0.00214905	1.00013	0	113.607	-76.9833	-0.315784	1

COMPONENTFINISH

COMPONENT 770608=IfcFlowTerminal
#	TMesh	1000018=IfcFlowTerminal
0.996732	0.0806749	0.0012093	0	0.0806771	-0.99673	-0.00192662	0	-0.00104993	-0.0020179	0.999989	0	43.3114	104.895	-0.295776	1

COMPONENTFINISH

COMPONENT 770678=IfcFlowTerminal
#	TMesh	1000086=IfcFlowTerminal
0.996568	0.0818143	5.7707e-005	0	-0.0818143	0.996568	0.000540494	0	-1.32899e-005	-0.000543404	0.999921	0	58.7608	-84.6286	-0.769713	1

COMPONENTFINISH

COMPONENT 770748=IfcFlowTerminal
#	TMesh	1000018=IfcFlowTerminal
0.996877	0.0803713	0.0010002	0	0.0803732	-0.996875	-0.00200865	0	-0.000835547	-0.00208254	1.00011	0	45.2571	105.067	-0.286166	1

COMPONENTFINISH

COMPONENT 770818=IfcFlowTerminal
#	TMesh	1000086=IfcFlowTerminal
-0.998853	0.0482226	0.000655685	0	0.0482228	0.998854	0.000304403	0	0.000640243	-0.000335668	1.00002	0	66.4128	-84.3863	-0.752911	1

COMPONENTFINISH

COMPONENT 770888=IfcFlowTerminal
#	TMesh	1000018=IfcFlowTerminal
-0.996617	-0.0807632	0.000115455	0	0.0807628	-0.996615	-0.00209445	0	0.000284251	-0.00207828	0.999882	0	68.1595	106.897	-0.269819	1

COMPONENTFINISH

COMPONENT 770958=IfcFlowTerminal
#	TMesh	1000086=IfcFlowTerminal
-0.996812	-0.0800524	3.75539e-005	0	0.0800524	-0.996812	0.000414113	0	4.28329e-006	0.00041579	1.00002	0	68.2291	106.906	-0.75774	1

COMPONENTFINISH

COMPONENT 771028=IfcFlowTerminal
#	TMesh	1000018=IfcFlowTerminal
-0.996634	-0.0809436	8.10991e-006	0	-0.0809435	0.996633	-0.00177117	0	-0.000135294	0.00176601	0.999914	0	86.9231	-82.3377	-0.299601	1

COMPONENTFINISH

COMPONENT 771098=IfcFlowTerminal
#	TMesh	1000086=IfcFlowTerminal
0.99703	0.0787222	0.000255582	0	-0.0787223	0.99703	0.000243468	0	-0.000235625	-0.00026283	1.00013	0	68.6298	-83.8214	-0.743754	1

COMPONENTFINISH

COMPONENT 771168=IfcFlowTerminal
#	TMesh	1000018=IfcFlowTerminal
-0.996756	-0.080656	0.000768154	0	-0.0806574	0.996754	-0.00192219	0	0.000610615	0.00197789	1.00001	0	90.2853	-82.0774	-0.292203	1

COMPONENTFINISH

COMPONENT 771238=IfcFlowTerminal
#	TMesh	1000086=IfcFlowTerminal
-0.998876	0.0499002	0.000360165	0	0.0499003	0.998876	0.000246485	0	0.000347419	-0.000264148	1.00012	0	77.8915	-83.4609	-0.744963	1

COMPONENTFINISH

COMPONENT 771308=IfcFlowTerminal
#	TMesh	1000018=IfcFlowTerminal
-0.996691	-0.0816107	0.000607182	0	0.0816093	-0.996689	-0.0020061	0	0.00076887	-0.00194986	1.00002	0	78.246	107.735	-0.282765	1

COMPONENTFINISH

COMPONENT 771378=IfcFlowTerminal
#	TMesh	1000086=IfcFlowTerminal
0.996823	0.079928	2.34018e-005	0	-0.079928	0.996823	0.000369235	0	6.18456e-006	-0.000369924	1.00002	0	75.5235	-83.2632	-0.753348	1

COMPONENTFINISH

COMPONENT 771448=IfcFlowTerminal
#	TMesh	1000018=IfcFlowTerminal
0.996773	0.0802865	0.000844273	0	-0.0802847	0.996771	-0.00196894	0	-0.000999625	0.0018948	0.999999	0	78.9477	-82.9896	-0.288438	1

COMPONENTFINISH

COMPONENT 771518=IfcFlowTerminal
#	TMesh	1000086=IfcFlowTerminal
0.998868	-0.0492737	0.000339302	0	-0.0492738	-0.998868	0.000323809	0	-0.000322936	0.000340133	1.00008	0	75.9802	107.921	-0.752037	1

COMPONENTFINISH

COMPONENT 771588=IfcFlowTerminal
#	TMesh	1000018=IfcFlowTerminal
-0.996761	-0.0808341	0.00154167	0	-0.0808372	0.99676	-0.00204802	0	0.00137107	0.00216593	1.00003	0	100.468	-81.2528	-0.287288	1

COMPONENTFINISH

COMPONENT 771658=IfcFlowTerminal
#	TMesh	1000086=IfcFlowTerminal
0.996848	0.0804016	6.19903e-005	0	-0.0804016	0.996848	0.000219977	0	-4.41046e-005	-0.000224249	1.00009	0	82.3462	-82.7211	-0.739664	1

COMPONENTFINISH

COMPONENT 771728=IfcFlowTerminal
#	TMesh	1000018=IfcFlowTerminal
-0.996755	-0.0804834	0.00153588	0	-0.0804866	0.996753	-0.00220273	0	0.00135361	0.0023192	0.999997	0	103.824	-80.9809	-0.2725	1

COMPONENTFINISH

COMPONENT 771798=IfcFlowTerminal
#	TMesh	1000086=IfcFlowTerminal
0.996727	0.0815944	0.000359553	0	-0.0815946	0.996727	0.000433369	0	-0.000322996	-0.00046126	1.00006	0	85.8503	-82.4452	-0.76259	1

COMPONENTFINISH

COMPONENT 771868=IfcFlowTerminal
#	TMesh	1000018=IfcFlowTerminal
-0.996766	-0.0809818	0.0016489	0	-0.080985	0.996765	-0.00201428	0	0.00148036	0.00214119	1.00005	0	107.26	-80.7027	-0.291478	1

COMPONENTFINISH

COMPONENT 771938=IfcFlowTerminal
#	TMesh	1000086=IfcFlowTerminal
-0.998907	0.0469615	0.000652208	0	0.0469617	0.998908	0.000315472	0	0.000636674	-0.000345752	1.00001	0	95.115	-82.0641	-0.753915	1

COMPONENTFINISH

COMPONENT 772008=IfcFlowTerminal
#	TMesh	1000018=IfcFlowTerminal
-0.996813	-0.0803517	0.00245343	0	-0.0803565	0.996814	-0.0019534	0	0.00228854	0.00214422	1.00004	0	110.589	-80.4386	-0.304566	1

COMPONENTFINISH

COMPONENT 772078=IfcFlowTerminal
#	TMesh	1000086=IfcFlowTerminal
-0.996565	-0.081472	2.28089e-005	0	0.081472	-0.996564	0.000511083	0	-1.89105e-005	0.000511242	0.999889	0	95.2031	109.092	-0.766526	1

COMPONENTFINISH

COMPONENT 772148=IfcFlowTerminal
#	TMesh	1000018=IfcFlowTerminal
0.996619	0.0809855	0.000559653	0	0.0809864	-0.996618	-0.00190599	0	-0.00040344	-0.00194506	0.999903	0	80.3609	107.885	-0.291776	1

COMPONENTFINISH

COMPONENT 772218=IfcFlowTerminal
#	TMesh	1000018=IfcFlowTerminal
-0.996776	-0.0807624	0.00115306	0	-0.0807646	0.996774	-0.0019525	0	0.000991612	0.00203925	1.00004	0	77.1272	-87.9595	-0.292844	1

COMPONENTFINISH

COMPONENT 772288=IfcFlowTerminal
#	TMesh	1000086=IfcFlowTerminal
0.998778	-0.0488945	0.000728421	0	-0.0488948	-0.998778	0.000319329	0	-0.000711936	0.000354564	0.999974	0	56.0001	101.479	-0.754893	1

COMPONENTFINISH

COMPONENT 772358=IfcFlowTerminal
#	TMesh	1000018=IfcFlowTerminal
-0.996765	-0.0803885	0.000403092	0	-0.0803892	0.996763	-0.00198076	0	0.000242556	0.00200676	1	0	79.0104	-87.8064	-0.283318	1

COMPONENTFINISH

COMPONENT 772428=IfcFlowTerminal
#	TMesh	1000086=IfcFlowTerminal
0.998801	-0.047662	5.75273e-005	0	-0.047662	-0.998801	0.000350925	0	-4.0735e-005	0.000353268	0.999937	0	57.7994	101.625	-0.751726	1

COMPONENTFINISH

COMPONENT 772498=IfcFlowTerminal
#	TMesh	1000018=IfcFlowTerminal
0.996752	0.0807233	0.000657882	0	0.0807245	-0.99675	-0.00205748	0	-0.00048965	-0.00210388	1.00001	0	50.3747	101.857	-0.278346	1

COMPONENTFINISH

COMPONENT 772568=IfcFlowTerminal
#	TMesh	1000086=IfcFlowTerminal
0.998756	-0.047961	0.000526547	0	-0.0479612	-0.998756	0.000284276	0	-0.000512306	0.000309205	0.999907	0	62.5921	103.212	-0.749573	1

COMPONENTFINISH

COMPONENT 772638=IfcFlowTerminal
#	TMesh	1000018=IfcFlowTerminal
0.996707	0.0808018	0.000459977	0	0.0808025	-0.996705	-0.0019339	0	-0.000302205	-0.00196475	0.999975	0	53.7564	102.126	-0.288269	1

COMPONENTFINISH

COMPONENT 772708=IfcFlowTerminal
#	TMesh	1000086=IfcFlowTerminal
0.99669	0.0812952	-4.87356e-005	0	-0.0812952	0.99669	0.000370094	0	7.86612e-005	-0.000364907	1	0	69.1675	-87.4004	-0.752729	1

COMPONENTFINISH

COMPONENT 772778=IfcFlowTerminal
#	TMesh	1000018=IfcFlowTerminal
0.996697	0.0808	0.000650702	0	0.0808011	-0.996695	-0.00202051	0	-0.00048531	-0.00206649	0.999964	0	57.1457	102.4	-0.281756	1

COMPONENTFINISH

COMPONENT 772848=IfcFlowTerminal
#	TMesh	1000086=IfcFlowTerminal
0.99676	0.0814523	0.000367676	0	-0.0814524	0.99676	0.000362892	0	-0.000336899	-0.000391632	1.00008	0	72.5717	-87.1338	-0.756014	1

COMPONENTFINISH

COMPONENT 772918=IfcFlowTerminal
#	TMesh	1000018=IfcFlowTerminal
0.996738	0.0804674	0.000162756	0	-0.080467	0.996736	-0.0020168	0	-0.000324518	0.00199716	0.999979	0	75.8666	-86.8508	-0.277696	1

COMPONENTFINISH

COMPONENT 772988=IfcFlowTerminal
#	TMesh	1000086=IfcFlowTerminal
-0.996782	-0.0813773	0.000115899	0	0.0813774	-0.996782	0.000289256	0	9.19783e-005	0.000297727	1.0001	0	78.5601	104.151	-0.746764	1

COMPONENTFINISH

COMPONENT 773058=IfcFlowTerminal
#	TMesh	1000018=IfcFlowTerminal
0.996835	0.0805505	0.0021217	0	0.0805548	-0.996835	-0.0020143	0	-0.00195256	-0.00217865	1.00008	0	63.9471	102.965	-0.29579	1

COMPONENTFINISH

COMPONENT 773128=IfcFlowTerminal
#	TMesh	1000086=IfcFlowTerminal
0.998883	-0.0482603	0.000300764	0	-0.0482604	-0.998883	0.00020473	0	-0.000290533	0.000219006	1.00005	0	76.1744	104.326	-0.740287	1

COMPONENTFINISH

COMPONENT 773198=IfcFlowTerminal
#	TMesh	1000018=IfcFlowTerminal
0.996615	0.0810334	7.05159e-005	0	-0.0810331	0.996613	-0.00194936	0	-0.000228262	0.00193723	0.999902	0	82.6992	-86.295	-0.283208	1

COMPONENTFINISH

COMPONENT 773268=IfcFlowTerminal
#	TMesh	1000086=IfcFlowTerminal
0.99878	-0.0490463	6.75115e-005	0	-0.0490463	-0.99878	0.000384979	0	-4.85482e-005	0.000387826	0.999984	0	79.6384	104.597	-0.75516	1

COMPONENTFINISH

COMPONENT 773338=IfcFlowTerminal
#	TMesh	1000018=IfcFlowTerminal
0.996636	0.0808724	0.000250877	0	0.0808727	-0.996634	-0.00199591	0	-8.86265e-005	-0.00200966	0.99991	0	70.6947	103.492	-0.280426	1

COMPONENTFINISH

COMPONENT 773408=IfcFlowTerminal
#	TMesh	1000086=IfcFlowTerminal
-0.99681	-0.0798777	-3.81656e-005	0	0.0798776	-0.99681	0.000282457	0	-6.06055e-005	0.000278505	1.00001	0	88.87	104.964	-0.744505	1

COMPONENTFINISH

COMPONENT 773478=IfcFlowTerminal
#	TMesh	1000018=IfcFlowTerminal
0.996664	0.0806263	0.000582218	0	-0.080625	0.996662	-0.00201004	0	-0.000742396	0.00195655	0.999918	0	89.4382	-85.7468	-0.282096	1

COMPONENTFINISH

COMPONENT 773548=IfcFlowTerminal
#	TMesh	1000086=IfcFlowTerminal
-0.996984	-0.0797503	0.00069009	0	0.0797505	-0.996984	0.00034588	0	0.000660314	0.000399804	1.00017	0	92.2708	105.254	-0.757513	1

COMPONENTFINISH

COMPONENT 773618=IfcFlowTerminal
#	TMesh	1000018=IfcFlowTerminal
0.996776	0.0812312	0.00132379	0	0.0812339	-0.996775	-0.0020809	0	-0.0011504	-0.00218155	1.00008	0	77.4378	104.051	-0.2822	1

COMPONENTFINISH

COMPONENT 773688=IfcFlowTerminal
#	TMesh	1000086=IfcFlowTerminal
-0.99877	0.050305	3.08891e-005	0	0.050305	0.99877	0.000360014	0	1.27402e-005	-0.000361112	1.00004	0	98.477	-85.3949	-0.752569	1

COMPONENTFINISH

COMPONENT 773758=IfcFlowTerminal
#	TMesh	1000018=IfcFlowTerminal
-0.996746	-0.080576	0.00103906	0	-0.0805778	0.996745	-0.00183331	0	0.00088796	0.00191107	0.999996	0	114.091	-83.7595	-0.303112	1

COMPONENTFINISH

COMPONENT 773828=IfcFlowTerminal
#	TMesh	1000018=IfcFlowTerminal
-0.996692	-0.0805675	0.000947875	0	0.0805654	-0.996691	-0.00207817	0	0.00111223	-0.00199504	0.999941	0	61.9819	99.1767	-0.278956	1

COMPONENTFINISH

COMPONENT 773898=IfcFlowTerminal
#	TMesh	1000086=IfcFlowTerminal
0.998845	-0.0505716	0.000670005	0	-0.0505719	-0.998846	0.000365409	0	-0.000650671	0.00039882	1.00012	0	56.3527	99.1067	-0.759084	1

COMPONENTFINISH

COMPONENT 773968=IfcFlowTerminal
#	TMesh	1000018=IfcFlowTerminal
0.996682	0.0809613	0.00117404	0	0.0809635	-0.99668	-0.00198499	0	-0.00100947	-0.00207353	0.999963	0	45.7844	97.8661	-0.289884	1

COMPONENTFINISH

COMPONENT 774038=IfcFlowTerminal
#	TMesh	1000086=IfcFlowTerminal
0.998755	-0.0495923	0.000562155	0	-0.0495925	-0.998755	0.000331855	0	-0.000545005	0.000359326	0.999985	0	58.1785	99.2447	-0.754597	1

COMPONENTFINISH

COMPONENT 774108=IfcFlowTerminal
#	TMesh	1000018=IfcFlowTerminal
0.996673	0.0810212	0.00101696	0	0.0810231	-0.996671	-0.00198569	0	-0.00085272	-0.00206156	0.999959	0	50.6381	98.2585	-0.288386	1

COMPONENTFINISH

COMPONENT 774178=IfcFlowTerminal
#	TMesh	1000086=IfcFlowTerminal
0.998766	-0.0489194	5.71734e-005	0	-0.0489194	-0.998766	0.0003896	0	-3.80453e-005	0.00039193	0.999964	0	62.9727	99.6334	-0.755458	1

COMPONENTFINISH

COMPONENT 774248=IfcFlowTerminal
#	TMesh	1000018=IfcFlowTerminal
0.996783	0.0809087	0.0024987	0	0.0809137	-0.996783	-0.00197936	0	-0.00233037	-0.00217503	1.00006	0	54.0378	98.5449	-0.302513	1

COMPONENTFINISH

COMPONENT 774318=IfcFlowTerminal
#	TMesh	1000086=IfcFlowTerminal
-0.998811	0.0488563	-9.71845e-005	0	0.0488563	0.998811	0.000379467	0	-0.000115608	-0.000374266	1.00001	0	75.1839	-90.896	-0.753196	1

COMPONENTFINISH

COMPONENT 774388=IfcFlowTerminal
#	TMesh	1000018=IfcFlowTerminal
0.996947	0.0804955	0.00415672	0	0.080504	-0.996953	-0.00191724	0	-0.00398893	-0.00224557	1.00019	0	57.4657	98.8394	-0.323567	1

COMPONENTFINISH

COMPONENT 774458=IfcFlowTerminal
#	TMesh	1000086=IfcFlowTerminal
0.996779	0.0812388	0.0005131	0	-0.0812389	0.996779	0.000306039	0	-0.000486544	-0.000346708	1.00008	0	72.8423	-90.722	-0.751927	1

COMPONENTFINISH

COMPONENT 774528=IfcFlowTerminal
#	TMesh	1000018=IfcFlowTerminal
0.996838	0.080442	0.00231586	0	0.0804467	-0.996839	-0.00197866	0	-0.0021492	-0.00215853	1.00008	0	60.8593	99.1035	-0.300935	1

COMPONENTFINISH

COMPONENT 774598=IfcFlowTerminal
#	TMesh	1000086=IfcFlowTerminal
0.996703	0.0815542	0.000510875	0	-0.0815543	0.996703	0.00030185	0	-0.000484557	-0.000342507	1.00003	0	76.2619	-90.4431	-0.751396	1

COMPONENTFINISH

COMPONENT 774668=IfcFlowTerminal
#	TMesh	1000018=IfcFlowTerminal
0.996707	0.0808494	0.000125727	0	0.0808495	-0.996705	-0.00204751	0	4.02285e-005	-0.00205098	0.999979	0	64.2091	99.3616	-0.27444	1

COMPONENTFINISH

COMPONENT 774738=IfcFlowTerminal
#	TMesh	1000086=IfcFlowTerminal
0.99885	-0.0484294	0.000305807	0	-0.0484295	-0.99885	0.000390985	0	-0.000286513	0.000405336	1.00002	0	76.4815	100.735	-0.757987	1

COMPONENTFINISH

COMPONENT 774808=IfcFlowTerminal
#	TMesh	1000018=IfcFlowTerminal
0.996743	0.0808356	0.00108292	0	-0.0808332	0.996741	-0.00206935	0	-0.00124665	0.00197504	1.00001	0	82.9708	-89.8937	-0.281074	1

COMPONENTFINISH

COMPONENT 774878=IfcFlowTerminal
#	TMesh	1000086=IfcFlowTerminal
0.998771	-0.0486988	0.000187509	0	-0.0486989	-0.998771	0.000326048	0	-0.000171408	0.000334793	0.999958	0	79.8964	101.005	-0.750589	1

COMPONENTFINISH

COMPONENT 774948=IfcFlowTerminal
#	TMesh	1000018=IfcFlowTerminal
0.996787	0.0805573	0.00119916	0	0.0805596	-0.996786	-0.00200924	0	-0.0010334	-0.00209931	1.00004	0	71.0147	99.9212	-0.287862	1

COMPONENTFINISH

COMPONENT 775018=IfcFlowTerminal
#	TMesh	1000086=IfcFlowTerminal
0.998755	-0.0484203	0.00015288	0	-0.0484203	-0.998755	0.000281339	0	-0.000139077	0.000288412	0.999928	0	83.2589	101.276	-0.745956	1

COMPONENTFINISH

COMPONENT 775088=IfcFlowTerminal
#	TMesh	1000018=IfcFlowTerminal
-0.996704	-0.0808223	0.000201021	0	0.0808217	-0.996703	-0.00198901	0	0.000361123	-0.00196626	0.999974	0	92.4584	101.651	-0.28068	1

COMPONENTFINISH

COMPONENT 775158=IfcFlowTerminal
#	TMesh	1000086=IfcFlowTerminal
0.998864	-0.0483823	2.24787e-005	0	-0.0483823	-0.998864	0.000320399	0	-6.95122e-006	0.000321112	1.00004	0	86.6429	101.56	-0.748732	1

COMPONENTFINISH

COMPONENT 775228=IfcFlowTerminal
#	TMesh	1000018=IfcFlowTerminal
0.996727	0.0806096	0.000814916	0	-0.0806079	0.996726	-0.0019876	0	-0.000972484	0.00191544	0.999979	0	93.1159	-89.0663	-0.286387	1

COMPONENTFINISH

COMPONENT 775298=IfcFlowTerminal
#	TMesh	1000086=IfcFlowTerminal
0.998906	-0.0480954	0.000498136	0	-0.0480956	-0.998906	0.000300217	0	-0.000483121	0.000323826	1.00006	0	90.0053	101.836	-0.751194	1

COMPONENTFINISH

COMPONENT 775368=IfcFlowTerminal
#	TMesh	1000018=IfcFlowTerminal
0.996647	0.0810502	0.000658392	0	0.0810514	-0.996645	-0.0020232	0	-0.000492233	-0.00206991	0.999935	0	80.936	100.711	-0.281548	1

COMPONENTFINISH

COMPONENT 775438=IfcFlowTerminal
#	TMesh	1000018=IfcFlowTerminal
-0.996705	-0.0807303	0.00172638	0	-0.0807336	0.996704	-0.00193527	0	0.00156451	0.00206833	0.999967	0	78.5049	-93.8625	-0.299626	1

COMPONENTFINISH

COMPONENT 775508=IfcFlowTerminal
#	TMesh	1000086=IfcFlowTerminal
0.996945	0.079986	-4.13523e-005	0	-0.0799859	0.996945	0.000404773	0	7.35911e-005	-0.000400169	1.00015	0	60.3526	-95.3402	-0.756428	1

COMPONENTFINISH

COMPONENT 775578=IfcFlowTerminal
#	TMesh	1000018=IfcFlowTerminal
-0.996815	-0.0804114	0.00127912	0	-0.0804138	0.996814	-0.00197388	0	0.00111626	0.00207034	1.00005	0	79.4971	-93.7931	-0.291963	1

COMPONENTFINISH

COMPONENT 775648=IfcFlowTerminal
#	TMesh	1000086=IfcFlowTerminal
0.998786	-0.0476222	-3.98928e-005	0	-0.0476222	-0.998786	0.000400813	0	5.89367e-005	0.000398458	0.999921	0	58.2802	95.6415	-0.755549	1

COMPONENTFINISH

COMPONENT 775718=IfcFlowTerminal
#	TMesh	1000018=IfcFlowTerminal
0.996733	0.0806601	0.000428867	0	0.0806607	-0.996731	-0.00195456	0	-0.000269812	-0.00198279	0.999989	0	50.9622	94.6791	-0.286036	1

COMPONENTFINISH

COMPONENT 775788=IfcFlowTerminal
#	TMesh	1000086=IfcFlowTerminal
