COMPONENT 1949303=IfcBuildingElementProxy
#	TMesh	1805529=IfcBuildingElementProxy
0.0807201	-0.996823	-6.22722e-006	0	0.996823	0.0807201	1.58061e-005	0	-1.52519e-005	-7.48263e-006	1.00009	0	16.592	-226.541	-9.3222	1

COMPONENTFINISH

COMPONENT 1949349=IfcBuildingElementProxy
#	TMesh	1798309=IfcBuildingElementProxy
0.0806603	-0.996775	2.88958e-005	0	0.996775	0.0806603	-6.66315e-006	0	4.31063e-006	2.93391e-005	1.00003	0	18.6901	-252.545	-9.31802	1

COMPONENTFINISH

COMPONENT 1949395=IfcBuildingElementProxy
#	TMesh	1805529=IfcBuildingElementProxy
0.0806906	-0.996831	-6.48448e-006	0	0.996831	0.0806906	-7.58437e-006	0	8.0828e-006	-5.85142e-006	1.00009	0	16.9695	-231.276	-9.32994	1

COMPONENTFINISH

COMPONENT 1949441=IfcBuildingElementProxy
#	TMesh	1798309=IfcBuildingElementProxy
0.080674	-0.996791	2.59143e-005	0	0.996791	0.080674	-1.51494e-005	0	1.30096e-005	2.70516e-005	1.00005	0	7.16401	-248.325	-9.31272	1

COMPONENTFINISH

COMPONENT 1949487=IfcBuildingElementProxy
#	TMesh	1805529=IfcBuildingElementProxy
0.0807056	-0.99683	-5.86332e-006	0	0.99683	0.0807056	2.127e-006	0	-1.64696e-006	-6.01579e-006	1.00009	0	5.0522	-222.317	-9.31578	1

COMPONENTFINISH

COMPONENT 1949533=IfcBuildingElementProxy
#	TMesh	1798309=IfcBuildingElementProxy
0.0806567	-0.996757	3.44285e-005	0	0.996757	0.0806567	-4.33763e-006	0	1.54646e-006	3.46653e-005	1.00001	0	6.78017	-243.579	-9.3022	1

COMPONENTFINISH

COMPONENT 1949579=IfcBuildingElementProxy
#	TMesh	1805529=IfcBuildingElementProxy
0.0807002	-0.996826	-4.72145e-006	0	0.996826	0.0807002	-3.1972e-006	0	3.56775e-006	-4.44802e-006	1.00009	0	4.66808	-217.578	-9.30507	1

COMPONENTFINISH

COMPONENT 1949625=IfcBuildingElementProxy
#	TMesh	1798309=IfcBuildingElementProxy
0.0806795	-0.996786	2.14757e-005	0	0.996786	0.0806795	-1.22134e-005	0	1.04411e-005	2.23916e-005	1.00005	0	6.39854	-238.85	-9.29397	1

COMPONENTFINISH

COMPONENT 1949671=IfcBuildingElementProxy
#	TMesh	1805529=IfcBuildingElementProxy
0.0807117	-0.99683	-9.11492e-006	0	0.99683	0.0807117	8.64308e-006	0	-7.87931e-006	-9.78269e-006	1.00009	0	4.28607	-212.843	-9.297	1

COMPONENTFINISH

COMPONENT 1949717=IfcBuildingElementProxy
#	TMesh	1798309=IfcBuildingElementProxy
0.0806582	-0.996794	2.97135e-005	0	0.996794	0.0806582	-1.73785e-005	0	1.49258e-005	3.1018e-005	1.00005	0	6.00969	-234.112	-9.28168	1

COMPONENTFINISH

COMPONENT 1949763=IfcBuildingElementProxy
#	TMesh	1805529=IfcBuildingElementProxy
0.0807051	-0.996831	-6.00716e-006	0	0.996831	0.0807051	1.74108e-006	0	-1.25062e-006	-6.12804e-006	1.00009	0	3.90137	-208.105	-9.28576	1

COMPONENTFINISH

COMPONENT 1949809=IfcBuildingElementProxy
#	TMesh	1798309=IfcBuildingElementProxy
0.0806734	-0.996776	2.40813e-005	0	0.996776	0.0806734	-1.23335e-005	0	1.03503e-005	2.49979e-005	1.00004	0	5.63107	-229.373	-9.27346	1

COMPONENTFINISH

COMPONENT 1949855=IfcBuildingElementProxy
#	TMesh	1805529=IfcBuildingElementProxy
0.0806926	-0.996835	-5.87751e-006	0	0.996835	0.0806926	-8.35612e-006	0	8.80306e-006	-5.18413e-006	1.0001	0	3.51521	-203.367	-9.27474	1

COMPONENTFINISH

COMPONENT 1949901=IfcBuildingElementProxy
#	TMesh	1798309=IfcBuildingElementProxy
0.0806602	-0.996788	2.66617e-005	0	0.996788	0.0806602	-1.65696e-005	0	1.43657e-005	2.79102e-005	1.00005	0	5.24362	-224.636	-9.26245	1

COMPONENTFINISH

COMPONENT 1949947=IfcBuildingElementProxy
#	TMesh	1805529=IfcBuildingElementProxy
0.0807088	-0.99683	-7.59483e-006	0	0.99683	0.0807088	5.32207e-006	0	-4.69186e-006	-7.99952e-006	1.00009	0	3.13498	-198.63	-9.2664	1

COMPONENTFINISH

COMPONENT 1949993=IfcBuildingElementProxy
#	TMesh	1798309=IfcBuildingElementProxy
0.0806768	-0.996806	1.76551e-005	0	0.996806	0.0806767	-2.49972e-005	0	2.34907e-005	1.96146e-005	1.00007	0	4.86169	-219.905	-9.2534	1

COMPONENTFINISH

COMPONENT 1950039=IfcBuildingElementProxy
#	TMesh	1805529=IfcBuildingElementProxy
0.0806998	-0.996834	-6.85288e-006	0	0.996834	0.0806998	-2.49787e-006	0	3.04272e-006	-6.62895e-006	1.0001	0	2.7495	-193.893	-9.25549	1

COMPONENTFINISH

COMPONENT 1950085=IfcBuildingElementProxy
#	TMesh	1798309=IfcBuildingElementProxy
0.0806586	-0.996771	2.46726e-005	0	0.996771	0.0806586	-6.15092e-006	0	4.14019e-006	2.50879e-005	1.00003	0	4.47792	-215.158	-9.244	1

COMPONENTFINISH

COMPONENT 1950131=IfcBuildingElementProxy
#	TMesh	1805529=IfcBuildingElementProxy
0.0807251	-0.996828	-8.82926e-006	0	0.996828	0.0807251	1.92471e-005	0	-1.84717e-005	-1.03541e-005	1.00009	0	2.37093	-189.157	-9.24798	1

COMPONENTFINISH

COMPONENT 1950177=IfcBuildingElementProxy
#	TMesh	1798309=IfcBuildingElementProxy
0.0806764	-0.996775	2.25963e-005	0	0.996775	0.0806764	-8.40798e-006	0	6.55651e-006	2.32004e-005	1.00003	0	4.09768	-210.423	-9.23419	1

COMPONENTFINISH

COMPONENT 1950223=IfcBuildingElementProxy
#	TMesh	1805529=IfcBuildingElementProxy
0.080708	-0.99683	-7.75516e-006	0	0.99683	0.080708	5.5001e-006	0	-4.85635e-006	-8.17373e-006	1.00009	0	1.98414	-184.418	-9.23644	1

COMPONENTFINISH

COMPONENT 1950269=IfcBuildingElementProxy
#	TMesh	1798309=IfcBuildingElementProxy
0.0806579	-0.996792	2.26591e-005	0	0.996792	0.0806579	-1.56304e-005	0	1.37524e-005	2.38465e-005	1.00005	0	3.7085	-205.688	-9.22336	1

COMPONENTFINISH

COMPONENT 1950315=IfcBuildingElementProxy
#	TMesh	1805529=IfcBuildingElementProxy
0.0807002	-0.996838	-9.88182e-006	0	0.996838	0.0807002	-2.9075e-006	0	3.69537e-006	-9.61498e-006	1.0001	0	1.59855	-179.682	-9.22598	1

COMPONENTFINISH

COMPONENT 1950361=IfcBuildingElementProxy
#	TMesh	1798309=IfcBuildingElementProxy
0.0806703	-0.996773	2.30018e-005	0	0.996773	0.0806703	-9.66433e-006	0	7.77701e-006	2.37061e-005	1.00003	0	3.32948	-200.948	-9.21397	1

COMPONENTFINISH

COMPONENT 1950407=IfcBuildingElementProxy
#	TMesh	1805529=IfcBuildingElementProxy
0.0807199	-0.996827	-1.15044e-005	0	0.996827	0.0807199	1.52297e-005	0	-1.42515e-005	-1.2696e-005	1.00009	0	1.21943	-174.944	-9.21809	1

COMPONENTFINISH

COMPONENT 1950453=IfcBuildingElementProxy
#	TMesh	1798309=IfcBuildingElementProxy
0.0806665	-0.996793	2.62595e-005	0	0.996793	0.0806665	-1.92234e-005	0	1.70437e-005	2.77246e-005	1.00005	0	2.9481	-196.214	-9.20224	1

COMPONENTFINISH

COMPONENT 1950499=IfcBuildingElementProxy
#	TMesh	1805529=IfcBuildingElementProxy
0.080708	-0.996836	-1.0839e-005	0	0.996836	0.0807079	3.19132e-006	0	-2.30619e-006	-1.10612e-005	1.0001	0	0.837982	-170.207	-9.20676	1

COMPONENTFINISH

COMPONENT 1950545=IfcBuildingElementProxy
#	TMesh	1798309=IfcBuildingElementProxy
0.0806609	-0.996789	3.06085e-005	0	0.996789	0.0806609	-1.15205e-005	0	9.01474e-006	3.14377e-005	1.00005	0	2.56384	-191.475	-9.19209	1

COMPONENTFINISH

COMPONENT 1950591=IfcBuildingElementProxy
#	TMesh	1805529=IfcBuildingElementProxy
0.0806968	-0.996843	-1.19243e-005	0	0.996843	0.0806968	-2.06317e-007	0	1.16776e-006	-1.18688e-005	1.0001	0	0.451706	-165.47	-9.19659	1

COMPONENTFINISH

COMPONENT 1950637=IfcBuildingElementProxy
#	TMesh	1798309=IfcBuildingElementProxy
0.0775971	-0.997021	1.34172e-005	0	0.997021	0.0775971	-6.0373e-006	0	4.97978e-006	1.38451e-005	1.00004	0	1.51413	-186.49	-9.18636	1

COMPONENTFINISH

COMPONENT 1950683=IfcBuildingElementProxy
#	TMesh	1805529=IfcBuildingElementProxy
0.077624	-0.997074	-1.44451e-005	0	0.997074	0.077624	1.52666e-005	0	-1.40994e-005	-1.55865e-005	1.00009	0	-0.522919	-160.478	-9.18861	1

COMPONENTFINISH

COMPONENT 1950729=IfcBuildingElementProxy
#	TMesh	1798309=IfcBuildingElementProxy
0.0775804	-0.997027	1.88929e-005	0	0.997027	0.0775804	-1.40881e-005	0	1.25803e-005	1.99281e-005	1.00004	0	1.1381	-181.751	-9.17438	1

COMPONENTFINISH

COMPONENT 1950775=IfcBuildingElementProxy
#	TMesh	1805529=IfcBuildingElementProxy
0.0776177	-0.997074	-1.30783e-005	0	0.997074	0.0776177	2.58966e-007	0	7.56845e-007	-1.3059e-005	1.00009	0	-0.892677	-155.739	-9.17692	1

COMPONENTFINISH

COMPONENT 1950821=IfcBuildingElementProxy
#	TMesh	1798309=IfcBuildingElementProxy
0.0806593	-0.996772	1.8341e-005	0	0.996772	0.0806593	-1.34031e-005	0	1.18795e-005	1.93622e-005	1.00003	0	1.43705	-177.257	-9.16462	1

COMPONENTFINISH

COMPONENT 1950867=IfcBuildingElementProxy
#	TMesh	1805529=IfcBuildingElementProxy
0.080693	-0.996842	-1.27043e-005	0	0.996842	0.080693	-4.62562e-006	0	5.63558e-006	-1.22897e-005	1.0001	0	-0.679924	-151.256	-9.16631	1

COMPONENTFINISH

COMPONENT 1950913=IfcBuildingElementProxy
#	TMesh	1798309=IfcBuildingElementProxy
0.0806918	-0.996774	9.66363e-006	0	0.996774	0.0806918	-1.65924e-005	0	1.5758e-005	1.09705e-005	1.00004	0	1.05719	-172.524	-9.15614	1

COMPONENTFINISH

COMPONENT 1950959=IfcBuildingElementProxy
#	TMesh	1805529=IfcBuildingElementProxy
0.0807189	-0.996827	-1.19319e-005	0	0.996827	0.0807189	7.59884e-006	0	-6.61108e-006	-1.25062e-005	1.00009	0	-1.05737	-146.518	-9.15742	1

COMPONENTFINISH

COMPONENT 1951005=IfcBuildingElementProxy
#	TMesh	1798309=IfcBuildingElementProxy
0.0806496	-0.996773	2.38922e-005	0	0.996773	0.0806496	-1.28043e-005	0	1.0835e-005	2.48474e-005	1.00003	0	0.679222	-167.781	-9.1435	1

COMPONENTFINISH

COMPONENT 1951051=IfcBuildingElementProxy
#	TMesh	1805529=IfcBuildingElementProxy
0.0647135	-0.997996	-1.1722e-005	0	0.997996	0.0647135	1.05891e-005	0	-9.80834e-006	-1.23826e-005	1.00009	0	-4.52519	-140.448	-9.14766	1

COMPONENTFINISH

COMPONENT 1951097=IfcBuildingElementProxy
#	TMesh	1798309=IfcBuildingElementProxy
0.064647	-0.997968	4.84606e-005	0	0.997968	0.064647	-1.91424e-005	0	1.59708e-005	4.95971e-005	1.00006	0	-3.13705	-161.742	-9.12748	1

COMPONENTFINISH

COMPONENT 1951143=IfcBuildingElementProxy
#	TMesh	1805529=IfcBuildingElementProxy
0.0647167	-0.998	-1.01194e-005	0	0.998	0.0647167	1.06589e-005	0	-9.98174e-006	-1.0788e-005	1.0001	0	-4.82285	-135.706	-9.13735	1

COMPONENTFINISH

COMPONENT 1951189=IfcBuildingElementProxy
#	TMesh	1798309=IfcBuildingElementProxy
0.0646783	-0.99797	2.32285e-005	0	0.99797	0.0646783	-2.40849e-005	0	2.25329e-005	2.47373e-005	1.00006	0	-3.4381	-157.003	-9.12234	1

COMPONENTFINISH

COMPONENT 1951235=IfcBuildingElementProxy
#	TMesh	1805529=IfcBuildingElementProxy
0.0647207	-0.997993	-9.28163e-006	0	0.997993	0.0647207	1.24461e-005	0	-1.18193e-005	-1.00675e-005	1.00009	0	-5.12894	-130.962	-9.12741	1

COMPONENTFINISH

COMPONENT 1951281=IfcBuildingElementProxy
#	TMesh	1798309=IfcBuildingElementProxy
0.0646745	-0.997936	2.77814e-005	0	0.997936	0.0646745	-3.75696e-006	0	1.95345e-006	2.79663e-005	1.00003	0	-3.743	-152.253	-9.11356	1

COMPONENTFINISH

COMPONENT 1951327=IfcBuildingElementProxy
#	TMesh	1805529=IfcBuildingElementProxy
0.0647027	-0.997996	-1.19169e-005	0	0.997996	0.0647027	-7.29342e-007	0	1.49882e-006	-1.18447e-005	1.00009	0	-5.43987	-126.218	-9.1166	1

COMPONENTFINISH

COMPONENT 1951373=IfcBuildingElementProxy
#	TMesh	1798309=IfcBuildingElementProxy
0.0646733	-0.997943	2.76643e-005	0	0.997943	0.0646733	-1.20788e-005	0	1.0265e-005	2.83874e-005	1.00004	0	-4.05148	-147.511	-9.10273	1

COMPONENTFINISH

COMPONENT 1951419=IfcBuildingElementProxy
#	TMesh	1805529=IfcBuildingElementProxy
0.0647134	-0.998006	-1.11007e-005	0	0.998006	0.0647134	1.06613e-005	0	-9.92074e-006	-1.17673e-005	1.0001	0	-5.74651	-121.478	-9.10751	1

COMPONENTFINISH

COMPONENT 1951465=IfcBuildingElementProxy
#	TMesh	1798309=IfcBuildingElementProxy
0.0646825	-0.997947	2.21711e-005	0	0.997947	0.0646825	-1.35098e-005	0	1.20476e-005	2.29984e-005	1.00004	0	-4.35742	-142.77	-9.09375	1

COMPONENTFINISH

COMPONENT 1951511=IfcBuildingElementProxy
#	TMesh	1805529=IfcBuildingElementProxy
0.045094	-0.999074	-8.39645e-006	0	0.999074	0.045094	9.28255e-006	0	-8.89457e-006	-8.80642e-006	1.00009	0	-9.8278	-115.035	-9.09693	1

COMPONENTFINISH

COMPONENT 1951557=IfcBuildingElementProxy
#	TMesh	1798309=IfcBuildingElementProxy
0.0450314	-0.999038	3.48419e-005	0	0.999038	0.0450315	-1.30394e-005	0	1.14576e-005	3.53932e-005	1.00005	0	-8.86651	-136.352	-9.08102	1

COMPONENTFINISH

COMPONENT 1951603=IfcBuildingElementProxy
#	TMesh	1805529=IfcBuildingElementProxy
0.0450972	-0.999074	-1.43753e-005	0	0.999074	0.0450972	1.61592e-005	0	-1.54946e-005	-1.50892e-005	1.00009	0	-10.0334	-110.288	-9.08868	1

COMPONENTFINISH

COMPONENT 1951649=IfcBuildingElementProxy
#	TMesh	1798309=IfcBuildingElementProxy
0.0450314	-0.999046	4.57361e-005	0	0.999046	0.0450314	-1.23936e-005	0	1.03218e-005	4.62486e-005	1.00006	0	-9.07195	-131.606	-9.06872	1

COMPONENTFINISH

COMPONENT 1951695=IfcBuildingElementProxy
#	TMesh	1805529=IfcBuildingElementProxy
0.0450862	-0.999058	-1.35556e-005	0	0.999058	0.0450862	7.39383e-006	0	-6.7752e-006	-1.38751e-005	1.00007	0	-10.2383	-105.535	-9.07777	1

COMPONENTFINISH

COMPONENT 1951741=IfcBuildingElementProxy
#	TMesh	1798309=IfcBuildingElementProxy
0.0450132	-0.999018	4.55694e-005	0	0.999018	0.0450132	-8.62963e-006	0	6.57002e-006	4.5912e-005	1.00003	0	-9.27905	-126.85	-9.05929	1

COMPONENTFINISH

COMPONENT 1951787=IfcBuildingElementProxy
#	TMesh	1805529=IfcBuildingElementProxy
0.0451036	-0.999077	-1.5256e-005	0	0.999077	0.0451036	1.20851e-005	0	-1.13847e-005	-1.57855e-005	1.0001	0	-10.4512	-100.792	-9.06843	1

COMPONENTFINISH

COMPONENT 1951833=IfcBuildingElementProxy
#	TMesh	1798309=IfcBuildingElementProxy
0.0450155	-0.999046	5.52384e-005	0	0.999046	0.0450155	-2.30595e-005	0	2.05515e-005	5.62205e-005	1.00006	0	-9.49947	-122.121	-9.04566	1

COMPONENTFINISH

COMPONENT 1951879=IfcBuildingElementProxy
#	TMesh	1805529=IfcBuildingElementProxy
0.0451081	-0.999051	-9.9274e-006	0	0.999051	0.0451081	2.65714e-005	0	-2.60966e-005	-1.11157e-005	1.00007	0	-10.6659	-96.0521	-9.059	1

COMPONENTFINISH

COMPONENT 1951925=IfcBuildingElementProxy
#	TMesh	1798309=IfcBuildingElementProxy
0.0806606	-0.996766	4.11809e-005	0	0.996766	0.0806606	-2.70084e-008	0	-3.29455e-006	4.10494e-005	1.00002	0	7.54736	-253.058	-9.32111	1

COMPONENTFINISH

COMPONENT 1951971=IfcBuildingElementProxy
#	TMesh	1805529=IfcBuildingElementProxy
0.0807056	-0.996837	-1.02721e-005	0	0.996837	0.0807055	-1.51043e-006	0	2.33439e-006	-1.01166e-005	1.0001	0	5.43523	-227.058	-9.32618	1

COMPONENTFINISH

COMPONENT 1952017=IfcBuildingElementProxy
#	TMesh	1805529=IfcBuildingElementProxy
0.0807	-0.996826	-6.50625e-006	0	0.996826	0.0807	1.03726e-007	0	4.21598e-007	-6.49335e-006	1.00009	0	5.81944	-231.799	-9.33572	1

COMPONENTFINISH

COMPONENT 1952063=IfcBuildingElementProxy
#	TMesh	1805529=IfcBuildingElementProxy
0.0807138	-0.996823	-7.8023e-006	0	0.996823	0.0807138	4.45705e-006	0	-3.81278e-006	-8.13656e-006	1.00009	0	-3.65034	-227.551	-9.33639	1

COMPONENTFINISH

COMPONENT 1952109=IfcBuildingElementProxy
#	TMesh	1798309=IfcBuildingElementProxy
0.0806734	-0.996791	3.12223e-005	0	0.996791	0.0806734	-1.4809e-005	0	1.22427e-005	3.23145e-005	1.00005	0	-1.55085	-253.56	-9.33163	1

COMPONENTFINISH

COMPONENT 1952155=IfcBuildingElementProxy
#	TMesh	1805529=IfcBuildingElementProxy
0.0807166	-0.996827	-1.00396e-005	0	0.996827	0.0807166	8.97303e-006	0	-8.13347e-006	-1.07311e-005	1.00009	0	-4.03377	-222.815	-9.32721	1

COMPONENTFINISH

COMPONENT 1952201=IfcBuildingElementProxy
#	TMesh	1798309=IfcBuildingElementProxy
0.0806872	-0.996765	1.4902e-005	0	0.996765	0.0806872	-6.76187e-006	0	5.53811e-006	1.53992e-005	1.00003	0	-1.92892	-248.819	-9.32601	1

COMPONENTFINISH

COMPONENT 1952247=IfcBuildingElementProxy
#	TMesh	1805529=IfcBuildingElementProxy
0.0807036	-0.996832	-7.26196e-006	0	0.996832	0.0807036	9.78151e-007	0	-3.88973e-007	-7.31718e-006	1.00009	0	-4.42009	-218.078	-9.31591	1

COMPONENTFINISH

COMPONENT 1952293=IfcBuildingElementProxy
#	TMesh	1798309=IfcBuildingElementProxy
0.0806773	-0.996792	1.81769e-005	0	0.996792	0.0806773	-1.53356e-005	0	1.3819e-005	1.93549e-005	1.00005	0	-2.31709	-244.087	-9.31433	1

COMPONENTFINISH

COMPONENT 1952339=IfcBuildingElementProxy
#	TMesh	1805529=IfcBuildingElementProxy
0.0807124	-0.996827	-6.96686e-006	0	0.996827	0.0807124	1.10097e-005	0	-1.04115e-005	-7.83266e-006	1.00009	0	-4.80161	-213.341	-9.30686	1

COMPONENTFINISH

COMPONENT 1952385=IfcBuildingElementProxy
#	TMesh	1798309=IfcBuildingElementProxy
0.080662	-0.99679	2.78908e-005	0	0.99679	0.080662	-1.40844e-005	0	1.17887e-005	2.8936e-005	1.00005	0	-2.70368	-239.348	-9.30242	1

COMPONENTFINISH

COMPONENT 1952431=IfcBuildingElementProxy
#	TMesh	1805529=IfcBuildingElementProxy
0.0807	-0.996836	-9.54001e-006	0	0.996836	0.0807	4.6246e-006	0	-3.83973e-006	-9.88204e-006	1.0001	0	-5.18822	-208.604	-9.29666	1

COMPONENTFINISH

COMPONENT 1952477=IfcBuildingElementProxy
#	TMesh	1798309=IfcBuildingElementProxy
0.0806538	-0.996772	2.83734e-005	0	0.996772	0.0806538	-5.83893e-006	0	3.53158e-006	2.87518e-005	1.00003	0	-3.08714	-234.607	-9.29324	1

COMPONENTFINISH

COMPONENT 1952523=IfcBuildingElementProxy
#	TMesh	1805529=IfcBuildingElementProxy
0.0806962	-0.996836	-9.52857e-006	0	0.996836	0.0806962	-1.35024e-006	0	2.11471e-006	-9.38854e-006	1.0001	0	-5.57233	-203.867	-9.28608	1

COMPONENTFINISH

COMPONENT 1952569=IfcBuildingElementProxy
#	TMesh	1798309=IfcBuildingElementProxy
0.0806585	-0.996781	2.27553e-005	0	0.996782	0.0806585	-4.78281e-006	0	2.93227e-006	2.30661e-005	1.00004	0	-3.47056	-229.872	-9.28445	1

COMPONENTFINISH

COMPONENT 1952615=IfcBuildingElementProxy
#	TMesh	1805529=IfcBuildingElementProxy
0.080716	-0.996831	-9.49873e-006	0	0.996831	0.080716	1.34782e-005	0	-1.26675e-005	-1.05556e-005	1.00009	0	-5.95193	-199.132	-9.27753	1

COMPONENTFINISH

COMPONENT 1952661=IfcBuildingElementProxy
#	TMesh	1798309=IfcBuildingElementProxy
0.0806489	-0.996776	2.7216e-005	0	0.996776	0.0806489	-8.87224e-006	0	6.64731e-006	2.78419e-005	1.00003	0	-3.85559	-225.133	-9.27316	1

COMPONENTFINISH

COMPONENT 1952707=IfcBuildingElementProxy
#	TMesh	1805529=IfcBuildingElementProxy
0.0807062	-0.996834	-6.03198e-006	0	0.996834	0.0807062	-3.5798e-006	0	4.05489e-006	-5.72344e-006	1.0001	0	-6.33265	-194.394	-9.26524	1

COMPONENTFINISH

COMPONENT 1952753=IfcBuildingElementProxy
#	TMesh	1798309=IfcBuildingElementProxy
0.0806815	-0.996787	2.1877e-005	0	0.996786	0.0806815	-1.43792e-005	0	1.25677e-005	2.29659e-005	1.00005	0	-4.2287	-220.402	-9.26367	1

COMPONENTFINISH

COMPONENT 1952799=IfcBuildingElementProxy
#	TMesh	1798309=IfcBuildingElementProxy
0.0806712	-0.996751	2.62794e-005	0	0.996751	0.0806711	1.93762e-006	0	-4.05125e-006	2.60373e-005	1.00001	0	-4.60696	-215.657	-9.25458	1

COMPONENTFINISH

COMPONENT 1952845=IfcBuildingElementProxy
#	TMesh	1805529=IfcBuildingElementProxy
0.0807081	-0.996834	-6.89603e-006	0	0.996834	0.0807081	1.05376e-005	0	-9.94667e-006	-7.72387e-006	1.0001	0	-6.71412	-189.656	-9.25676	1

COMPONENTFINISH

COMPONENT 1952891=IfcBuildingElementProxy
#	TMesh	1798309=IfcBuildingElementProxy
0.0806757	-0.996779	2.31197e-005	0	0.996779	0.0806757	-1.01714e-005	0	8.2734e-006	2.38647e-005	1.00004	0	-4.99254	-210.923	-9.24388	1

COMPONENTFINISH

COMPONENT 1952937=IfcBuildingElementProxy
#	TMesh	1805529=IfcBuildingElementProxy
0.0807057	-0.996838	-9.65994e-006	0	0.996838	0.0807057	3.04324e-006	0	-2.25374e-006	-9.874e-006	1.0001	0	-7.09858	-184.917	-9.24651	1

COMPONENTFINISH

COMPONENT 1952983=IfcBuildingElementProxy
#	TMesh	1798309=IfcBuildingElementProxy
0.0806573	-0.996775	2.64861e-005	0	0.996775	0.0806573	-8.19843e-006	0	6.03497e-006	2.70599e-005	1.00003	0	-5.38021	-206.176	-9.23338	1

COMPONENTFINISH

COMPONENT 1953029=IfcBuildingElementProxy
#	TMesh	1805529=IfcBuildingElementProxy
0.0806977	-0.996835	-9.78362e-006	0	0.996835	0.0806977	-3.26085e-006	0	4.0397e-006	-9.48859e-006	1.0001	0	-7.48382	-180.171	-9.23595	1

COMPONENTFINISH

COMPONENT 1953075=IfcBuildingElementProxy
#	TMesh	1798309=IfcBuildingElementProxy
0.0806555	-0.996786	2.53896e-005	0	0.996786	0.0806555	-1.30031e-005	0	1.09128e-005	2.63551e-005	1.00004	0	-5.76535	-201.439	-9.22308	1

COMPONENTFINISH

COMPONENT 1953121=IfcBuildingElementProxy
#	TMesh	1805529=IfcBuildingElementProxy
0.0807093	-0.996835	-1.18157e-005	0	0.996835	0.0807093	6.25086e-006	0	-5.27693e-006	-1.22816e-005	1.0001	0	-7.86553	-175.433	-9.22723	1

COMPONENTFINISH

COMPONENT 1953167=IfcBuildingElementProxy
#	TMesh	1798309=IfcBuildingElementProxy
0.0806683	-0.9968	1.94645e-005	0	0.9968	0.0806683	-1.98171e-005	0	1.81817e-005	2.09995e-005	1.00006	0	-6.14744	-196.708	-9.21357	1

COMPONENTFINISH

COMPONENT 1953213=IfcBuildingElementProxy
#	TMesh	1805529=IfcBuildingElementProxy
0.0807153	-0.996834	-1.11333e-005	0	0.996835	0.0807153	4.58473e-006	0	-3.67124e-006	-1.14669e-005	1.0001	0	-8.24767	-170.698	-9.21694	1

COMPONENTFINISH

COMPONENT 1953259=IfcBuildingElementProxy
#	TMesh	1798309=IfcBuildingElementProxy
0.0806568	-0.996769	2.3552e-005	0	0.996769	0.0806568	-6.81961e-006	0	4.89689e-006	2.40249e-005	1.00003	0	-6.53328	-191.966	-9.2042	1

COMPONENTFINISH

COMPONENT 1953305=IfcBuildingElementProxy
#	TMesh	1805529=IfcBuildingElementProxy
0.0807114	-0.996833	-1.24081e-005	0	0.996833	0.0807114	6.34714e-006	0	-5.3251e-006	-1.28799e-005	1.0001	0	-8.63482	-165.964	-9.20736	1

COMPONENTFINISH

COMPONENT 1953351=IfcBuildingElementProxy
#	TMesh	1798309=IfcBuildingElementProxy
0.080653	-0.996781	2.94256e-005	0	0.996781	0.080653	-1.00089e-005	0	7.60332e-006	3.01362e-005	1.00004	0	-6.92113	-187.232	-9.19254	1

COMPONENTFINISH

COMPONENT 1953397=IfcBuildingElementProxy
#	TMesh	1805529=IfcBuildingElementProxy
0.0807145	-0.996829	-1.39056e-005	0	0.996829	0.0807145	8.38289e-006	0	-7.23329e-006	-1.45367e-005	1.00009	0	-9.01967	-161.226	-9.19785	1

COMPONENTFINISH

COMPONENT 1953443=IfcBuildingElementProxy
#	TMesh	1798309=IfcBuildingElementProxy
0.0806622	-0.996795	3.54649e-005	0	0.996795	0.0806622	-1.58143e-005	0	1.29035e-005	3.66252e-005	1.00005	0	-7.30469	-182.496	-9.18061	1

COMPONENTFINISH

COMPONENT 1953489=IfcBuildingElementProxy
#	TMesh	1805529=IfcBuildingElementProxy
0.0807007	-0.996841	-1.40496e-005	0	0.996841	0.0807007	-2.08797e-006	0	3.21484e-006	-1.38353e-005	1.0001	0	-9.40594	-156.489	-9.18679	1

COMPONENTFINISH

COMPONENT 1953535=IfcBuildingElementProxy
#	TMesh	1798309=IfcBuildingElementProxy
0.0806576	-0.996775	2.78285e-005	0	0.996775	0.0806576	-6.44941e-006	0	4.1835e-006	2.82579e-005	1.00003	0	-7.68633	-177.753	-9.17326	1

COMPONENTFINISH

COMPONENT 1953581=IfcBuildingElementProxy
#	TMesh	1805529=IfcBuildingElementProxy
0.0807068	-0.996837	-1.24332e-005	0	0.996837	0.0807068	1.9382e-006	0	-9.28587e-007	-1.2549e-005	1.0001	0	-9.78799	-151.751	-9.17691	1

COMPONENTFINISH

COMPONENT 1953627=IfcBuildingElementProxy
#	TMesh	1798309=IfcBuildingElementProxy
0.0806867	-0.996789	1.4541e-005	0	0.996789	0.0806867	-2.2599e-005	0	2.13515e-005	1.63165e-005	1.00005	0	-8.06519	-173.022	-9.16442	1

COMPONENTFINISH

COMPONENT 1953673=IfcBuildingElementProxy
#	TMesh	1805529=IfcBuildingElementProxy
0.0807052	-0.996835	-1.26928e-005	0	0.996835	0.0807052	4.82704e-006	0	-3.78705e-006	-1.30409e-005	1.0001	0	-10.1719	-147.013	-9.16726	1

COMPONENTFINISH

COMPONENT 1953719=IfcBuildingElementProxy
#	TMesh	1798309=IfcBuildingElementProxy
0.0806737	-0.996777	2.85791e-005	0	0.996777	0.0806737	-7.82823e-006	0	5.4976e-006	2.91167e-005	1.00004	0	-8.45053	-168.28	-9.15295	1

COMPONENTFINISH

COMPONENT 1953765=IfcBuildingElementProxy
#	TMesh	1805529=IfcBuildingElementProxy
0.0807016	-0.99684	-1.31409e-005	0	0.99684	0.0807016	2.57511e-007	0	8.03731e-007	-1.31189e-005	1.0001	0	-10.5568	-142.275	-9.15687	1

COMPONENTFINISH

COMPONENT 1953811=IfcBuildingElementProxy
#	TMesh	1798309=IfcBuildingElementProxy
0.106098	-0.994368	-6.89418e-006	0	0.994368	0.106098	-4.59654e-006	0	5.30155e-006	-6.36739e-006	1.00001	0	-3.23961	-165.494	-9.15096	1

COMPONENTFINISH

COMPONENT 1953857=IfcBuildingElementProxy
#	TMesh	1805529=IfcBuildingElementProxy
0.106088	-0.994463	-1.09498e-005	0	0.994464	0.106088	-5.51069e-006	0	6.64112e-006	-1.03035e-005	1.00011	0	-6.01991	-139.554	-9.14589	1

COMPONENTFINISH

COMPONENT 1953903=IfcBuildingElementProxy
#	TMesh	1798492=IfcBuildingElementProxy
0.0998134	-0.995038	9.42167e-005	0	0.995038	0.0998134	-4.448e-006	0	-4.97745e-006	9.41902e-005	1.00003	0	-7.26653	-139.057	-9.12141	1

COMPONENTFINISH

COMPONENT 1953949=IfcBuildingElementProxy
#	TMesh	1805529=IfcBuildingElementProxy
0.10609	-0.994458	-1.10183e-005	0	0.994458	0.10609	-2.10377e-006	0	3.26071e-006	-1.0733e-005	1.0001	0	-6.5117	-134.826	-9.13627	1

COMPONENTFINISH

COMPONENT 1953995=IfcBuildingElementProxy
#	TMesh	1798309=IfcBuildingElementProxy
0.106075	-0.994354	6.54328e-006	0	0.994353	0.106075	6.64173e-006	0	-7.29878e-006	5.80185e-006	0.999995	0	-4.24206	-156.034	-9.12932	1

COMPONENTFINISH

COMPONENT 1954041=IfcBuildingElementProxy
#	TMesh	1805529=IfcBuildingElementProxy
0.112518	-0.993736	-1.38564e-005	0	0.993736	0.112518	1.48762e-005	0	-1.32227e-005	-1.54422e-005	1.00009	0	-5.74699	-130.586	-9.12849	1

COMPONENTFINISH

COMPONENT 1954087=IfcBuildingElementProxy
#	TMesh	1798309=IfcBuildingElementProxy
0.106065	-0.994415	2.9964e-005	0	0.994415	0.106065	-1.48434e-005	0	1.15824e-005	3.13689e-005	1.00006	0	-4.76758	-151.322	-9.11186	1

COMPONENTFINISH

COMPONENT 1954133=IfcBuildingElementProxy
#	TMesh	1805529=IfcBuildingElementProxy
0.106084	-0.994462	-1.06532e-005	0	0.994462	0.106084	-5.2097e-006	0	6.31032e-006	-1.00405e-005	1.0001	0	-7.53513	-125.376	-9.11588	1

COMPONENTFINISH

COMPONENT 1954179=IfcBuildingElementProxy
#	TMesh	1805529=IfcBuildingElementProxy
0.106093	-0.994466	-8.77316e-006	0	0.994466	0.106093	2.19309e-006	0	-1.25001e-006	-8.95627e-006	1.00011	0	-9.56071	-106.468	-9.07624	1

COMPONENTFINISH

COMPONENT 1954225=IfcBuildingElementProxy
#	TMesh	1798309=IfcBuildingElementProxy
0.106049	-0.9944	2.56726e-005	0	0.9944	0.106049	-1.16779e-005	0	8.88901e-006	2.67659e-005	1.00004	0	-6.78892	-132.408	-9.07318	1

COMPONENTFINISH

COMPONENT 1954271=IfcBuildingElementProxy
#	TMesh	1805529=IfcBuildingElementProxy
0.106087	-0.994475	-1.05559e-005	0	0.994475	0.106087	-2.33014e-006	0	3.43673e-006	-1.02492e-005	1.00012	0	-10.0752	-101.742	-9.06608	1

COMPONENTFINISH

COMPONENT 1954317=IfcBuildingElementProxy
#	TMesh	1798309=IfcBuildingElementProxy
0.106068	-0.994416	1.8096e-005	0	0.994416	0.106068	-1.8599e-005	0	1.65752e-005	1.99669e-005	1.00006	0	-7.29886	-127.686	-9.06401	1

COMPONENTFINISH

COMPONENT 1954363=IfcBuildingElementProxy
#	TMesh	1805529=IfcBuildingElementProxy
0.0807066	-0.996834	-1.14859e-005	0	0.996835	0.0807066	2.01727e-006	0	-1.0838e-006	-1.16112e-005	1.0001	0	-3.26924	-232.289	-9.34676	1

COMPONENTFINISH

COMPONENT 1958133=IfcFlowSegment
#	Mesh	0	Begin

#	Vertex	8
-37.3172	98.9148	-3.87
-24.2403	98.9148	-3.87
-24.2403	99.3148	-3.87
-37.3172	99.3148	-3.87
-37.3172	98.9148	-3.55
-24.2403	98.9148	-3.55
-24.2403	99.3148	-3.55
-37.3172	99.3148	-3.55

#	Triangle	6
3	4	7	0	4	3
0	5	4	1	5	0
1	6	5	2	6	1
2	7	6	3	7	2
3	1	0	2	1	3
4	6	7	5	6	4

#	Normal	6
-1	-0	0
-0	-1	-0
1	-0	-0
-0	1	-0
0	-0	-1
-0	-0	1

#	Mesh	0	End


COMPONENTFINISH

COMPONENT 1974869=IfcBuildingElementProxy
#	TMesh	1798309=IfcBuildingElementProxy
0.080697	-0.996773	1.92431e-006	0	0.996773	0.080697	-8.32789e-006	0	8.14488e-006	2.59036e-006	1.00003	0	8.3442	-124.666	-9.06357	1

COMPONENTFINISH

COMPONENT 1974915=IfcBuildingElementProxy
#	TMesh	1805529=IfcBuildingElementProxy
0.0806978	-0.996847	-1.23156e-005	0	0.996847	0.0806978	7.71193e-007	0	2.25031e-007	-1.23376e-005	1.00011	0	6.61545	-103.397	-9.07174	1

COMPONENTFINISH

COMPONENT 1974961=IfcBuildingElementProxy
#	TMesh	1805529=IfcBuildingElementProxy
0.0807041	-0.996841	-8.34855e-006	0	0.996841	0.0807041	5.98707e-006	0	-5.29384e-006	-8.8044e-006	1.0001	0	6.24059	-98.6617	-9.07155	1

COMPONENTFINISH

COMPONENT 1977830=IfcFlowSegment
#	Mesh	0	Begin

#	Vertex	72
95.0664	20.3338	-6.58699
95.0662	20.3373	-6.58603
95.0659	20.3407	-6.58446
95.0656	20.3437	-6.58232
95.0654	20.3464	-6.57969
95.0653	20.3485	-6.57664
95.0651	20.3501	-6.57327
95.065	20.351	-6.56968
95.065	20.3513	-6.56597
95.065	20.351	-6.56226
95.0651	20.3501	-6.55867
95.0653	20.3485	-6.55529
95.0654	20.3464	-6.55225
95.0656	20.3437	-6.54961
95.0659	20.3407	-6.54748
95.0662	20.3373	-6.54591
95.0664	20.3338	-6.54494
95.0667	20.3301	-6.54462
95.067	20.3264	-6.54494
95.0673	20.3228	-6.54591
95.0676	20.3194	-6.54748
95.0679	20.3164	-6.54961
95.0681	20.3138	-6.55225
95.0682	20.3116	-6.55529
95.0684	20.3101	-6.55867
95.0684	20.3091	-6.56226
95.0685	20.3088	-6.56597
95.0684	20.3091	-6.56968
95.0684	20.3101	-6.57327
95.0682	20.3116	-6.57664
95.0681	20.3138	-6.57969
95.0679	20.3164	-6.58232
95.0676	20.3194	-6.58446
95.0673	20.3228	-6.58603
95.067	20.3264	-6.58699
95.0667	20.3301	-6.58732
95.4647	20.366	-6.58699
95.4645	20.3696	-6.58603
95.4642	20.373	-6.58446
95.4639	20.376	-6.58232
95.4637	20.3786	-6.57969
95.4635	20.3807	-6.57664
95.4634	20.3823	-6.57327
95.4633	20.3833	-6.56968
95.4633	20.3836	-6.56597
95.4633	20.3833	-6.56226
95.4634	20.3823	-6.55867
95.4635	20.3807	-6.55529
95.4637	20.3786	-6.55225
95.4639	20.376	-6.54961
95.4642	20.373	-6.54748
95.4645	20.3696	-6.54591
95.4647	20.366	-6.54494
95.465	20.3623	-6.54462
95.4653	20.3586	-6.54494
95.4656	20.355	-6.54591
95.4659	20.3517	-6.54748
95.4661	20.3486	-6.54961
95.4664	20.346	-6.55225
95.4665	20.3439	-6.55529
95.4667	20.3423	-6.55867
95.4667	20.3414	-6.56226
95.4668	20.341	-6.56597
95.4667	20.3414	-6.56968
95.4667	20.3423	-6.57327
95.4665	20.3439	-6.57664
95.4664	20.346	-6.57969
95.4661	20.3486	-6.58232
95.4659	20.3517	-6.58446
95.4656	20.355	-6.58603
95.4653	20.3586	-6.58699
95.465	20.3623	-6.58732

#	Triangle	92
35	36	71
0	36	35
0	37	36	1	37	0
1	38	37
2	38	1
2	39	38
3	39	2
3	40	39
4	40	3
4	41	40
5	41	4
5	42	41
6	42	5
6	43	42	7	43	6
7	44	43	8	44	7
8	45	44	9	45	8
9	46	45	10	46	9
10	47	46
11	47	10
11	48	47
12	48	11
12	49	48
13	49	12
13	50	49
14	50	13
14	51	50
15	51	14
15	52	51	16	52	15
16	53	52
17	53	16
17	54	53
18	54	17
18	55	54	19	55	18
19	56	55	20	56	19
20	57	56	21	57	20
21	58	57
22	58	21
22	59	58	23	59	22
23	60	59
24	60	23
24	61	60
25	61	24
25	62	61
26	62	25
26	63	62
27	63	26
27	64	63
28	64	27
28	65	64
29	65	28
29	66	65	30	66	29
30	67	66
31	67	30
31	68	67	32	68	31
32	69	68	33	69	32
33	70	69	34	70	33
34	71	70
35	71	34
7	9	8	26	25	27
6	9	7	27	25	24
6	10	9	27	24	28
5	10	6	28	24	23
5	11	10	28	23	29
4	11	5	29	23	22
4	12	11	29	22	30
3	12	4	30	22	21
3	13	12	30	21	31
2	13	3	31	21	20
2	14	13	31	20	32
1	14	2	1	15	14	32	19	33	32	20	19
0	15	1	0	16	15
35	16	0	35	17	16
34	17	35	34	18	17
33	18	34	33	19	18
45	43	44	62	63	61
46	43	45	61	63	64
46	42	43	61	64	60
47	42	46	60	64	65
47	41	42	60	65	59
48	41	47	59	65	66
48	40	41	59	66	58
49	40	48	58	66	67
49	39	40	58	67	57
50	39	49	57	67	68
50	38	39
51	38	50	51	37	38
52	37	51	52	36	37
53	36	52	53	71	36
54	71	53	54	70	71
55	70	54	55	69	70
56	69	55	56	68	69
57	68	56

#	Normal	92
-0.00703107	0.0868394	-0.996198
-0.00702975	0.0868247	-0.996199
-0.0208961	0.258089	-0.965895
-0.0340924	0.421076	-0.906384
-0.0341106	0.421276	-0.906291
-0.0463114	0.571959	-0.818974
-0.0462887	0.571714	-0.819146
-0.0570554	0.704694	-0.707214
-0.0570634	0.704778	-0.707129
-0.0660971	0.816352	-0.57376
-0.0661209	0.816596	-0.573409
-0.0731561	0.903481	-0.422339
-0.0731288	0.903217	-0.422908
-0.0779461	0.962715	-0.259046
-0.0803961	0.992975	-0.0868197
-0.0803961	0.992975	0.0868197
-0.0779461	0.962715	0.259046
-0.0731502	0.903482	0.422339
-0.0731347	0.903217	0.422908
-0.0661011	0.816351	0.57376
-0.0661169	0.816597	0.573409
-0.0570565	0.704694	0.707214
-0.0570623	0.704778	0.707129
-0.0463086	0.571959	0.818974
-0.0462915	0.571714	0.819146
-0.0340944	0.421076	0.906384
-0.0341085	0.421276	0.906291
-0.0208863	0.257967	0.965928
-0.00704144	0.0869692	0.996186
-0.00704039	0.0869545	0.996187
0.00704039	-0.0869545	0.996187
0.00704144	-0.0869692	0.996186
0.0208757	-0.257837	0.965963
0.0341085	-0.421276	0.906291
0.0462887	-0.571714	0.819146
0.0570623	-0.704778	0.707129
0.0570565	-0.704694	0.707214
0.0661169	-0.816597	0.573409
0.0731303	-0.903217	0.422908
0.0731341	-0.903282	0.422769
0.07796	-0.962887	0.258399
0.0779581	-0.962845	0.258558
0.0803928	-0.992915	0.087507
0.0803924	-0.992929	0.0873389
0.0803912	-0.992915	-0.087507
0.080394	-0.992929	-0.0873389
0.0779615	-0.962887	-0.258399
0.0779566	-0.962845	-0.258558
0.0731288	-0.903217	-0.422908
0.0731355	-0.903282	-0.422769
0.0661169	-0.816597	-0.573409
0.0570634	-0.704778	-0.707129
0.0570554	-0.704694	-0.707214
0.0462887	-0.571714	-0.819146
0.0341085	-0.421276	-0.906291
0.0208856	-0.257959	-0.96593
0.00702975	-0.0868247	-0.996199
0.00703107	-0.0868394	-0.996198
-2.38961e-006	-1.7379e-007	-0
-7.12539e-006	-5.793e-007	0
-1.4034e-005	-1.14098e-006	-0
-2.29051e-005	-1.93966e-006	0
-3.34839e-005	-2.83549e-006	-0
-4.54096e-005	-3.66946e-006	0
-5.8379e-005	-4.7175e-006	-0
-7.19955e-005	-5.78966e-006	0
-8.57998e-005	-6.89976e-006	-0
-9.94076e-005	-7.92194e-006	0
-0.99684	-0.0794397	-0
-0.996708	-0.0810802	0
-0.99676	-0.0804364	0
-0.996618	-0.0821736	0
-0.996788	-0.0800803	0
-0.996763	-0.0803929	0
2.38961e-006	1.7379e-007	-0
7.12539e-006	5.793e-007	0
1.4034e-005	1.14098e-006	-0
2.28766e-005	1.82556e-006	0
3.34422e-005	2.6687e-006	-0
4.54513e-005	3.66946e-006	0
5.84327e-005	4.7175e-006	-0
7.19955e-005	6.00409e-006	0
8.57998e-005	7.1553e-006	-0
9.93437e-005	7.92194e-006	0
0.996836	0.0794904	-0
0.996711	0.0810334	0
0.99676	0.0804364	0
0.996788	0.0800803	0
0.996618	0.0821736	0
0.996763	0.0803929	0
0.996708	0.0810802	0
0.99684	0.0794397	0

#	Mesh	0	End


COMPONENTFINISH

COMPONENT 1982252=IfcFlowFitting
#	Mesh	0	Begin

#	Vertex	92
-23.9707	99.3398	-3.78458
-23.9686	99.3398	-3.78246
-24.2302	99.3398	-3.52083
-24.2323	99.3398	-3.52295
-23.9707	98.8898	-3.78458
-23.9686	98.8898	-3.78246
-24.2302	98.8898	-3.52083
-24.2323	98.8898	-3.52295
-24.2373	99.3398	-3.525
-24.2403	99.3398	-3.525
-24.2403	99.3398	-3.895
-24.2373	99.3398	-3.895
-24.2373	98.8898	-3.525
-24.2403	98.8898	-3.525
-24.2403	98.8898	-3.895
-24.2373	98.8898	-3.895
-23.9884	99.3148	-3.7669
-24.2147	99.3148	-3.54063
-24.2157	99.3148	-3.54159
-24.2167	99.3148	-3.54251
-24.2178	99.3148	-3.54339
-24.2189	99.3148	-3.54421
-24.2201	99.3148	-3.54499
-24.2213	99.3148	-3.54571
-24.2225	99.3148	-3.54638
-24.2238	99.3148	-3.547
-24.225	99.3148	-3.54756
-24.2263	99.3148	-3.54807
-24.2277	99.3148	-3.54852
-24.229	99.3148	-3.54891
-24.2304	99.3148	-3.54924
-24.2317	99.3148	-3.54951
-24.2331	99.3148	-3.54973
-24.2345	99.3148	-3.54988
-24.2359	99.3148	-3.54997
-24.2373	99.3148	-3.55
-24.2373	99.3148	-3.87
-24.2219	99.3148	-3.86967
-24.2066	99.3148	-3.86866
-24.1913	99.3148	-3.86699
-24.1762	99.3148	-3.86465
-24.1611	99.3148	-3.86166
-24.1462	99.3148	-3.85801
-24.1314	99.3148	-3.85371
-24.1169	99.3148	-3.84877
-24.1026	99.3148	-3.84321
-24.0885	99.3148	-3.83702
-24.0747	99.3148	-3.83023
-24.0613	99.3148	-3.82284
-24.0482	99.3148	-3.81487
-24.0354	99.3148	-3.80634
-24.023	99.3148	-3.79726
-24.011	99.3148	-3.78765
-23.9995	99.3148	-3.77752
-23.9884	98.9148	-3.7669
-24.2147	98.9148	-3.54063
-24.2157	98.9148	-3.54159
-24.2167	98.9148	-3.54251
-24.2178	98.9148	-3.54339
-24.2189	98.9148	-3.54421
-24.2201	98.9148	-3.54499
-24.2213	98.9148	-3.54571
-24.2225	98.9148	-3.54638
-24.2238	98.9148	-3.547
-24.225	98.9148	-3.54756
-24.2263	98.9148	-3.54807
-24.2277	98.9148	-3.54852
-24.229	98.9148	-3.54891
-24.2304	98.9148	-3.54924
-24.2317	98.9148	-3.54951
-24.2331	98.9148	-3.54973
-24.2345	98.9148	-3.54988
-24.2359	98.9148	-3.54997
-24.2373	98.9148	-3.55
-24.2373	98.9148	-3.87
-24.2219	98.9148	-3.86967
-24.2066	98.9148	-3.86866
-24.1913	98.9148	-3.86699
-24.1762	98.9148	-3.86465
-24.1611	98.9148	-3.86166
-24.1462	98.9148	-3.85801
-24.1314	98.9148	-3.85371
-24.1169	98.9148	-3.84877
-24.1026	98.9148	-3.84321
-24.0885	98.9148	-3.83702
-24.0747	98.9148	-3.83023
-24.0613	98.9148	-3.82284
-24.0482	98.9148	-3.81487
-24.0354	98.9148	-3.80634
-24.023	98.9148	-3.79726
-24.011	98.9148	-3.78765
-23.9995	98.9148	-3.77752

#	Triangle	47
3	4	7	0	4	3
0	5	4	1	5	0
1	6	5	2	6	1
2	7	6	3	7	2
3	1	0	2	1	3	11	9	8	10	9	11	53	17	16	52	17	53	51	17	52	50	17	51	49	17	50	48	17	49	47	17	48	46	17	47	45	17	46	44	17	45	43	17	44	42	17	43	41	17	42	40	17	41	39	17	40	38	17	39	37	17	38	36	17	37	35	34	36	34	33	36	33	32	36	32	31	36	31	30	36	30	29	36	29	28	36	28	27	36	27	26	36	26	25	36	25	24	36	24	23	36	23	22	36	22	21	36	21	20	36	20	19	36	19	18	36	18	17	36
4	6	7	5	6	4	12	14	15	13	14	12	55	91	54	55	90	91	55	89	90	55	88	89	55	87	88	55	86	87	55	85	86	55	84	85	55	83	84	55	82	83	55	81	82	55	80	81	55	79	80	55	78	79	55	77	78	55	76	77	55	75	76	55	74	75	55	56	74	56	57	74	57	58	74	58	59	74	59	60	74	60	61	74	61	62	74	62	63	74	63	64	74	64	65	74	65	66	74	66	67	74	67	68	74	68	69	74	69	70	74	70	71	74	71	72	74	72	73	74
11	12	15	8	12	11
8	13	12	9	13	8
9	14	13	10	14	9	35	74	73	36	74	35
10	15	14	11	15	10
53	54	91	16	54	53
16	55	54	17	55	16
17	56	55	18	56	17
18	57	56	19	57	18
19	58	57	20	58	19
20	59	58	21	59	20
21	60	59	22	60	21
22	61	60	23	61	22
23	62	61	24	62	23
24	63	62	25	63	24
25	64	63	26	64	25
26	65	64	27	65	26
27	66	65	28	66	27
28	67	66	29	67	28
29	68	67	30	68	29
30	69	68	31	69	30
31	70	69	32	70	31
32	71	70	33	71	32
33	72	71	34	72	33
34	73	72	35	73	34
36	75	74	37	75	36
37	76	75	38	76	37
38	77	76	39	77	38
39	78	77	40	78	39
40	79	78	41	79	40
41	80	79	42	80	41
42	81	80	43	81	42
43	82	81	44	82	43
44	83	82	45	83	44
45	84	83	46	84	45
46	85	84	47	85	46
47	86	85	48	86	47
48	87	86	49	87	48
49	88	87	50	88	49
50	89	88	51	89	50
51	90	89	52	90	51
52	91	90	53	91	52

#	Normal	47
-0.707108	-0	-0.707106
0.706822	-0	-0.707391
0.707105	0	0.707108
-0.707147	-0	0.707066
-0	1	-0
-0	-1	0
1	-0	-0
0	0	1
-1	-0	-0
0	-0	-1
0.691519	-0	-0.722359
0.707108	0	0.707106
-0.691723	-0	0.722163
-0.658999	-0	0.752144
-0.626209	-0	0.779655
-0.591015	-0	0.80666
-0.55579	-0	0.831323
-0.518887	-0	0.854843
-0.480737	-0	0.876865
-0.44245	-0	0.896793
-0.402873	-0	0.915256
-0.361974	-0	0.932188
-0.321947	-0	0.946758
-0.279517	-0	0.960141
-0.237758	-0	0.971325
-0.195174	-0	0.980769
-0.152031	-0	0.988376
-0.108856	-0	0.994057
-0.0653363	-0	0.997863
-0.0218785	-0	0.999761
0.0218114	-0	-0.999762
0.0654026	-0	-0.997859
0.10887	-0	-0.994056
0.15213	-0	-0.98836
0.195089	-0	-0.980786
0.237685	-0	-0.971342
0.279834	-0	-0.960048
0.321431	-0	-0.946933
0.362414	-0	-0.932017
0.402759	-0	-0.915306
0.442298	-0	-0.896868
0.480971	-0	-0.876736
0.518796	-0	-0.854898
0.555566	-0	-0.831473
0.591317	-0	-0.806439
0.625885	-0	-0.779916
0.659396	-0	-0.751796

#	Mesh	0	End


COMPONENTFINISH

COMPONENT 1983275=IfcFlowSegment
#	Mesh	0	Begin

#	Vertex	72
6.20043	108.2	1.21286
6.20043	108.186	1.20906
6.20043	108.173	1.20287
6.20043	108.161	1.19445
6.20043	108.15	1.18408
6.20043	108.142	1.17207
6.20043	108.136	1.15878
6.20043	108.132	1.14461
6.20043	108.131	1.13
6.20043	108.132	1.11539
6.20043	108.136	1.10122
6.20043	108.142	1.08793
6.20043	108.15	1.07592
6.20043	108.161	1.06555
6.20043	108.173	1.05713
6.20043	108.186	1.05094
6.20043	108.2	1.04714
6.20043	108.215	1.04586
6.20043	108.229	1.04714
6.20043	108.244	1.05094
6.20043	108.257	1.05713
6.20043	108.269	1.06555
6.20044	108.279	1.07592
6.20044	108.288	1.08793
6.20044	108.294	1.10122
6.20044	108.298	1.11539
6.20044	108.299	1.13
6.20044	108.298	1.14461
6.20044	108.294	1.15878
6.20044	108.288	1.17207
6.20044	108.279	1.18408
6.20043	108.269	1.19445
6.20043	108.257	1.20287
6.20043	108.244	1.20906
6.20043	108.229	1.21286
6.20043	108.215	1.21414
13.8937	108.2	1.21286
13.8937	108.186	1.20906
13.8937	108.173	1.20287
13.8937	108.161	1.19445
13.8937	108.15	1.18408
13.8937	108.142	1.17207
13.8937	108.136	1.15878
13.8937	108.132	1.14461
13.8937	108.131	1.13
13.8937	108.132	1.11539
13.8937	108.136	1.10122
13.8937	108.142	1.08793
13.8937	108.15	1.07592
13.8937	108.161	1.06555
13.8937	108.173	1.05713
13.8937	108.186	1.05094
13.8937	108.2	1.04714
13.8937	108.215	1.04586
13.8937	108.229	1.04714
13.8937	108.244	1.05094
13.8937	108.257	1.05713
13.8937	108.269	1.06555
13.8937	108.279	1.07592
13.8937	108.288	1.08793
13.8937	108.294	1.10122
13.8937	108.298	1.11539
13.8937	108.299	1.13
13.8937	108.298	1.14461
13.8937	108.294	1.15878
13.8937	108.288	1.17207
13.8937	108.279	1.18408
13.8937	108.269	1.19445
13.8937	108.257	1.20287
13.8937	108.244	1.20906
13.8937	108.229	1.21286
13.8937	108.215	1.21414

#	Triangle	60
35	36	71	0	36	35
0	37	36
1	37	0
1	38	37
2	38	1
2	39	38
3	39	2
3	40	39
4	40	3
4	41	40	5	41	4
5	42	41	6	42	5
6	43	42	7	43	6
7	44	43	8	44	7
8	45	44	9	45	8
9	46	45	10	46	9
10	47	46	11	47	10
11	48	47	12	48	11
12	49	48
13	49	12
13	50	49
14	50	13
14	51	50
15	51	14
15	52	51
16	52	15
16	53	52	17	53	16
17	54	53	18	54	17
18	55	54
19	55	18
19	56	55
20	56	19
20	57	56
21	57	20
21	58	57
22	58	21
22	59	58	23	59	22
23	60	59	24	60	23
24	61	60	25	61	24
25	62	61
26	62	25
26	63	62
27	63	26
