COMPONENT 513688=IfcFlowSegment
#	TMesh	286734=IfcFlowSegment
-0.00024337	-3.65125e-011	-0.479462	0	-0.479462	-2.91999e-010	0.00024337	0	2.92017e-010	-0.479462	3.63643e-011	0	-39.6672	105.899	33.21	1

COMPONENTFINISH

COMPONENT 513775=IfcFlowSegment
#	TMesh	1809750=IfcFlowSegment
0.178468	3.02738e-010	-2.8473e-005	0	-3.02746e-010	0.178468	-5.10109e-011	0	2.8473e-005	5.10592e-011	0.178468	0	-110.618	100.587	2.4539	1

COMPONENTFINISH

COMPONENT 513862=IfcFlowSegment
#	TMesh	277934=IfcFlowSegment
-1	-2.31662e-009	-1.84046e-005	0	-2.31662e-009	1	2.62882e-010	0	-1.84046e-005	-2.62924e-010	1	0	-284.136	6.10352e-005	-0.00335014	1

COMPONENTFINISH

COMPONENT 513949=IfcFlowSegment
#	TMesh	277847=IfcFlowSegment
1	-1.18642e-009	1.09047e-005	0	1.18642e-009	1	-1.88235e-011	0	1.09047e-005	-1.88364e-011	-1	0	80	3.8147e-005	2.56199	1

COMPONENTFINISH

COMPONENT 514036=IfcFlowSegment
#	TMesh	1809750=IfcFlowSegment
0.178468	-1.52102e-010	-2.77212e-005	0	-1.52124e-010	-0.178468	-1.43057e-010	0	2.77212e-005	-1.43081e-010	0.178468	0	-110.618	116.643	2.45386	1

COMPONENTFINISH

COMPONENT 514123=IfcFlowSegment
#	TMesh	1017424=IfcFlowSegment
0.0807591	0.996747	-0.000113226	0	-0.996746	0.0807592	0.00139746	0	0.00140204	2.46332e-010	1.00001	0	-38.4906	32.6119	0.333898	1

COMPONENTFINISH

COMPONENT 514210=IfcFlowSegment
#	TMesh	1017072=IfcFlowSegment
-0.0807648	-0.996817	2.28364e-005	0	0.996817	-0.0807648	-0.00028185	0	-0.000282773	-1.50007e-010	-1.00008	0	-162.051	164.222	2.16005	1

COMPONENTFINISH

COMPONENT 514297=IfcFlowSegment
#	TMesh	1016632=IfcFlowSegment
4.36739e-005	0.996038	-0.0807091	0	-0.000538982	0.0807091	0.996038	0	0.999303	-1.27714e-010	0.000540749	0	-99.2932	36.0576	-65.5795	1

COMPONENTFINISH

COMPONENT 514384=IfcFlowSegment
#	TMesh	1016808=IfcFlowSegment
7.21959e-007	0.996864	0.080772	0	-8.90447e-006	0.080772	-0.996864	0	-1.00013	4.63922e-010	8.93368e-006	0	-97.6054	32.603	68.1947	1

COMPONENTFINISH

COMPONENT 514471=IfcFlowSegment
#	TMesh	1196442=IfcFlowSegment
-7.61741e-005	1.25712e-010	0.17797	0	-8.97742e-010	-0.17797	1.25328e-010	0	-0.17797	8.97688e-010	-7.61741e-005	0	-99.6335	114.746	-7.3001	1

COMPONENTFINISH

COMPONENT 514558=IfcFlowSegment
#	TMesh	1016544=IfcFlowSegment
-0.000111651	0.996773	-0.0807676	0	0.00137788	0.0807677	0.996772	0	-1.00004	-1.9487e-009	0.0013824	0	-97.6984	53.0085	-65.6295	1

COMPONENTFINISH

COMPONENT 514645=IfcFlowSegment
#	TMesh	1017160=IfcFlowSegment
-3.25161e-005	0.996017	0.0807027	0	0.000401305	0.0807027	-0.996017	0	0.999281	1.87549e-010	0.00040262	0	-99.355	42.8653	64.8117	1

COMPONENTFINISH

COMPONENT 514732=IfcFlowSegment
#	TMesh	1196442=IfcFlowSegment
-8.5722e-005	-1.08669e-010	0.17797	0	-5.54768e-011	0.17797	1.08642e-010	0	-0.17797	-5.54245e-011	-8.5722e-005	0	-99.6331	102.484	-7.30016	1

COMPONENTFINISH

COMPONENT 514819=IfcFlowSegment
#	TMesh	1017424=IfcFlowSegment
0.0807592	0.996747	-1.13914e-005	0	-0.996747	0.0807592	0.000140592	0	0.000141053	2.06255e-010	1.00001	0	-34.8895	32.6119	0.409529	1

COMPONENTFINISH

COMPONENT 514906=IfcFlowSegment
#	TMesh	466598=IfcFlowSegment
1	-1.53708e-010	6.44858e-005	0	1.53686e-010	1	3.3793e-010	0	-6.44858e-005	-3.3792e-010	1	0	-33.0999	-1.52588e-005	0.0039835	1

COMPONENTFINISH

COMPONENT 514993=IfcFlowSegment
#	TMesh	1016632=IfcFlowSegment
-3.45468e-005	0.996038	-0.0807091	0	0.000426329	0.0807091	0.996038	0	-0.999303	-1.38143e-009	0.000427726	0	-94.0353	36.0576	-65.5794	1

COMPONENTFINISH

COMPONENT 515080=IfcFlowSegment
#	TMesh	1016808=IfcFlowSegment
3.15068e-006	-0.996864	0.080772	0	-3.88807e-005	-0.080772	-0.996864	0	-1.00013	-3.32655e-010	3.90081e-005	0	-94.0033	177.824	68.1947	1

COMPONENTFINISH

COMPONENT 515167=IfcFlowSegment
#	TMesh	1196442=IfcFlowSegment
9.39459e-005	-8.36921e-011	0.17797	0	1.51444e-010	0.17797	8.36121e-011	0	0.17797	-1.51399e-010	-9.39459e-005	0	-93.7033	100.658	-7.30021	1

COMPONENTFINISH

COMPONENT 515254=IfcFlowSegment
#	TMesh	1017424=IfcFlowSegment
0.0807616	0.996776	-4.3032e-005	0	-0.996776	0.0807616	0.000531109	0	0.000532849	7.53398e-011	1.00004	0	-34.888	53.0087	0.386004	1

COMPONENTFINISH

COMPONENT 515341=IfcFlowSegment
#	TMesh	1017160=IfcFlowSegment
-2.37874e-005	0.996017	0.0807027	0	0.000293571	0.0807027	-0.996017	0	0.999281	6.4402e-010	0.000294533	0	-95.7482	42.8652	64.8118	1

COMPONENTFINISH

COMPONENT 515428=IfcFlowSegment
#	TMesh	1196442=IfcFlowSegment
9.52368e-005	-1.58693e-010	0.17797	0	-3.70885e-011	0.17797	1.58713e-010	0	0.17797	3.71734e-011	-9.52368e-005	0	-93.7033	102.484	-7.30022	1

COMPONENTFINISH

COMPONENT 515515=IfcFlowSegment
#	TMesh	1016544=IfcFlowSegment
-0.000104999	0.996743	-0.0807652	0	0.00129578	0.0807653	0.996742	0	-1.00001	-3.03658e-009	0.00130003	0	-90.3929	32.6116	-65.6274	1

COMPONENTFINISH

COMPONENT 515602=IfcFlowSegment
#	TMesh	1017072=IfcFlowSegment
0.0807648	-0.996817	1.83982e-005	0	-0.996817	-0.0807648	-0.00022708	0	0.000227824	4.50756e-010	-1.00008	0	-27.585	164.222	2.15656	1

COMPONENTFINISH

COMPONENT 515689=IfcFlowSegment
#	TMesh	1016632=IfcFlowSegment
-1.29672e-005	0.996038	-0.0807091	0	0.000160029	0.0807091	0.996038	0	-0.999303	-5.87741e-011	0.000160553	0	-90.3174	36.0576	-65.5792	1

COMPONENTFINISH

COMPONENT 515776=IfcFlowSegment
#	TMesh	1016808=IfcFlowSegment
6.33942e-006	0.996864	-0.080772	0	-7.82366e-005	0.080772	0.996864	0	-1.00013	2.14635e-010	-7.8493e-005	0	-90.3007	32.603	-65.6346	1

COMPONENTFINISH

COMPONENT 515863=IfcFlowSegment
#	TMesh	1196442=IfcFlowSegment
8.81524e-005	2.58964e-010	0.17797	0	2.41143e-010	-0.17797	2.58844e-010	0	0.17797	2.41015e-010	-8.81524e-005	0	-90.003	114.746	-7.30017	1

COMPONENTFINISH

COMPONENT 515950=IfcFlowSegment
#	TMesh	1016544=IfcFlowSegment
-3.30946e-005	0.996773	-0.0807677	0	0.000408401	0.0807677	0.996773	0	-1.00004	-2.16308e-009	0.00040974	0	-90.3333	53.0085	-65.6287	1

COMPONENTFINISH

COMPONENT 516037=IfcFlowSegment
#	TMesh	1017160=IfcFlowSegment
-4.19936e-005	-0.996017	0.0807027	0	0.000518283	-0.0807027	-0.996017	0	0.999281	4.69361e-010	0.000519981	0	-92.0625	181.169	64.8115	1

COMPONENTFINISH

COMPONENT 516124=IfcFlowSegment
#	TMesh	1196442=IfcFlowSegment
9.6339e-005	8.35616e-011	0.17797	0	-9.49776e-011	-0.17797	8.3613e-011	0	0.17797	-9.50228e-011	-9.6339e-005	0	-90.0034	116.572	-7.30023	1

COMPONENTFINISH

COMPONENT 516211=IfcFlowSegment
#	TMesh	1017424=IfcFlowSegment
0.0807592	0.996747	-6.34365e-005	0	-0.996746	0.0807592	0.000782943	0	0.000785509	2.44449e-010	1.00001	0	-27.49	32.6119	0.370876	1

COMPONENTFINISH

COMPONENT 516298=IfcFlowSegment
#	TMesh	1017072=IfcFlowSegment
0.0807648	-0.996817	1.57943e-006	0	-0.996817	-0.0807648	-1.94919e-005	0	1.95558e-005	-1.50078e-010	-1.00008	0	-23.8848	164.222	2.14332	1

COMPONENTFINISH

COMPONENT 516385=IfcFlowSegment
#	TMesh	1016632=IfcFlowSegment
4.29775e-005	0.996038	-0.0807091	0	-0.000530409	0.0807091	0.996038	0	-0.999303	-1.57446e-009	-0.000532147	0	-86.5711	36.0576	-65.5786	1

COMPONENTFINISH

COMPONENT 516472=IfcFlowSegment
#	TMesh	1016808=IfcFlowSegment
-6.68717e-006	0.996864	0.080772	0	8.25286e-005	0.080772	-0.996864	0	1.00013	2.03149e-010	8.27991e-005	0	-88.3357	32.603	68.1946	1

COMPONENTFINISH

COMPONENT 516559=IfcFlowSegment
#	TMesh	1196442=IfcFlowSegment
-9.41205e-005	1.25448e-010	0.17797	0	-2.13506e-010	-0.17797	1.25335e-010	0	-0.17797	2.1344e-010	-9.41205e-005	0	-88.6327	114.746	-7.30021	1

COMPONENTFINISH

COMPONENT 516646=IfcFlowSegment
#	TMesh	1016544=IfcFlowSegment
-7.56756e-005	0.996773	-0.0807676	0	0.000933913	0.0807677	0.996772	0	-1.00004	-1.33557e-009	0.000936975	0	-86.6686	53.0085	-65.6291	1

COMPONENTFINISH

COMPONENT 516733=IfcFlowSegment
#	TMesh	1017160=IfcFlowSegment
-4.06992e-005	0.996017	0.0807027	0	0.000502287	0.0807027	-0.996017	0	0.999281	1.20175e-009	0.000503933	0	-88.3615	42.8653	64.8116	1

COMPONENTFINISH

COMPONENT 516820=IfcFlowSegment
#	TMesh	1196442=IfcFlowSegment
-9.55591e-005	-1.0859e-010	0.17797	0	1.05148e-010	0.17797	1.08646e-010	0	-0.17797	1.05206e-010	-9.55591e-005	0	-88.6327	102.484	-7.30022	1

COMPONENTFINISH

COMPONENT 516907=IfcFlowSegment
#	TMesh	1017424=IfcFlowSegment
0.0807592	0.996747	-3.49325e-005	0	-0.996747	0.0807592	0.000431141	0	0.000432554	2.06481e-010	1.00001	0	-23.8897	32.6119	0.392045	1

COMPONENTFINISH

COMPONENT 516994=IfcFlowSegment
#	TMesh	466598=IfcFlowSegment
1	3.43693e-010	0.00012228	0	-3.43735e-010	1	3.37982e-010	0	-0.00012228	-3.38025e-010	1	0	-22.0999	-1.52588e-005	0.00755346	1

COMPONENTFINISH

COMPONENT 517081=IfcFlowSegment
#	TMesh	1016632=IfcFlowSegment
-3.8879e-005	0.996038	-0.0807091	0	0.000479804	0.0807091	0.996038	0	-0.999303	-3.89242e-010	0.000481377	0	-83.0388	36.0576	-65.5794	1

COMPONENTFINISH

COMPONENT 517168=IfcFlowSegment
#	TMesh	1016808=IfcFlowSegment
7.47425e-006	-0.996864	0.080772	0	-9.22414e-005	-0.080772	-0.996864	0	-1.00013	-2.95574e-010	9.25437e-005	0	-82.9997	177.824	68.1946	1

COMPONENTFINISH

COMPONENT 517255=IfcFlowSegment
#	TMesh	1196442=IfcFlowSegment
-9.65405e-005	-8.36749e-011	0.17797	0	-1.13895e-010	0.17797	8.36131e-011	0	-0.17797	-1.1385e-010	-9.65405e-005	0	-85.0326	100.658	-7.30023	1

COMPONENTFINISH

COMPONENT 517342=IfcFlowSegment
#	TMesh	1017424=IfcFlowSegment
0.0807616	0.996776	-6.81259e-005	0	-0.996776	0.0807616	0.000840824	0	0.000843579	7.58458e-011	1.00004	0	-23.8882	53.0087	0.367367	1

COMPONENTFINISH

COMPONENT 517429=IfcFlowSegment
#	TMesh	1017160=IfcFlowSegment
-2.37874e-005	0.996017	0.0807027	0	0.000293571	0.0807027	-0.996017	0	0.999281	6.4402e-010	0.000294533	0	-84.7482	42.8652	64.8118	1

COMPONENTFINISH

COMPONENT 517516=IfcFlowSegment
#	TMesh	1196442=IfcFlowSegment
-9.56759e-005	-1.5875e-010	0.17797	0	-6.90431e-011	0.17797	1.58713e-010	0	-0.17797	-6.89578e-011	-9.56759e-005	0	-85.0326	102.484	-7.30022	1

COMPONENTFINISH

COMPONENT 517603=IfcFlowSegment
#	TMesh	1017424=IfcFlowSegment
0.0807592	0.996747	-3.06667e-005	0	-0.996746	0.0807592	0.000378495	0	0.000379736	9.2391e-012	1.00001	0	-20.2897	32.6119	0.395213	1

COMPONENTFINISH

COMPONENT 517690=IfcFlowSegment
#	TMesh	1017072=IfcFlowSegment
0.0807648	-0.996817	3.9132e-005	0	-0.996817	-0.0807648	-0.000482975	0	0.000484558	-2.77087e-011	-1.00008	0	-16.6852	164.222	2.17288	1

COMPONENTFINISH

COMPONENT 517777=IfcFlowSegment
#	TMesh	1016632=IfcFlowSegment
3.95959e-005	0.996038	-0.0807091	0	-0.000488674	0.0807091	0.996038	0	-0.999303	-1.43144e-009	-0.000490276	0	-79.3739	36.0576	-65.5786	1

COMPONENTFINISH

COMPONENT 517864=IfcFlowSegment
#	TMesh	1016808=IfcFlowSegment
4.60789e-006	-0.996864	-0.080772	0	-5.68723e-005	-0.080772	0.996864	0	-1.00013	2.37485e-010	-5.70586e-005	0	-79.4021	177.824	-65.6347	1

COMPONENTFINISH

COMPONENT 517951=IfcFlowSegment
#	TMesh	1196442=IfcFlowSegment
-9.24965e-005	1.08945e-010	0.17797	0	-5.78055e-010	-0.17797	1.08645e-010	0	-0.17797	5.77998e-010	-9.24965e-005	0	-81.4328	114.746	-7.3002	1

COMPONENTFINISH

COMPONENT 518038=IfcFlowSegment
#	TMesh	1016544=IfcFlowSegment
-7.00962e-006	0.996773	-0.0807677	0	8.64934e-005	0.0807677	0.996773	0	-1.00004	-1.1245e-009	8.6777e-005	0	-79.4117	53.0085	-65.6284	1

COMPONENTFINISH

COMPONENT 518125=IfcFlowSegment
#	TMesh	1017160=IfcFlowSegment
-7.62678e-005	0.996017	0.0807027	0	0.000941277	0.0807027	-0.996017	0	0.999281	4.39095e-010	0.000944362	0	-81.1895	42.8653	64.8112	1

COMPONENTFINISH

COMPONENT 518212=IfcFlowSegment
#	TMesh	1196442=IfcFlowSegment
-9.27127e-005	2.17173e-010	0.17797	0	-9.51177e-011	-0.17797	2.17123e-010	0	-0.17797	9.50046e-011	-9.27127e-005	0	-81.4328	116.572	-7.3002	1

COMPONENTFINISH

COMPONENT 518299=IfcFlowSegment
#	TMesh	1016544=IfcFlowSegment
-4.32841e-005	0.996743	-0.0807652	0	0.000534181	0.0807653	0.996743	0	1.00001	-1.31547e-010	-0.000535932	0	-77.4659	32.6116	-65.6259	1

COMPONENTFINISH

COMPONENT 518386=IfcFlowSegment
#	TMesh	1017072=IfcFlowSegment
0.0807648	-0.996817	2.94777e-005	0	-0.996817	-0.0807648	-0.000363826	0	0.000365018	4.51026e-010	-1.00008	0	-12.9851	164.222	2.16528	1

COMPONENTFINISH

COMPONENT 518473=IfcFlowSegment
#	TMesh	1016632=IfcFlowSegment
-3.04711e-005	0.996038	-0.0807091	0	0.000376042	0.0807091	0.996038	0	-0.999303	-3.78108e-010	0.000377274	0	-75.7319	36.0576	-65.5793	1

COMPONENTFINISH

COMPONENT 518560=IfcFlowSegment
#	TMesh	1016808=IfcFlowSegment
-8.34573e-006	-0.996864	-0.080772	0	0.000103003	-0.080772	0.996864	0	-1.00013	-1.61345e-010	0.00010334	0	-75.7129	177.824	-65.6348	1

COMPONENTFINISH

COMPONENT 518647=IfcFlowSegment
#	TMesh	1196442=IfcFlowSegment
-9.21348e-005	4.19042e-011	0.17797	0	-2.94046e-011	-0.17797	4.1889e-011	0	-0.17797	2.93829e-011	-9.21348e-005	0	-77.7328	114.746	-7.3002	1

COMPONENTFINISH

COMPONENT 518734=IfcFlowSegment
#	TMesh	1016544=IfcFlowSegment
2.0839e-005	0.996773	-0.0807677	0	-0.00025719	0.0807677	0.996773	0	-1.00004	-8.78661e-010	-0.000258033	0	-75.6887	53.0085	-65.6281	1

COMPONENTFINISH

COMPONENT 518821=IfcFlowSegment
#	TMesh	1017160=IfcFlowSegment
8.08526e-006	-0.996017	0.0807027	0	-9.9788e-005	-0.0807027	-0.996017	0	-0.999281	1.00713e-010	0.000100115	0	-75.7003	181.169	64.8119	1

COMPONENTFINISH

COMPONENT 518908=IfcFlowSegment
#	TMesh	1196442=IfcFlowSegment
-9.19092e-005	-1.08531e-010	0.17797	0	2.20669e-010	0.17797	1.08645e-010	0	-0.17797	2.20725e-010	-9.19092e-005	0	-77.7328	102.484	-7.3002	1

COMPONENTFINISH

COMPONENT 518995=IfcFlowSegment
#	TMesh	1017424=IfcFlowSegment
0.0807592	0.996747	-4.2696e-005	0	-0.996747	0.0807592	0.000526961	0	0.000528688	2.06457e-010	1.00001	0	-12.8898	32.6119	0.386279	1

COMPONENTFINISH

COMPONENT 519082=IfcFlowSegment
#	TMesh	466598=IfcFlowSegment
1	-3.69538e-010	-2.50904e-005	0	3.69546e-010	1	3.37849e-010	0	2.50904e-005	-3.37858e-010	1	0	-11.1	-1.52588e-005	-0.00154936	1

COMPONENTFINISH

COMPONENT 519169=IfcFlowSegment
#	TMesh	1016632=IfcFlowSegment
-4.28036e-005	0.996038	-0.0807091	0	0.000528237	0.0807091	0.996038	0	-0.999303	-4.98431e-010	0.000529968	0	-72.0421	36.0576	-65.5795	1

COMPONENTFINISH

COMPONENT 519256=IfcFlowSegment
#	TMesh	1016808=IfcFlowSegment
3.59097e-006	-0.996864	0.080772	0	-4.43175e-005	-0.080772	-0.996864	0	-1.00013	-1.06022e-010	4.44627e-005	0	-72.003	177.824	68.1947	1

COMPONENTFINISH

COMPONENT 519343=IfcFlowSegment
#	TMesh	1196442=IfcFlowSegment
-9.54714e-005	-8.36984e-011	0.17797	0	-1.59789e-010	0.17797	8.36127e-011	0	-0.17797	-1.59744e-010	-9.54714e-005	0	-74.0326	100.658	-7.30022	1

COMPONENTFINISH

COMPONENT 519430=IfcFlowSegment
#	TMesh	1017424=IfcFlowSegment
0.0807616	0.996776	-4.3032e-005	0	-0.996776	0.0807616	0.000531109	0	0.000532849	7.53398e-011	1.00004	0	-12.888	53.0087	0.386004	1

COMPONENTFINISH

COMPONENT 519517=IfcFlowSegment
#	TMesh	1017160=IfcFlowSegment
-1.80682e-005	0.996017	0.0807027	0	0.000222994	0.0807027	-0.996017	0	0.999281	3.80166e-011	0.000223724	0	-73.7436	42.8652	64.8118	1

COMPONENTFINISH

COMPONENT 519604=IfcFlowSegment
#	TMesh	1196442=IfcFlowSegment
-9.66574e-005	-1.58636e-010	0.17797	0	1.41915e-010	0.17797	1.58714e-010	0	-0.17797	1.42001e-010	-9.66574e-005	0	-74.0326	102.484	-7.30023	1

COMPONENTFINISH

COMPONENT 519691=IfcFlowSegment
#	TMesh	1016544=IfcFlowSegment
-0.000104999	0.996743	-0.0807652	0	0.00129578	0.0807653	0.996742	0	-1.00001	-3.03658e-009	0.00130003	0	-68.3929	32.6116	-65.6274	1

COMPONENTFINISH

COMPONENT 519778=IfcFlowSegment
#	TMesh	1017072=IfcFlowSegment
0.0807648	-0.996817	1.83982e-005	0	-0.996817	-0.0807648	-0.00022708	0	0.000227824	4.50756e-010	-1.00008	0	-5.58498	164.222	2.15656	1

COMPONENTFINISH

COMPONENT 519865=IfcFlowSegment
#	TMesh	1016632=IfcFlowSegment
1.04308e-005	0.996038	-0.0807091	0	-0.000128726	0.0807091	0.996038	0	-0.999303	8.20702e-011	-0.000129148	0	-68.298	36.0576	-65.5789	1

COMPONENTFINISH

COMPONENT 519952=IfcFlowSegment
#	TMesh	1016808=IfcFlowSegment
-6.33941e-006	0.996864	-0.080772	0	7.82391e-005	0.080772	0.996864	0	1.00013	2.12955e-012	-7.84955e-005	0	-70.0354	32.603	-65.6346	1

COMPONENTFINISH

COMPONENT 520039=IfcFlowSegment
#	TMesh	1196442=IfcFlowSegment
-9.04882e-005	2.589e-010	0.17797	0	-1.07633e-010	-0.17797	2.58845e-010	0	-0.17797	1.07501e-010	-9.04882e-005	0	-70.3329	114.746	-7.30019	1

COMPONENTFINISH

COMPONENT 520126=IfcFlowSegment
#	TMesh	1016544=IfcFlowSegment
-3.36753e-005	0.996773	-0.0807677	0	0.000415563	0.0807677	0.996773	0	-1.00004	-2.60494e-009	0.000416925	0	-68.3338	53.0085	-65.6287	1

COMPONENTFINISH

COMPONENT 520213=IfcFlowSegment
#	TMesh	1017160=IfcFlowSegment
-4.19936e-005	-0.996017	0.0807027	0	0.000518283	-0.0807027	-0.996017	0	0.999281	4.69361e-010	0.000519981	0	-70.0625	181.169	64.8115	1

COMPONENTFINISH

COMPONENT 520300=IfcFlowSegment
#	TMesh	1196442=IfcFlowSegment
-9.01656e-005	8.36194e-011	0.17797	0	-1.71473e-011	-0.17797	8.36107e-011	0	-0.17797	1.71049e-011	-9.01656e-005	0	-70.3329	116.572	-7.30019	1

COMPONENTFINISH

COMPONENT 520387=IfcFlowSegment
#	TMesh	1017424=IfcFlowSegment
-0.0807592	0.996747	-1.72405e-005	0	0.996747	0.0807592	0.000212786	0	-0.000213483	1.86552e-011	1.00001	0	-125.447	32.6119	0.405185	1

COMPONENTFINISH

COMPONENT 520474=IfcFlowSegment
#	TMesh	466598=IfcFlowSegment
1	-2.43143e-010	2.49385e-005	0	2.4314e-010	1	1.40802e-010	0	-2.49385e-005	-1.40796e-010	1	0	-3.69998	-5.34058e-005	0.00154042	1

COMPONENTFINISH

COMPONENT 520561=IfcFlowSegment
#	TMesh	1016632=IfcFlowSegment
-2.953e-005	0.996038	-0.0807091	0	0.000364421	0.0807091	0.996038	0	-0.999303	-9.4469e-010	0.000365615	0	-64.6311	36.0577	-65.5793	1

COMPONENTFINISH

COMPONENT 520648=IfcFlowSegment
#	TMesh	1016808=IfcFlowSegment
2.26924e-006	0.996864	0.080772	0	-2.80023e-005	0.080772	-0.996864	0	-1.00013	3.26765e-010	2.80941e-005	0	-64.6041	32.603	68.1947	1

COMPONENTFINISH

COMPONENT 520735=IfcFlowSegment
#	TMesh	1196442=IfcFlowSegment
9.31938e-005	5.03027e-011	0.17797	0	1.31364e-010	-0.17797	5.02339e-011	0	0.17797	1.31338e-010	-9.31938e-005	0	-64.3033	114.746	-7.30021	1

COMPONENTFINISH

COMPONENT 520822=IfcFlowSegment
#	TMesh	277934=IfcFlowSegment
-1	-4.60859e-009	-2.89437e-005	0	-4.6086e-009	1	1.31444e-010	0	-2.89437e-005	-1.31577e-010	1	0	-291.436	5.34058e-005	-0.00526905	1

COMPONENTFINISH

COMPONENT 520909=IfcFlowSegment
#	TMesh	277847=IfcFlowSegment
-1	9.17605e-011	1.32303e-006	0	9.17603e-011	1	-1.31759e-010	0	-1.32303e-006	-1.31758e-010	-1	0	-291.436	-3.05176e-005	2.56024	1

COMPONENTFINISH

COMPONENT 520996=IfcFlowSegment
#	TMesh	1809750=IfcFlowSegment
-0.178468	9.47842e-012	-2.84746e-005	0	-9.47963e-012	-0.178468	7.56393e-012	0	-2.84746e-005	7.56543e-012	0.178468	0	-100.818	116.643	2.4539	1

COMPONENTFINISH

COMPONENT 521083=IfcFlowSegment
#	TMesh	1038733=IfcFlowSegment
-0.999999	3.26568e-009	-1.52201e-010	0	-3.26568e-009	-0.999999	-5.18928e-005	0	-1.52371e-010	-5.18928e-005	0.999999	0	-104.196	183.289	-0.217814	1

COMPONENTFINISH

COMPONENT 521170=IfcFlowSegment
#	TMesh	1038733=IfcFlowSegment
-1	4.52679e-009	-3.04444e-010	0	-4.52681e-009	-1	6.21397e-005	0	3.04163e-010	-6.21397e-005	-1	0	-100.596	183.29	2.77705	1

COMPONENTFINISH

COMPONENT 521257=IfcFlowSegment
#	TMesh	1038733=IfcFlowSegment
-1	4.03863e-009	-1.75047e-009	0	-4.03874e-009	-1	6.21397e-005	0	1.75022e-009	-6.21397e-005	-1	0	-96.9964	183.29	2.77705	1

COMPONENTFINISH

COMPONENT 521344=IfcFlowSegment
#	TMesh	1038472=IfcFlowSegment
-1.00001	-3.85385e-009	1.50559e-009	0	3.85359e-009	-1.00001	-0.000175876	0	-1.50626e-009	0.000175876	-1.00001	0	-104.197	183.29	2.79484	1

COMPONENTFINISH

COMPONENT 521431=IfcFlowSegment
#	TMesh	1038472=IfcFlowSegment
1.00001	-2.53652e-009	-7.16861e-010	0	-2.53664e-009	-1.00001	-0.000175876	0	-7.16414e-010	0.000175876	-1.00001	0	-78.1394	183.29	2.79484	1

COMPONENTFINISH

COMPONENT 521518=IfcFlowSegment
#	TMesh	1038733=IfcFlowSegment
-1	2.80844e-009	6.84945e-010	0	-2.8084e-009	-1	6.21397e-005	0	-6.8512e-010	-6.21397e-005	-1	0	-85.9964	183.29	2.77705	1

COMPONENTFINISH

COMPONENT 521605=IfcFlowSegment
#	TMesh	1038733=IfcFlowSegment
-1	8.04684e-010	-6.84979e-010	0	-8.04727e-010	-1	6.21397e-005	0	6.84929e-010	-6.21397e-005	-1	0	-82.3964	183.29	2.77705	1

COMPONENTFINISH

COMPONENT 521692=IfcFlowSegment
#	TMesh	1038472=IfcFlowSegment
1.00001	-9.97943e-010	9.32052e-010	0	-9.97785e-010	-1.00001	-0.000169001	0	9.32221e-010	0.000169001	-1.00001	0	-67.2394	183.29	2.79433	1

COMPONENTFINISH

COMPONENT 521779=IfcFlowSegment
#	TMesh	1038472=IfcFlowSegment
1.00001	2.10743e-010	-5.01785e-010	0	2.10654e-010	-1.00001	-0.000175876	0	-5.01822e-010	0.000175876	-1.00001	0	-63.5394	183.29	2.79484	1

COMPONENTFINISH

COMPONENT 521866=IfcFlowSegment
#	TMesh	1038472=IfcFlowSegment
1.00001	9.92073e-010	-1.2187e-009	0	9.91858e-010	-1.00001	-0.000175876	0	-1.21888e-009	0.000175876	-1.00001	0	-59.8394	183.29	2.79484	1

COMPONENTFINISH

COMPONENT 521953=IfcFlowSegment
#	TMesh	1038472=IfcFlowSegment
1.00001	2.10743e-010	-5.01785e-010	0	2.10654e-010	-1.00001	-0.000175876	0	-5.01822e-010	0.000175876	-1.00001	0	-56.1394	183.29	2.79484	1

COMPONENTFINISH

COMPONENT 522040=IfcFlowSegment
#	TMesh	1017424=IfcFlowSegment
0.0807616	0.996776	-1.53238e-005	0	-0.996776	0.0807616	0.000189128	0	0.000189748	5.61493e-011	1.00004	0	-5.48771	53.0088	0.406582	1

COMPONENTFINISH

COMPONENT 522127=IfcFlowSegment
#	TMesh	1017160=IfcFlowSegment
-1.77551e-005	0.996017	0.0807027	0	0.000219112	0.0807027	-0.996017	0	0.999281	1.44924e-009	0.00021983	0	-66.3434	42.8653	64.8118	1

COMPONENTFINISH

COMPONENT 522214=IfcFlowSegment
#	TMesh	1196442=IfcFlowSegment
-9.30822e-005	-1.33639e-010	0.17797	0	7.59439e-011	0.17797	1.33679e-010	0	-0.17797	7.60138e-011	-9.30822e-005	0	-66.6328	102.484	-7.30021	1

COMPONENTFINISH

COMPONENT 522301=IfcFlowSegment
#	TMesh	1245866=IfcFlowSegment
9.91585e-012	3.3308e-011	0.0587648	0	9.30776e-005	-0.0587647	3.32922e-011	0	-0.0587647	-9.30776e-005	9.9686e-012	0	-109.635	99.5731	0.416774	1

COMPONENTFINISH

COMPONENT 522388=IfcFlowSegment
#	TMesh	278107=IfcFlowSegment
1	0.000421357	-5.86506e-010	0	-0.000421357	1	-9.25505e-011	0	5.86467e-010	9.27977e-011	1	0	72.7393	0.0766525	-1.54972e-006	1

COMPONENTFINISH

COMPONENT 522475=IfcFlowSegment
#	TMesh	1245866=IfcFlowSegment
1.62787e-010	-1.0548e-010	0.0587006	0	9.97503e-005	0.0587005	1.05203e-010	0	-0.0587005	9.97503e-005	1.62966e-010	0	-109.635	90.4633	0.417333	1

COMPONENTFINISH

COMPONENT 522562=IfcFlowSegment
#	TMesh	1779190=IfcFlowSegment
8.23426e-005	0.664079	-0.0537734	0	6.66857e-006	0.0537734	0.664079	0	0.666252	-8.26121e-005	-9.30806e-010	0	-106.798	47.4858	28.8021	1

COMPONENTFINISH

COMPONENT 522649=IfcFlowSegment
#	TMesh	2213889=IfcFlowSegment
-1.03626e-006	-2.88691e-008	-2.87453	0	2.87452	0.0074392	-1.03633e-006	0	0.0074392	-2.87452	2.61872e-008	0	-392.409	82.2213	49.7792	1

COMPONENTFINISH

COMPONENT 522736=IfcFlowSegment
#	TMesh	1786214=IfcFlowSegment
-5.86799e-005	0.0541024	0.668229	0	0.000724767	-0.668229	0.0541024	0	0.670416	0.000727138	5.30944e-011	0	-106.741	67.2476	-39.7599	1

COMPONENTFINISH

COMPONENT 522823=IfcFlowSegment
#	TMesh	43438=IfcFlowSegment
3.03259e-010	2.53825e-010	-0.16681	0	0.000268053	0.166809	2.54312e-010	0	0.166809	-0.000268053	3.0285e-010	0	-109.652	90.8107	-14.7309	1

COMPONENTFINISH

COMPONENT 522910=IfcFlowSegment
#	TMesh	1104987=IfcFlowSegment
-0.0021291	-0.669992	-5.44555e-010	0	-6.25098e-010	5.46544e-010	-0.669995	0	0.669992	-0.0021291	-6.26832e-010	0	-110.16	134.707	29.4882	1

COMPONENTFINISH

COMPONENT 522997=IfcFlowSegment
#	TMesh	124188=IfcFlowSegment
5.83351e-005	-0.885278	-2.86437e-008	0	1.97555e-009	2.86438e-008	-0.885278	0	0.885278	5.83351e-005	1.97744e-009	0	-106.638	-84.3214	93.2441	1

COMPONENTFINISH

COMPONENT 523084=IfcFlowSegment
#	TMesh	1771144=IfcFlowSegment
0.588723	-0.000132965	9.89679e-011	0	0.000132965	0.588723	-6.54383e-010	0	-9.88201e-011	6.54405e-010	0.588723	0	-166.409	117.198	5.16209	1

COMPONENTFINISH

COMPONENT 523171=IfcFlowSegment
#	TMesh	124188=IfcFlowSegment
0.00244361	0.885278	-2.65694e-008	0	1.27976e-009	-2.65731e-008	-0.885281	0	0.885278	-0.00244361	1.3531e-009	0	-106.122	301.543	93.2444	1

COMPONENTFINISH

COMPONENT 523258=IfcFlowSegment
#	TMesh	1771144=IfcFlowSegment
0.588722	-0.000292168	1.36826e-010	0	0.000292168	0.588722	6.65534e-011	0	-1.36859e-010	-6.64855e-011	0.588723	0	-166.406	120.613	5.16209	1

COMPONENTFINISH

COMPONENT 523345=IfcFlowSegment
#	TMesh	1245866=IfcFlowSegment
-3.25815e-011	1.03285e-010	-0.0587008	0	0.000162746	0.0587006	1.03194e-010	0	-0.0587006	0.000162746	3.28677e-011	0	-109.642	107.464	1.75091	1

COMPONENTFINISH

COMPONENT 523432=IfcFlowSegment
#	TMesh	1786214=IfcFlowSegment
5.07877e-005	0.0541351	-0.668634	0	-0.000627286	-0.668633	-0.0541351	0	-0.670821	0.000629339	-2.34788e-010	0	-111.992	80.8274	43.4872	1

COMPONENTFINISH

COMPONENT 523519=IfcFlowSegment
#	TMesh	1245866=IfcFlowSegment
3.30371e-011	5.49764e-011	-0.0587651	0	0.000164281	0.0587649	5.50686e-011	0	-0.0587649	0.000164281	-3.28832e-011	0	-109.642	110.857	1.75181	1

COMPONENTFINISH

COMPONENT 523606=IfcFlowSegment
#	TMesh	278107=IfcFlowSegment
1	0.00124114	4.99099e-010	0	-0.00124114	1	-1.17372e-010	0	-4.99245e-010	1.16753e-010	1	0	72.8157	24.0259	-5.96046e-007	1

COMPONENTFINISH

COMPONENT 523693=IfcFlowSegment
#	TMesh	1245866=IfcFlowSegment
1.56953e-010	9.498e-011	0.0587649	0	-0.000103296	0.0587648	-9.47039e-011	0	0.0587648	0.000103296	-1.5712e-010	0	-105.4	87.0565	0.416772	1

COMPONENTFINISH

COMPONENT 523780=IfcFlowSegment
#	TMesh	278107=IfcFlowSegment
0.999999	-0.00111968	-2.57006e-009	0	0.00111968	0.999999	-6.25071e-010	0	2.57076e-009	6.22193e-010	0.999999	0	76.2952	-0.203789	4.76837e-007	1

COMPONENTFINISH

COMPONENT 523867=IfcFlowSegment
#	TMesh	1245866=IfcFlowSegment
-8.9897e-012	-2.51701e-011	0.0587006	0	0.000136312	0.0587005	2.51909e-011	0	-0.0587005	0.000136312	-8.93123e-012	0	-105.939	90.4634	0.417333	1

COMPONENTFINISH

COMPONENT 523954=IfcFlowSegment
#	TMesh	1779190=IfcFlowSegment
3.40456e-005	-0.664079	0.0537734	0	2.7564e-006	-0.0537734	-0.664079	0	0.666253	3.4157e-005	-4.21322e-010	0	-103.095	145.944	-25.1004	1

COMPONENTFINISH

COMPONENT 524041=IfcFlowSegment
#	TMesh	2213889=IfcFlowSegment
-1.03546e-006	3.46235e-008	-2.87453	0	2.87451	-0.0102503	-1.03557e-006	0	0.0102503	2.87451	3.0931e-008	0	-388.691	118.285	49.7792	1

COMPONENTFINISH

COMPONENT 524128=IfcFlowSegment
#	TMesh	1786214=IfcFlowSegment
-4.57933e-005	0.0541024	0.66823	0	0.000565603	-0.668229	0.0541024	0	0.670416	0.000567454	-9.45511e-011	0	-103.048	67.247	-39.76	1

COMPONENTFINISH

COMPONENT 524215=IfcFlowSegment
#	TMesh	43438=IfcFlowSegment
5.18097e-010	3.95249e-010	0.166809	0	7.18584e-005	0.166809	-3.95472e-010	0	0.166809	-7.18584e-005	-5.17926e-010	0	-105.937	90.8104	16.8947	1

COMPONENTFINISH

COMPONENT 524302=IfcFlowSegment
#	TMesh	1104987=IfcFlowSegment
-0.00047561	-0.669995	3.90769e-010	0	-1.85664e-010	-3.90638e-010	-0.669995	0	0.669995	-0.00047561	-1.85387e-010	0	-106.537	134.705	29.4882	1

COMPONENTFINISH

COMPONENT 524389=IfcFlowSegment
#	TMesh	124188=IfcFlowSegment
0.000324018	-0.885275	-2.79968e-008	0	9.57064e-010	2.79972e-008	-0.885276	0	0.885275	0.000324018	9.67311e-010	0	-102.88	-84.3199	93.2438	1

COMPONENTFINISH

COMPONENT 524476=IfcFlowSegment
#	TMesh	1771144=IfcFlowSegment
0.588722	6.51458e-005	-2.20546e-011	0	-6.51458e-005	0.588722	-1.55322e-010	0	2.20374e-011	1.55325e-010	0.588722	0	-162.713	117.179	5.16209	1

COMPONENTFINISH

COMPONENT 524563=IfcFlowSegment
#	TMesh	124188=IfcFlowSegment
0.00142075	0.885278	-2.77341e-008	0	2.11868e-009	-2.77375e-008	-0.885279	0	0.885278	-0.00142075	2.16319e-009	0	-102.643	301.547	93.2442	1

COMPONENTFINISH

COMPONENT 524650=IfcFlowSegment
#	TMesh	1771144=IfcFlowSegment
0.588723	-0.000410537	4.97047e-010	0	0.000410537	0.588723	-9.9528e-011	0	-4.96978e-010	9.98746e-011	0.588723	0	-162.704	120.625	5.16209	1

COMPONENTFINISH

COMPONENT 524737=IfcFlowSegment
#	TMesh	1245866=IfcFlowSegment
2.59395e-010	-8.93595e-011	-0.0587008	0	0.000151695	0.0587006	-8.86889e-011	0	-0.0587006	0.000151695	-2.59625e-010	0	-105.941	107.464	1.75091	1

COMPONENTFINISH

COMPONENT 524824=IfcFlowSegment
#	TMesh	1786214=IfcFlowSegment
-2.9766e-005	0.0541351	0.668634	0	0.000367644	-0.668634	0.0541351	0	0.670822	0.000368847	1.21292e-010	0	-103.057	80.8263	-39.7854	1

COMPONENTFINISH

COMPONENT 524911=IfcFlowSegment
#	TMesh	1245866=IfcFlowSegment
1.65934e-010	4.93822e-011	-0.0587651	0	6.32463e-005	-0.0587651	-4.92036e-011	0	-0.0587651	-6.32463e-005	-1.65987e-010	0	-105.932	123.373	1.75181	1

COMPONENTFINISH

COMPONENT 524998=IfcFlowSegment
#	Mesh	0	Begin

#	Vertex	72
-105.67	117.129	1.32127
-105.673	117.128	1.32127
-105.675	117.127	1.32127
-105.677	117.126	1.32127
-105.679	117.124	1.32127
-105.68	117.122	1.32127
-105.681	117.12	1.32127
-105.682	117.117	1.32127
-105.682	117.115	1.32127
-105.682	117.112	1.32127
-105.681	117.11	1.32127
-105.68	117.108	1.32127
-105.679	117.106	1.32127
-105.677	117.104	1.32127
-105.675	117.102	1.32127
-105.673	117.101	1.32127
-105.67	117.101	1.32127
-105.668	117.1	1.32127
-105.666	117.101	1.32127
-105.663	117.101	1.32127
-105.661	117.102	1.32127
-105.659	117.104	1.32127
-105.657	117.106	1.32127
-105.656	117.108	1.32127
-105.655	117.11	1.32127
-105.654	117.112	1.32127
-105.654	117.115	1.32127
-105.654	117.117	1.32127
-105.655	117.12	1.32127
-105.656	117.122	1.32127
-105.657	117.124	1.32127
-105.659	117.126	1.32127
-105.661	117.127	1.32127
-105.663	117.128	1.32127
-105.666	117.129	1.32127
-105.668	117.129	1.32127
-105.67	117.129	2.38
-105.673	117.128	2.38
-105.675	117.127	2.38
-105.677	117.126	2.38
-105.679	117.124	2.38
-105.68	117.122	2.38
-105.681	117.12	2.38
-105.682	117.117	2.38
-105.682	117.115	2.38
-105.682	117.112	2.38
-105.681	117.11	2.38
-105.68	117.108	2.38
-105.679	117.106	2.38
-105.677	117.104	2.38
-105.675	117.102	2.38
-105.673	117.101	2.38
-105.67	117.101	2.38
-105.668	117.1	2.38
-105.666	117.101	2.38
-105.663	117.101	2.38
-105.661	117.102	2.38
-105.659	117.104	2.38
-105.657	117.106	2.38
-105.656	117.108	2.38
-105.655	117.11	2.38
-105.654	117.112	2.38
-105.654	117.115	2.38
-105.654	117.117	2.38
-105.655	117.12	2.38
-105.656	117.122	2.38
-105.657	117.124	2.38
-105.659	117.126	2.38
-105.661	117.127	2.38
-105.663	117.128	2.38
-105.666	117.129	2.38
-105.668	117.129	2.38

#	Triangle	72
35	36	71	0	36	35
0	37	36	1	37	0
1	38	37	2	38	1
2	39	38	3	39	2
3	40	39	4	40	3
4	41	40	5	41	4
5	42	41	6	42	5
6	43	42	7	43	6
7	44	43	8	44	7
8	45	44	9	45	8
9	46	45	10	46	9
10	47	46	11	47	10
11	48	47	12	48	11
12	49	48	13	49	12
13	50	49	14	50	13
14	51	50	15	51	14
15	52	51	16	52	15
16	53	52	17	53	16
17	54	53	18	54	17
18	55	54	19	55	18
19	56	55	20	56	19
20	57	56	21	57	20
21	58	57	22	58	21
22	59	58	23	59	22
23	60	59	24	60	23
24	61	60	25	61	24
25	62	61	26	62	25
26	63	62	27	63	26
27	64	63	28	64	27
28	65	64	29	65	28
29	66	65	30	66	29
30	67	66	31	67	30
31	68	67	32	68	31
32	69	68	33	69	32
33	70	69	34	70	33
34	71	70	35	71	34
7	9	8	26	25	27
6	9	7	27	25	24
6	10	9	27	24	28
5	10	6	28	24	23
5	11	10	28	23	29
4	11	5	29	23	22
4	12	11	29	22	30
3	12	4	30	22	21
3	13	12
2	13	3	31	21	20
2	14	13	31	20	32
1	14	2	32	20	19
1	15	14	32	19	33
0	15	1	33	19	18
0	16	15	33	18	34
35	16	0	34	18	17
35	17	16	34	17	35
30	21	31
45	43	44	62	63	61
46	43	45	61	63	64
46	42	43	61	64	60
47	42	46	60	64	65
47	41	42	60	65	59
48	41	47	59	65	66
48	40	41	59	66	58
49	40	48	58	66	67
49	39	40
50	39	49	57	67	68
50	38	39	57	68	56
51	38	50	56	68	69
51	37	38	56	69	55
52	37	51	55	69	70
52	36	37	55	70	54
53	36	52	54	70	71
53	71	36	54	71	53
58	67	57

#	Normal	72
-0.0848662	0.996392	-0
-0.260198	0.965555	-0
-0.423229	0.906023	-0
-0.574094	0.81879	-0
-0.705537	0.708673	-0
-0.81879	0.574094	-0
-0.906023	0.423229	-0
-0.966339	0.257272	-0
-0.996146	0.087711	-0
-0.996122	-0.0879855	0
-0.966339	-0.257272	0
-0.906023	-0.423229	0
-0.81982	-0.572622	0
-0.705537	-0.708673	0
-0.574094	-0.81879	0
-0.423229	-0.906023	0
-0.257272	-0.966339	0
-0.0879855	-0.996122	0
0.087711	-0.996146	-0
0.257272	-0.966339	-0
0.423229	-0.906023	-0
0.574094	-0.81879	-0
0.707107	-0.707107	-0
0.81982	-0.572622	-0
0.906023	-0.423229	-0
0.965555	-0.260198	-0
0.996392	-0.0848662	-0
0.996415	0.0846013	-0
0.965555	0.260198	-0
0.906023	0.423229	-0
0.81879	0.574094	-0
0.707107	0.707107	-0
0.574094	0.81879	-0
0.423229	0.906023	-0
0.260198	0.965555	-0
0.0846013	0.996415	-0
-0	-0	-1.08521e-006
-0	-0	-3.1781e-006
-0	-0	-6.26111e-006
-0	-0	-1.03079e-005
-0	-0	-1.50705e-005
-0	-0	-2.04289e-005
-0	-0	-2.62705e-005
-0	-0	-3.24434e-005
-0	-0	-3.86506e-005
-0	-0	-4.46364e-005
-0	-0	-5.04668e-005
-0	-0	-5.58809e-005
-0	-0	-6.06434e-005
-0	-0	-6.46304e-005
-0	-0	-6.77322e-005
-0	-0	-6.97114e-005
-0	-0	-7.07755e-005
-0	-0	-3.84796e-005
-0	-0	1.08521e-006
-0	-0	3.1781e-006
-0	-0	6.26111e-006
-0	-0	1.03079e-005
-0	-0	1.50705e-005
-0	-0	2.04289e-005
-0	-0	2.62705e-005
-0	-0	3.24434e-005
-0	-0	3.86506e-005
-0	-0	4.46364e-005
-0	-0	5.04668e-005
-0	-0	5.58809e-005
-0	-0	6.06434e-005
-0	-0	6.46304e-005
-0	-0	6.77322e-005
-0	-0	6.97114e-005
-0	-0	7.07755e-005
0	-0	3.84796e-005

#	Mesh	0	End


COMPONENTFINISH

COMPONENT 525085=IfcFlowSegment
#	TMesh	1245866=IfcFlowSegment
-2.47115e-010	1.11041e-010	0.0587649	0	-0.00012308	0.0587647	-1.11558e-010	0	0.0587647	0.00012308	2.46882e-010	0	-101.798	87.0566	0.416773	1

COMPONENTFINISH

COMPONENT 525172=IfcFlowSegment
#	TMesh	278107=IfcFlowSegment
1	0.000600511	-4.00148e-010	0	-0.000600511	1	-3.00538e-010	0	3.99967e-010	3.00779e-010	1	0	80.056	0.109261	-1.54972e-006	1

COMPONENTFINISH

COMPONENT 525259=IfcFlowSegment
#	TMesh	1245866=IfcFlowSegment
-1.99571e-011	-2.51954e-011	0.0587006	0	-0.0001173	0.0587005	2.51554e-011	0	0.0587005	0.0001173	2.00074e-011	0	-101.799	90.4634	0.417333	1

COMPONENTFINISH

COMPONENT 525346=IfcFlowSegment
#	TMesh	1779190=IfcFlowSegment
0.000264966	-0.664079	0.0537734	0	2.1455e-005	-0.0537734	-0.664079	0	0.666253	0.000265833	-4.21292e-010	0	-99.5118	145.945	-25.1004	1

COMPONENTFINISH

COMPONENT 525433=IfcFlowSegment
#	TMesh	2213889=IfcFlowSegment
-1.0281e-006	3.73465e-008	-2.87453	0	2.87451	-0.0101404	-1.02823e-006	0	0.0101404	2.87451	3.37195e-008	0	-385.092	118.274	49.7792	1

COMPONENTFINISH

COMPONENT 525520=IfcFlowSegment
#	TMesh	1786214=IfcFlowSegment
-0.000143724	0.0541022	0.66823	0	0.00177517	-0.668227	0.0541024	0	0.670414	0.00178097	-5.57364e-011	0	-99.3888	67.2518	-39.76	1

COMPONENTFINISH

COMPONENT 525607=IfcFlowSegment
#	TMesh	43438=IfcFlowSegment
6.7828e-010	6.76555e-010	0.16681	0	0.000214706	0.16681	-6.77427e-010	0	0.16681	-0.000214706	-6.77408e-010	0	-102.348	90.8106	16.8947	1

COMPONENTFINISH

COMPONENT 525694=IfcFlowSegment
#	TMesh	1104987=IfcFlowSegment
-0.000225579	-0.669995	3.90815e-010	0	-3.40864e-010	-3.90701e-010	-0.669995	0	0.669995	-0.000225579	-3.40733e-010	0	-102.949	134.705	29.4882	1

COMPONENTFINISH

COMPONENT 525781=IfcFlowSegment
#	TMesh	124188=IfcFlowSegment
0.00059696	-0.885275	-2.59296e-008	0	-1.1086e-009	2.59289e-008	-0.885276	0	0.885275	0.00059696	-1.09112e-009	0	-99.2213	-84.3191	93.2439	1

COMPONENTFINISH

COMPONENT 525868=IfcFlowSegment
#	TMesh	1771144=IfcFlowSegment
0.588721	0.00105849	4.1097e-011	0	-0.00105849	0.588721	-1.55392e-010	0	-4.13763e-011	1.55318e-010	0.588722	0	-159.13	117.082	5.16209	1

COMPONENTFINISH

COMPONENT 525955=IfcFlowSegment
#	TMesh	124188=IfcFlowSegment
0.000808504	0.885278	-2.77392e-008	0	-1.11267e-009	-2.77382e-008	-0.885278	0	0.885278	-0.000808504	-1.08733e-009	0	-99.1756	301.549	93.2441	1

COMPONENTFINISH

COMPONENT 526042=IfcFlowSegment
#	TMesh	1771144=IfcFlowSegment
0.588722	0.000357186	3.93349e-010	0	-0.000357186	0.588722	-5.99186e-010	0	-3.93712e-010	5.98948e-010	0.588723	0	-159.118	120.55	5.16209	1

COMPONENTFINISH

COMPONENT 526129=IfcFlowSegment
#	TMesh	1245866=IfcFlowSegment
1.51009e-010	1.67454e-010	-0.0587008	0	0.000132463	0.0587007	1.67794e-010	0	-0.0587007	0.000132463	-1.50631e-010	0	-102.339	107.463	1.75091	1

COMPONENTFINISH

COMPONENT 526216=IfcFlowSegment
#	TMesh	1786214=IfcFlowSegment
7.8808e-005	0.0541351	0.668634	0	-0.000973367	-0.668633	0.0541351	0	-0.670821	0.000976552	5.20147e-010	0	-104.709	80.8287	-39.7854	1

COMPONENTFINISH

COMPONENT 526303=IfcFlowSegment
#	TMesh	1245866=IfcFlowSegment
-9.86507e-012	1.616e-010	-0.0587651	0	8.14468e-005	-0.0587651	-1.61613e-010	0	-0.0587651	-8.14468e-005	9.64109e-012	0	-102.334	123.373	1.75181	1

COMPONENTFINISH

COMPONENT 526390=IfcFlowSegment
#	TMesh	524998=IfcFlowSegment
0.999992	0.00365971	-1.46161e-009	0	-0.00365971	0.999992	5.6369e-013	0	1.4616e-009	4.78531e-012	0.999999	0	4.02786	0.387627	1.90735e-006	1

COMPONENTFINISH

COMPONENT 526477=IfcFlowSegment
#	TMesh	303953=IfcFlowSegment
0.00407604	-0.588984	4.74965e-010	0	-7.5922e-010	4.69723e-010	0.588998	0	0.588984	0.00407604	7.55951e-010	0	-98.9781	70.8531	-40.1341	1

COMPONENTFINISH

COMPONENT 526564=IfcFlowSegment
#	TMesh	475559=IfcFlowSegment
0.994811	-0.101742	-1.03604e-010	0	0.101742	0.994811	1.01485e-010	0	-9.27413e-011	1.11499e-010	-1	0	-46.5145	-5.80017	3.70127	1

COMPONENTFINISH

COMPONENT 526651=IfcFlowSegment
#	TMesh	303953=IfcFlowSegment
4.4217e-005	-0.588352	1.27805e-009	0	-1.59249e-009	1.27793e-009	0.588352	0	-0.588352	-4.4217e-005	-1.59239e-009	0	-97.8015	74.2819	-40.0891	1

COMPONENTFINISH

COMPONENT 526738=IfcFlowSegment
#	TMesh	475559=IfcFlowSegment
0.995246	-0.0925288	-1.09274e-009	0	0.0925288	0.995246	-3.56892e-011	0	-1.09135e-009	6.56203e-011	-0.999538	0	-45.6279	-1.87165	3.70066	1

COMPONENTFINISH

COMPONENT 526825=IfcFlowSegment
#	TMesh	126868=IfcFlowSegment
-0.000406416	0.171241	-3.63543e-010	0	2.48163e-010	-3.62955e-010	-0.171241	0	0.171241	0.000406416	2.47301e-010	0	-97.0395	131.008	18.356	1

COMPONENTFINISH

COMPONENT 526912=IfcFlowSegment
#	TMesh	1778832=IfcFlowSegment
-0.00183448	0.0478122	0.590941	0	0.0226568	-0.590506	0.0478473	0	0.592439	0.0227309	-3.2419e-010	0	-95.2386	75.731	-42.5182	1

COMPONENTFINISH

COMPONENT 526999=IfcFlowSegment
#	TMesh	1053399=IfcFlowSegment
0.180247	0.00230031	0.0146052	0	0.014604	0.000186377	-0.180261	0	0.00230784	-0.180837	-6.45712e-010	0	-112.611	103.454	-4.81965	1

COMPONENTFINISH

COMPONENT 527086=IfcFlowSegment
#	TMesh	476081=IfcFlowSegment
0.999999	0.00149199	1.61461e-010	0	-0.00149199	0.999999	9.25299e-011	0	-1.61323e-010	-9.27707e-011	1	0	-36.5456	0.0923386	3.57628e-007	1

COMPONENTFINISH

COMPONENT 527173=IfcFlowSegment
#	Mesh	0	Begin

#	Vertex	72
-98.4655	106.901	0.93
-98.4631	106.901	0.93
-98.4609	106.902	0.93
-98.4588	106.904	0.93
-98.4571	106.906	0.93
-98.4556	106.908	0.93
-98.4546	106.91	0.93
-98.4539	106.912	0.93
-98.4537	106.915	0.93
-98.4539	106.917	0.93
-98.4546	106.92	0.93
-98.4556	106.922	0.93
-98.4571	106.924	0.93
-98.4588	106.926	0.93
-98.4609	106.927	0.93
-98.4631	106.928	0.93
-98.4655	106.929	0.93
-98.468	106.929	0.93
-98.4705	106.929	0.93
-98.4729	106.928	0.93
-98.4751	106.927	0.93
-98.4772	106.926	0.93
-98.479	106.924	0.93
-98.4804	106.922	0.93
-98.4814	106.92	0.93
-98.4821	106.917	0.93
-98.4823	106.915	0.93
-98.4821	106.912	0.93
-98.4814	106.91	0.93
-98.4804	106.908	0.93
-98.479	106.906	0.93
-98.4772	106.904	0.93
-98.4751	106.902	0.93
-98.4729	106.901	0.93
-98.4705	106.901	0.93
-98.468	106.9	0.93
-98.4655	106.901	1.22834
-98.4631	106.901	1.22834
-98.4609	106.902	1.22834
-98.4588	106.904	1.22834
-98.4571	106.906	1.22834
-98.4556	106.908	1.22834
-98.4546	106.91	1.22834
-98.4539	106.912	1.22834
-98.4537	106.915	1.22834
-98.4539	106.917	1.22834
-98.4546	106.92	1.22834
-98.4556	106.922	1.22834
-98.4571	106.924	1.22834
-98.4588	106.926	1.22834
-98.4609	106.927	1.22834
-98.4631	106.928	1.22834
-98.4655	106.929	1.22834
-98.468	106.929	1.22834
-98.4705	106.929	1.22834
-98.4729	106.928	1.22834
-98.4751	106.927	1.22834
-98.4772	106.926	1.22834
-98.479	106.924	1.22834
-98.4804	106.922	1.22834
-98.4814	106.92	1.22834
-98.4821	106.917	1.22834
-98.4823	106.915	1.22834
-98.4821	106.912	1.22834
-98.4814	106.91	1.22834
-98.4804	106.908	1.22834
-98.479	106.906	1.22834
-98.4772	106.904	1.22834
-98.4751	106.902	1.22834
-98.4729	106.901	1.22834
-98.4705	106.901	1.22834
-98.468	106.9	1.22834

#	Triangle	72
35	36	71	0	36	35
0	37	36	1	37	0
1	38	37	2	38	1
2	39	38	3	39	2
3	40	39	4	40	3
4	41	40	5	41	4
5	42	41	6	42	5
6	43	42	7	43	6
7	44	43	8	44	7
8	45	44	9	45	8
9	46	45	10	46	9
10	47	46	11	47	10
11	48	47	12	48	11
12	49	48	13	49	12
13	50	49	14	50	13
14	51	50	15	51	14
15	52	51	16	52	15
16	53	52	17	53	16
17	54	53	18	54	17
18	55	54	19	55	18
19	56	55	20	56	19
20	57	56	21	57	20
21	58	57	22	58	21
22	59	58	23	59	22
23	60	59	24	60	23
24	61	60	25	61	24
25	62	61	26	62	25
26	63	62	27	63	26
27	64	63	28	64	27
28	65	64	29	65	28
29	66	65	30	66	29
