COMPONENT 990498=IfcFlowTerminal
#	TMesh	1000018=IfcFlowTerminal
1.00004	2.40937e-005	0.000621104	0	-2.37857e-005	1.00004	-0.000495895	0	-0.000621116	0.00049588	1.00004	0	21.204	-22.0047	0.0414813	1

COMPONENTFINISH

COMPONENT 990566=IfcFlowTerminal
#	TMesh	1000086=IfcFlowTerminal
-0.999972	3.7834e-005	7.0177e-005	0	-3.78191e-005	-0.999972	0.000139731	0	7.01823e-005	0.000139728	0.999972	0	39.3448	168.146	-0.0138562	1

COMPONENTFINISH

COMPONENT 990634=IfcFlowTerminal
#	TMesh	1000018=IfcFlowTerminal
1.00003	5.33532e-006	0.000400457	0	6.16769e-006	-1.00003	-0.00207863	0	-0.000400445	-0.00207864	1.00003	0	21.201	171.554	0.193974	1

COMPONENTFINISH

COMPONENT 990702=IfcFlowTerminal
#	TMesh	1000086=IfcFlowTerminal
-0.991534	0.129544	9.26015e-005	0	0.129544	0.991534	0.000193552	0	6.67466e-005	-0.000203917	0.99996	0	26.9483	-18.9696	-0.0191488	1

COMPONENTFINISH

COMPONENT 990770=IfcFlowTerminal
#	TMesh	1000018=IfcFlowTerminal
1.00011	-3.28007e-006	0.000575773	0	-2.99881e-006	-1.00011	-0.000488536	0	-0.000575774	-0.000488534	1.00011	0	22.0014	174.96	0.0411346	1

COMPONENTFINISH

COMPONENT 990838=IfcFlowTerminal
#	TMesh	1000086=IfcFlowTerminal
-0.991548	0.12955	0.000480167	0	0.12955	0.991548	-1.6724e-005	0	0.000478287	-4.56241e-005	0.999975	0	27.7469	-15.5714	-0.00270796	1

COMPONENTFINISH

COMPONENT 990906=IfcFlowTerminal
#	TMesh	1000018=IfcFlowTerminal
-1.00012	-3.53649e-005	0.000164924	0	3.52202e-005	-1.00012	-0.000877538	0	0.000164955	-0.000877533	1.00012	0	39.3392	178.362	0.0818338	1

COMPONENTFINISH

COMPONENT 990974=IfcFlowTerminal
#	TMesh	1000086=IfcFlowTerminal
-0.991545	0.129549	0.000346061	0	0.129549	0.991545	2.66881e-005	0	0.000339687	-7.12961e-005	0.999972	0	26.9473	-12.171	-0.00561094	1

COMPONENTFINISH

COMPONENT 991042=IfcFlowTerminal
#	TMesh	1000018=IfcFlowTerminal
1.00006	4.81068e-006	0.000400466	0	5.34768e-006	-1.00006	-0.00134105	0	-0.000400459	-0.00134105	1.00006	0	21.2008	184.556	0.123818	1

COMPONENTFINISH

COMPONENT 991110=IfcFlowTerminal
#	TMesh	1000086=IfcFlowTerminal
-0.999962	6.13332e-005	0.000122024	0	-6.14375e-005	-0.999961	-0.0008459	0	0.000121972	-0.000845907	0.999961	0	39.3468	184.547	0.0794082	1

COMPONENTFINISH

COMPONENT 991178=IfcFlowTerminal
#	TMesh	1000018=IfcFlowTerminal
1.00003	5.41472e-006	0.000400456	0	6.29632e-006	-1.00002	-0.00220157	0	-0.000400443	-0.00220157	1.00002	0	21.2011	187.554	0.205665	1

COMPONENTFINISH

COMPONENT 991246=IfcFlowTerminal
#	TMesh	1000086=IfcFlowTerminal
-0.991534	0.129546	0.000105269	0	0.129546	0.991534	0.000288921	0	6.69514e-005	-0.000300124	0.999961	0	26.9481	-2.96939	-0.0283325	1

COMPONENTFINISH

COMPONENT 991314=IfcFlowTerminal
#	TMesh	1000018=IfcFlowTerminal
1.00002	-1.72437e-006	0.000400453	0	2.44242e-006	1.00002	-0.00179314	0	-0.000400449	0.00179314	1.00002	0	21.2015	-8.60357	0.166837	1

COMPONENTFINISH

COMPONENT 991382=IfcFlowTerminal
#	TMesh	1000086=IfcFlowTerminal
-0.991538	0.129547	0.000105269	0	0.129547	0.991538	0.000288922	0	6.69517e-005	-0.000300125	0.999964	0	26.9481	-8.96972	-0.0283408	1

COMPONENTFINISH

COMPONENT 991450=IfcFlowTerminal
#	TMesh	1000018=IfcFlowTerminal
1.00006	7.7577e-006	0.000657852	0	-7.83835e-006	1.00006	0.000122601	0	-0.000657851	-0.000122607	1.00006	0	21.2023	-0.00613403	-0.0176746	1

COMPONENTFINISH

COMPONENT 991518=IfcFlowTerminal
#	TMesh	1000086=IfcFlowTerminal
-0.991547	0.129572	2.75703e-005	0	0.129572	0.991547	8.1264e-005	0	1.68081e-005	-8.41513e-005	0.999977	0	26.9459	-0.371338	-0.00792336	1

COMPONENTFINISH

COMPONENT 991586=IfcFlowTerminal
#	TMesh	1000018=IfcFlowTerminal
1.00002	7.7192e-007	0.000645489	0	-6.22822e-008	1.00002	-0.0010994	0	-0.00064549	0.0010994	1.00002	0	17.6019	-32.2029	0.098659	1

COMPONENTFINISH

COMPONENT 991654=IfcFlowTerminal
#	TMesh	1000018=IfcFlowTerminal
-1.00005	-2.36929e-005	-0.000411117	0	-2.33211e-005	1.00005	-0.000904411	0	-0.000411138	0.000904401	1.00005	0	35.7446	-28.8051	0.0896789	1

COMPONENTFINISH

COMPONENT 991722=IfcFlowTerminal
#	TMesh	1000086=IfcFlowTerminal
-0.991534	0.129547	0.000228123	0	0.129547	0.991534	-5.51369e-005	0	0.000233344	2.51185e-005	0.999962	0	23.3476	-29.1702	0.0032618	1

COMPONENTFINISH

COMPONENT 991790=IfcFlowTerminal
#	TMesh	1000018=IfcFlowTerminal
-1.00004	1.16692e-006	-0.000337553	0	-4.51086e-007	-1.00004	-0.00212075	0	-0.000337555	-0.00212075	1.00004	0	35.7423	164.755	0.204661	1

COMPONENTFINISH

COMPONENT 991858=IfcFlowTerminal
#	TMesh	1000086=IfcFlowTerminal
-0.991546	0.129544	0.000183575	0	0.129544	0.991546	-1.34144e-005	0	0.000183766	-1.04804e-005	0.999972	0	23.3481	-25.7711	-0.000324965	1

COMPONENTFINISH

COMPONENT 991926=IfcFlowTerminal
#	TMesh	1000018=IfcFlowTerminal
1.00009	4.34394e-005	0.00105007	0	-4.38223e-005	1.00009	0.000364613	0	-0.00105006	-0.000364658	1.00009	0	17.6058	-22.009	-0.0442659	1

COMPONENTFINISH

COMPONENT 991994=IfcFlowTerminal
#	TMesh	1000086=IfcFlowTerminal
-0.991561	0.129563	0.000341906	0	0.129563	0.991561	0.000234846	0	0.000308597	-0.000277165	0.99999	0	23.3462	-22.3721	-0.0254054	1

COMPONENTFINISH

COMPONENT 992062=IfcFlowTerminal
#	TMesh	1000018=IfcFlowTerminal
1.00001	-4.54581e-008	0.00049843	0	5.71562e-007	1.00001	-0.00105553	0	-0.000498429	0.00105553	1.00001	0	17.6018	-18.6019	0.0958304	1

COMPONENTFINISH

COMPONENT 992130=IfcFlowTerminal
#	TMesh	1000086=IfcFlowTerminal
-0.991556	0.129469	0.00045346	0	0.129469	0.991555	-0.000434873	0	0.000505947	0.000372503	0.999972	0	23.3546	-18.9723	0.0372984	1

COMPONENTFINISH

COMPONENT 992198=IfcFlowTerminal
#	TMesh	1000018=IfcFlowTerminal
-1.00007	-1.52849e-006	-0.000337555	0	1.98392e-006	-1.00007	-0.0013493	0	-0.000337553	-0.0013493	1.00007	0	35.7424	174.958	0.131286	1

COMPONENTFINISH

COMPONENT 992266=IfcFlowTerminal
#	TMesh	1000086=IfcFlowTerminal
-0.991548	0.129566	0.000558408	0	0.129566	0.991548	0.000167206	0	0.000532036	-0.000238149	0.999977	0	23.3452	-15.571	-0.0209088	1

COMPONENTFINISH

COMPONENT 992334=IfcFlowTerminal
#	TMesh	1000018=IfcFlowTerminal
-1.00003	-2.57252e-005	-0.000411084	0	-2.49491e-005	1.00003	-0.00188789	0	-0.000411132	0.00188788	1.00003	0	35.7446	-11.8045	0.183197	1

COMPONENTFINISH

COMPONENT 992402=IfcFlowTerminal
#	TMesh	1000086=IfcFlowTerminal
-0.991534	0.129562	0.000266124	0	0.129562	0.991534	0.000230966	0	0.000233955	-0.0002635	0.999963	0	23.3462	-12.1696	-0.0242867	1

COMPONENTFINISH

COMPONENT 992470=IfcFlowTerminal
#	TMesh	1000018=IfcFlowTerminal
1	-1.52213e-006	0.000498425	0	2.35459e-006	1	-0.00167018	0	-0.000498421	0.00167018	1	0	17.6017	-5.60158	0.154276	1

COMPONENTFINISH

COMPONENT 992538=IfcFlowTerminal
#	TMesh	1000086=IfcFlowTerminal
-0.991551	0.129526	0.000529415	0	0.129526	0.991551	0.000137397	0	0.000507158	-0.000204814	0.999975	0	23.3491	-5.97104	-0.0178065	1

COMPONENTFINISH

COMPONENT 992606=IfcFlowTerminal
#	TMesh	1000018=IfcFlowTerminal
1.00002	5.36773e-007	0.000498435	0	-1.33211e-007	1.00002	-0.000809674	0	-0.000498436	0.000809674	1.00002	0	17.6018	-2.60257	0.0724469	1

COMPONENTFINISH

COMPONENT 992674=IfcFlowTerminal
#	TMesh	1000086=IfcFlowTerminal
-0.991553	0.129496	0.00049143	0	0.129496	0.991553	-0.000148733	0	0.000506552	8.38408e-005	0.999973	0	23.352	-2.97163	0.00974703	1

COMPONENTFINISH

COMPONENT 992742=IfcFlowTerminal
#	TMesh	1000018=IfcFlowTerminal
1.00002	2.53457e-007	0.000498433	0	2.11379e-007	1.00002	-0.000932607	0	-0.000498433	0.000932608	1.00002	0	17.6018	-8.60234	0.0841381	1

COMPONENTFINISH

COMPONENT 992810=IfcFlowTerminal
#	TMesh	1000086=IfcFlowTerminal
-0.991556	0.12946	0.000440807	0	0.12946	0.991556	-0.000530253	0	0.000505745	0.000468722	0.999971	0	23.3555	-8.97248	0.0464833	1

COMPONENTFINISH

COMPONENT 992878=IfcFlowTerminal
#	TMesh	1000018=IfcFlowTerminal
1.00011	2.63855e-005	0.000939767	0	-2.74249e-005	1.00011	0.00110612	0	-0.000939737	-0.00110615	1.00011	0	17.604	-0.00928497	-0.113774	1

COMPONENTFINISH

COMPONENT 992946=IfcFlowTerminal
#	TMesh	1000086=IfcFlowTerminal
-0.991572	0.129502	0.000189926	0	0.129502	0.991571	-0.000909869	0	0.000306158	0.000877611	0.999992	0	23.3521	-0.375282	0.0848014	1

COMPONENTFINISH

COMPONENT 993014=IfcFlowTerminal
#	TMesh	1000018=IfcFlowTerminal
1.00005	2.12895e-006	0.000502201	0	-1.82382e-006	1.00005	-0.000607612	0	-0.000502202	0.000607611	1.00005	0	14.0017	-32.2053	0.0531741	1

COMPONENTFINISH

COMPONENT 993082=IfcFlowTerminal
#	TMesh	1000018=IfcFlowTerminal
1.00004	2.14838e-005	0.000502216	0	-2.09679e-005	1.00004	-0.00102728	0	-0.000502238	0.00102727	1.00004	0	14.0036	-28.8046	0.0930837	1

COMPONENTFINISH

COMPONENT 993150=IfcFlowTerminal
#	TMesh	1000086=IfcFlowTerminal
-0.991537	0.129566	4.01043e-005	0	0.129566	0.991537	6.60153e-005	0	3.12126e-005	-7.06553e-005	0.999967	0	19.7463	-29.1704	-0.00656295	1

COMPONENTFINISH

COMPONENT 993218=IfcFlowTerminal
#	TMesh	1000018=IfcFlowTerminal
-1.00006	5.83826e-007	-0.000341244	0	5.59173e-008	-1.00006	-0.00187485	0	-0.000341244	-0.00187485	1.00006	0	32.1425	164.757	0.181296	1

COMPONENTFINISH

COMPONENT 993286=IfcFlowTerminal
#	TMesh	1000086=IfcFlowTerminal
0.999975	-2.71052e-005	-1.22598e-006	0	2.70978e-005	0.999975	0.000214706	0	1.22016e-006	-0.000214706	0.999975	0	13.9992	-25.3968	-0.0203431	1

COMPONENTFINISH

COMPONENT 993354=IfcFlowTerminal
#	TMesh	1000018=IfcFlowTerminal
1.00007	3.19933e-005	0.000796467	0	-3.17943e-005	1.00007	-0.000249912	0	-0.000796475	0.000249887	1.00007	0	14.0047	-22.007	0.0164803	1

COMPONENTFINISH

COMPONENT 993422=IfcFlowTerminal
#	TMesh	1000086=IfcFlowTerminal
-0.999985	3.25814e-005	-1.45453e-005	0	-3.25888e-005	-0.999985	4.36555e-005	0	-1.45439e-005	4.36559e-005	0.999985	0	32.1446	168.148	-0.0039835	1

COMPONENTFINISH

COMPONENT 993490=IfcFlowTerminal
#	TMesh	1000018=IfcFlowTerminal
1.00004	-1.36303e-006	0.000281548	0	1.6948e-006	1.00003	-0.00117844	0	-0.000281546	0.00117844	1.00003	0	14.0013	-18.6044	0.109458	1

COMPONENTFINISH

COMPONENT 993558=IfcFlowTerminal
#	TMesh	1000086=IfcFlowTerminal
-0.991543	0.129536	0.000168178	0	0.129536	0.991543	8.68183e-005	0	0.000155514	-0.000107873	0.999969	0	19.7489	-18.9706	-0.00970554	1

COMPONENTFINISH

COMPONENT 993626=IfcFlowTerminal
#	TMesh	1000018=IfcFlowTerminal
-1.00013	-4.60848e-006	-0.000267689	0	4.73924e-006	-1.00013	-0.000488545	0	-0.000267687	-0.000488546	1.00013	0	32.1426	174.962	0.0487652	1

COMPONENTFINISH

COMPONENT 993694=IfcFlowTerminal
#	TMesh	1000086=IfcFlowTerminal
-0.99154	0.129588	-1.25962e-005	0	0.129588	0.99154	4.66168e-005	0	-1.85311e-005	-4.45913e-005	0.999972	0	19.7443	-15.5709	-0.00425315	1

COMPONENTFINISH

COMPONENT 993762=IfcFlowTerminal
#	TMesh	1000018=IfcFlowTerminal
1.00005	2.28769e-005	0.000502235	0	-2.25463e-005	1.00005	-0.000658454	0	-0.00050225	0.000658442	1.00005	0	14.0037	-11.8057	0.0580048	1

COMPONENTFINISH

COMPONENT 993830=IfcFlowTerminal
#	TMesh	1000086=IfcFlowTerminal
-0.991537	0.129567	5.27737e-005	0	0.129567	0.991537	0.000161386	0	3.14178e-005	-0.000166864	0.999966	0	19.7462	-12.1702	-0.0157444	1

COMPONENTFINISH

COMPONENT 993898=IfcFlowTerminal
#	TMesh	1000018=IfcFlowTerminal
1.00006	5.86686e-006	0.000281554	0	6.38284e-006	-1.00006	-0.00183277	0	-0.000281542	-0.00183277	1.00006	0	14.0007	184.556	0.17165	1

COMPONENTFINISH

COMPONENT 993966=IfcFlowTerminal
#	TMesh	1000086=IfcFlowTerminal
-0.99997	2.52053e-005	0.000209075	0	-2.52128e-005	-0.99997	1.97828e-005	0	0.000209076	1.97775e-005	0.99997	0	32.1432	184.546	-0.00370574	1

COMPONENTFINISH

COMPONENT 994034=IfcFlowTerminal
#	TMesh	1000018=IfcFlowTerminal
1.00004	-1.3467e-006	0.00028155	0	1.60925e-006	1.00004	-0.000932559	0	-0.000281549	0.000932559	1.00004	0	14.0012	-2.60504	0.0860733	1

COMPONENTFINISH

COMPONENT 994102=IfcFlowTerminal
#	TMesh	1000086=IfcFlowTerminal
-0.999967	2.00495e-005	0.000208865	0	-2.00272e-005	-0.999967	0.000115997	0	0.000208867	0.000115993	0.999967	0	32.1427	187.546	-0.0128448	1

COMPONENTFINISH

COMPONENT 994170=IfcFlowTerminal
#	TMesh	1000018=IfcFlowTerminal
1.00004	-1.33631e-006	0.000281549	0	1.84116e-006	1.00004	-0.00179318	0	-0.000281546	0.00179318	1.00003	0	14.0013	-8.60499	0.167904	1

COMPONENTFINISH

COMPONENT 994238=IfcFlowTerminal
#	TMesh	1000086=IfcFlowTerminal
-0.991543	0.129548	0.000206182	0	0.129548	0.991543	0.00037296	0	0.000156127	-0.000396528	0.99997	0	19.7478	-8.97005	-0.0372591	1

COMPONENTFINISH

COMPONENT 994306=IfcFlowTerminal
#	TMesh	1000018=IfcFlowTerminal
1.0001	1.91435e-005	0.00079647	0	-1.96329e-005	1.0001	0.000614581	0	-0.000796458	-0.000614597	1.0001	0	14.0032	-0.00905609	-0.0657388	1

COMPONENTFINISH

COMPONENT 994374=IfcFlowTerminal
#	TMesh	1000086=IfcFlowTerminal
0.999984	-3.203e-005	-0.000125382	0	3.20598e-005	0.999984	0.000192746	0	0.000125375	-0.00019275	0.999984	0	13.9983	0.00224304	-0.0171514	1

COMPONENTFINISH

COMPONENT 994442=IfcFlowTerminal
#	TMesh	1000018=IfcFlowTerminal
1.00001	-8.07064e-007	0.000541027	0	1.46836e-006	1.00001	-0.00122231	0	-0.000541026	0.00122231	1.00001	0	10.1117	-32.2025	0.111296	1

COMPONENTFINISH

COMPONENT 994510=IfcFlowTerminal
#	TMesh	1000018=IfcFlowTerminal
1.00003	2.08774e-005	0.000504295	0	-2.04834e-005	1.00003	-0.000781454	0	-0.000504311	0.000781444	1.00003	0	10.1136	-28.8042	0.0696966	1

COMPONENTFINISH

COMPONENT 994578=IfcFlowTerminal
#	TMesh	1000086=IfcFlowTerminal
-0.999965	4.20436e-005	0.000215073	0	-4.20064e-005	-0.999965	0.0002492	0	0.000215084	0.000249191	0.999965	0	28.2548	161.345	-0.0255625	1

COMPONENTFINISH

COMPONENT 994646=IfcFlowTerminal
#	TMesh	1000018=IfcFlowTerminal
-1.00006	-3.33401e-007	-0.000380156	0	9.05904e-007	-1.00006	-0.00150607	0	-0.000380155	-0.00150607	1.00006	0	28.2524	164.757	0.146586	1

COMPONENTFINISH

COMPONENT 994714=IfcFlowTerminal
#	TMesh	1000086=IfcFlowTerminal
0.991539	-0.129564	-0.000108673	0	-0.129564	-0.991539	2.33541e-005	0	0.000110783	9.07667e-006	0.999968	0	22.5063	165.12	-0.00116062	1

COMPONENTFINISH

COMPONENT 994782=IfcFlowTerminal
#	TMesh	1000018=IfcFlowTerminal
1.00012	5.22537e-005	0.00105602	0	-5.34176e-005	1.00012	0.00110231	0	-0.00105596	-0.00110237	1.00012	0	10.1164	-22.0113	-0.114483	1

COMPONENTFINISH

COMPONENT 994850=IfcFlowTerminal
#	TMesh	1000086=IfcFlowTerminal
0.991543	-0.129544	0.000139917	0	-0.129544	-0.991543	-0.000180243	0	-0.000162088	-0.000160598	0.99997	0	22.505	168.521	0.0159376	1

COMPONENTFINISH

COMPONENT 994918=IfcFlowTerminal
#	TMesh	1000018=IfcFlowTerminal
1.00002	1.33067e-006	0.000577804	0	-7.91818e-007	1.00002	-0.000932598	0	-0.000577805	0.000932598	1.00002	0	10.112	-18.6027	0.083414	1

COMPONENTFINISH

COMPONENT 994986=IfcFlowTerminal
#	TMesh	1000086=IfcFlowTerminal
0.999966	-1.09896e-005	-8.26812e-005	0	1.10343e-005	0.999966	0.000408548	0	8.26767e-005	-0.000408549	0.999966	0	10.1106	-18.5957	-0.038013	1

COMPONENTFINISH

COMPONENT 995054=IfcFlowTerminal
#	TMesh	1000018=IfcFlowTerminal
-1.00007	7.92678e-007	-0.000490452	0	-2.51555e-007	-1.00007	-0.0011034	0	-0.000490452	-0.0011034	1.00007	0	28.2527	174.957	0.109293	1

COMPONENTFINISH

COMPONENT 995122=IfcFlowTerminal
#	TMesh	1000086=IfcFlowTerminal
-0.999975	6.38142e-005	9.14672e-005	0	-6.38068e-005	-0.999975	-1.32529e-005	0	9.14663e-005	-1.32588e-005	0.999975	0	28.2572	174.946	0.000487566	1

COMPONENTFINISH

COMPONENT 995190=IfcFlowTerminal
#	TMesh	1000018=IfcFlowTerminal
1.00003	2.47487e-005	0.000504258	0	2.5749e-005	-1.00003	-0.00198392	0	-0.000504208	-0.00198393	1.00003	0	10.1093	178.354	0.184025	1

COMPONENTFINISH

COMPONENT 995258=IfcFlowTerminal
#	TMesh	1000086=IfcFlowTerminal
-0.991539	0.12957	0.00019508	0	0.12957	0.991539	0.000240088	0	0.000162326	-0.000263341	0.999969	0	15.8556	-12.1701	-0.0245235	1

COMPONENTFINISH

COMPONENT 995326=IfcFlowTerminal
#	TMesh	1000018=IfcFlowTerminal
1.00001	4.92845e-006	0.000577799	0	6.20047e-006	-1.00001	-0.00220155	0	-0.000577787	-0.00220155	1.00001	0	10.1113	184.553	0.204065	1

COMPONENTFINISH

COMPONENT 995394=IfcFlowTerminal
#	TMesh	1000086=IfcFlowTerminal
-0.999966	1.33514e-005	-5.66337e-005	0	-1.33216e-005	-0.999965	-0.000460766	0	-5.66398e-005	-0.000460765	0.999966	0	28.2527	184.547	0.0444024	1

COMPONENTFINISH

COMPONENT 995462=IfcFlowTerminal
#	TMesh	1000018=IfcFlowTerminal
1.00003	2.67486e-006	0.000577815	0	-2.34911e-006	1.00003	-0.000563788	0	-0.000577816	0.000563787	1.00003	0	10.112	-2.60368	0.0483371	1

COMPONENTFINISH

COMPONENT 995465=IfcBuildingElementProxy
#	TMesh	904990=IfcBuildingElementProxy
0.999997	-1.76641e-005	2.6648e-005	0	1.76638e-005	0.999997	8.68985e-006	0	-2.66455e-005	-8.68936e-006	0.999997	0	29.8601	-17.1078	0.000211954	1

COMPONENTFINISH

COMPONENT 995508=IfcBuildingElementProxy
#	TMesh	904990=IfcBuildingElementProxy
0.999997	-1.96985e-005	2.82505e-005	0	1.97011e-005	0.999997	-9.12764e-005	0	-2.82557e-005	9.12769e-005	0.999997	0	29.8599	-18.8278	0.0105796	1

COMPONENTFINISH

COMPONENT 995530=IfcFlowTerminal
#	TMesh	1000086=IfcFlowTerminal
-0.999968	9.96143e-006	-5.7463e-005	0	-9.94653e-006	-0.999968	-7.58941e-005	0	-5.74637e-005	-7.58935e-005	0.999968	0	28.2524	187.546	0.00781298	1

COMPONENTFINISH

COMPONENT 995551=IfcBuildingElementProxy
#	TMesh	904990=IfcBuildingElementProxy
0.999998	-2.11214e-005	2.45911e-005	0	2.11255e-005	0.999998	-0.000168629	0	-2.45981e-005	0.00016863	0.999998	0	29.8598	-19.6678	0.0183989	1

COMPONENTFINISH

COMPONENT 995594=IfcBuildingElementProxy
#	TMesh	904990=IfcBuildingElementProxy
0.999997	-1.99867e-005	2.97202e-005	0	1.99847e-005	0.999997	6.9074e-005	0	-2.97311e-005	-6.90734e-005	0.999997	0	29.8599	-20.529	-0.00588477	1

COMPONENTFINISH

COMPONENT 995598=IfcFlowTerminal
#	TMesh	1000018=IfcFlowTerminal
1.00003	2.2327e-006	0.00057781	0	-1.83592e-006	1.00003	-0.00068672	0	-0.000577812	0.000686719	1.00003	0	10.112	-8.60323	0.06003	1

COMPONENTFINISH

COMPONENT 995666=IfcFlowTerminal
#	TMesh	1000086=IfcFlowTerminal
-0.99997	9.81241e-006	-5.80829e-005	0	-9.81987e-006	-0.99997	0.000212762	0	-5.80808e-005	0.000212762	0.99997	0	28.2524	181.546	-0.0196321	1

COMPONENTFINISH

COMPONENT 995734=IfcFlowTerminal
#	TMesh	1000018=IfcFlowTerminal
1.00013	3.52676e-005	0.00109273	0	-3.66105e-005	1.00013	0.00122908	0	-0.00109269	-0.00122912	1.00013	0	10.1149	-0.0112457	-0.12687	1

COMPONENTFINISH

COMPONENT 995802=IfcFlowTerminal
#	TMesh	1000086=IfcFlowTerminal
0.991542	-0.12956	0.000177916	0	-0.12956	-0.991542	0.000105879	0	-0.000162698	0.000128038	0.999971	0	22.5065	190.52	-0.0116124	1

COMPONENTFINISH

COMPONENT 995870=IfcFlowTerminal
#	TMesh	1000018=IfcFlowTerminal
1.00005	7.7226e-006	0.000763657	0	-7.30557e-006	1.00005	-0.000546122	0	-0.000763661	0.000546116	1.00005	0	6.80243	-32.2058	0.0449517	1

COMPONENTFINISH

COMPONENT 995938=IfcFlowTerminal
#	TMesh	1000018=IfcFlowTerminal
1.00002	1.99796e-005	0.000561387	0	-1.91268e-005	1.00002	-0.00151903	0	-0.000561417	0.00151902	1.00001	0	6.80371	-28.803	0.139318	1

COMPONENTFINISH

COMPONENT 996006=IfcFlowTerminal
#	TMesh	1000086=IfcFlowTerminal
-0.999944	4.21405e-005	3.71769e-005	0	-4.21405e-005	-0.999943	-0.000135127	0	3.71712e-005	-0.000135129	0.999944	0	24.945	161.344	0.01264	1

COMPONENTFINISH

COMPONENT 996074=IfcFlowTerminal
#	TMesh	1000018=IfcFlowTerminal
1.00006	5.91402e-006	0.000267203	0	6.41494e-006	-1.00005	-0.00187482	0	-0.000267191	-0.00187482	1.00005	0	6.80066	164.756	0.175779	1

COMPONENTFINISH

COMPONENT 996142=IfcFlowTerminal
#	TMesh	1000086=IfcFlowTerminal
0.991536	-0.12956	-7.92334e-005	0	-0.12956	-0.991536	1.95999e-005	0	8.1105e-005	9.1689e-006	0.999965	0	19.196	165.12	-0.00106359	1

COMPONENTFINISH

COMPONENT 996210=IfcFlowTerminal
#	TMesh	1000018=IfcFlowTerminal
1.00005	2.85734e-005	0.000782069	0	-2.80895e-005	1.00005	-0.000618741	0	-0.000782086	0.000618719	1.00005	0	6.80444	-22.0059	0.0516895	1

COMPONENTFINISH

COMPONENT 996278=IfcFlowTerminal
#	TMesh	1000086=IfcFlowTerminal
0.991539	-0.129573	-8.82808e-005	0	-0.129572	-0.991539	0.000140101	0	0.00010569	0.000127481	0.999969	0	19.1971	168.52	-0.0124476	1

COMPONENTFINISH

COMPONENT 996346=IfcFlowTerminal
#	TMesh	1000018=IfcFlowTerminal
1.00002	-8.22956e-007	0.000653308	0	1.91409e-006	1.00002	-0.0016702	0	-0.000653305	0.0016702	1.00002	0	6.80178	-18.6032	0.152856	1

COMPONENTFINISH

COMPONENT 996414=IfcFlowTerminal
#	TMesh	1000086=IfcFlowTerminal
-0.991541	0.129551	2.30443e-005	0	0.129551	0.991541	0.000396501	0	-2.85186e-005	-0.000396145	0.999968	0	12.5479	-18.9698	-0.0378311	1

COMPONENTFINISH

COMPONENT 996482=IfcFlowTerminal
#	TMesh	1000018=IfcFlowTerminal
1.00007	5.79313e-006	0.000285598	0	6.21354e-006	-1.00007	-0.00147215	0	-0.000285589	-0.00147215	1.00007	0	6.80053	174.958	0.137313	1

COMPONENTFINISH

COMPONENT 996550=IfcFlowTerminal
#	TMesh	1000086=IfcFlowTerminal
-0.991532	0.129595	8.97204e-005	0	0.129595	0.991531	0.000615467	0	9.19936e-006	-0.000621904	0.999965	0	12.5435	-15.5688	-0.0592477	1

COMPONENTFINISH

COMPONENT 996618=IfcFlowTerminal
#	TMesh	1000018=IfcFlowTerminal
1.00002	2.05576e-005	0.000561394	0	-1.97738e-005	1.00002	-0.00139609	0	-0.000561422	0.00139608	1.00002	0	6.80373	-11.8034	0.127625	1

COMPONENTFINISH

COMPONENT 996686=IfcFlowTerminal
#	TMesh	1000086=IfcFlowTerminal
-0.999944	4.70653e-005	3.76001e-005	0	-4.70802e-005	-0.999944	-0.000327495	0	3.75846e-005	-0.000327497	0.999944	0	24.9455	178.344	0.0309255	1

COMPONENTFINISH

COMPONENT 996754=IfcFlowTerminal
#	TMesh	1000018=IfcFlowTerminal
1.00005	1.78054e-006	0.000653327	0	2.89755e-006	-1.00005	-0.0017098	0	-0.000653323	-0.00170981	1.00005	0	6.80141	184.555	0.156595	1

COMPONENTFINISH

COMPONENT 996822=IfcFlowTerminal
#	TMesh	1000086=IfcFlowTerminal
-0.999972	1.29715e-005	2.42193e-005	0	-1.29715e-005	-0.999972	0.000116376	0	2.42208e-005	0.000116375	0.999972	0	24.9425	184.546	-0.0112195	1

COMPONENTFINISH

COMPONENT 996890=IfcFlowTerminal
#	TMesh	1000018=IfcFlowTerminal
1.00003	3.76107e-006	0.000653322	0	-3.15183e-006	1.00003	-0.00093255	0	-0.000653326	0.000932547	1.00003	0	6.80214	-2.60392	0.0827112	1

COMPONENTFINISH

COMPONENT 996958=IfcFlowTerminal
#	TMesh	1000086=IfcFlowTerminal
-0.991543	0.129551	2.30444e-005	0	0.129551	0.991543	0.000396502	0	-2.85186e-005	-0.000396146	0.99997	0	12.5479	-2.97003	-0.0378366	1

COMPONENTFINISH

COMPONENT 997026=IfcFlowTerminal
#	TMesh	1000018=IfcFlowTerminal
1.00003	3.76107e-006	0.000653322	0	-3.15183e-006	1.00003	-0.00093255	0	-0.000653326	0.000932547	1.00003	0	6.80214	-8.60394	0.0827112	1

COMPONENTFINISH

COMPONENT 997094=IfcFlowTerminal
#	TMesh	1000086=IfcFlowTerminal
-0.999968	1.46553e-005	2.44267e-005	0	-1.46627e-005	-0.999968	2.01593e-005	0	2.4427e-005	2.01589e-005	0.999968	0	24.9426	181.546	-0.00206304	1

COMPONENTFINISH

COMPONENT 997162=IfcFlowTerminal
#	TMesh	1000018=IfcFlowTerminal
1.00005	1.01432e-005	0.000818821	0	-9.74042e-006	1.00005	-0.000491971	0	-0.000818826	0.000491963	1.00005	0	6.80272	-0.00569153	0.0393029	1

COMPONENTFINISH

COMPONENT 997230=IfcFlowTerminal
#	TMesh	1000086=IfcFlowTerminal
-0.999969	3.19555e-005	-8.61435e-005	0	-3.19034e-005	-0.999969	-0.00053343	0	-8.61605e-005	-0.000533427	0.999969	0	24.9446	190.147	0.0515685	1

COMPONENTFINISH

COMPONENT 997298=IfcFlowTerminal
#	TMesh	1000018=IfcFlowTerminal
1.00004	1.07317e-007	0.000478412	0	4.18621e-007	1.00004	-0.00109938	0	-0.000478411	0.00109938	1.00004	0	3.20159	-32.2044	0.100157	1

COMPONENTFINISH

COMPONENT 997366=IfcFlowTerminal
#	TMesh	1000018=IfcFlowTerminal
-1.00007	-1.94566e-005	-0.000390989	0	2.0088e-005	-1.00007	-0.00161511	0	-0.000390957	-0.00161511	1.00007	0	21.3407	161.358	0.157041	1

COMPONENTFINISH

COMPONENT 997434=IfcFlowTerminal
#	TMesh	1000086=IfcFlowTerminal
0.991519	-0.129558	-9.93112e-005	0	-0.129558	-0.991519	-0.000232692	0	6.83254e-005	-0.000243598	0.999948	0	15.596	161.719	0.023144	1

COMPONENTFINISH

COMPONENT 997502=IfcFlowTerminal
#	TMesh	1000018=IfcFlowTerminal
-1.00011	-7.28184e-006	3.19308e-005	0	7.2416e-006	-1.00011	-0.00126013	0	3.194e-005	-0.00126013	1.00011	0	21.3419	164.761	0.119424	1

COMPONENTFINISH

COMPONENT 997570=IfcFlowTerminal
#	TMesh	1000086=IfcFlowTerminal
0.991525	-0.129544	-2.97546e-005	0	-0.129544	-0.991525	-0.000180708	0	6.09304e-006	-0.00018304	0.999952	0	15.5948	165.119	0.0175617	1

COMPONENTFINISH

COMPONENT 997638=IfcFlowTerminal
#	TMesh	1000018=IfcFlowTerminal
-1.00003	-2.54285e-005	-0.000372604	0	-2.48773e-005	1.00003	-0.00147935	0	-0.000372641	0.00147934	1.00003	0	21.3446	-22.0043	0.144002	1

COMPONENTFINISH

COMPONENT 997706=IfcFlowTerminal
#	TMesh	1000086=IfcFlowTerminal
0.999961	-3.15234e-005	-2.36193e-006	0	3.15383e-005	0.999961	0.000384944	0	2.34979e-006	-0.000384944	0.999961	0	3.19889	-21.9951	-0.0364866	1

COMPONENTFINISH

COMPONENT 997774=IfcFlowTerminal
#	TMesh	1000018=IfcFlowTerminal
-1.00008	-9.4986e-007	-0.000280659	0	1.3952e-006	-1.00008	-0.00158688	0	-0.000280657	-0.00158688	1.00008	0	21.3424	171.558	0.153354	1

COMPONENTFINISH

COMPONENT 997842=IfcFlowTerminal
#	TMesh	1000086=IfcFlowTerminal
0.999956	-3.91155e-006	-6.47054e-005	0	3.95626e-006	0.999956	0.000504703	0	6.47035e-005	-0.000504704	0.999956	0	3.20141	-18.5946	-0.0472949	1

COMPONENTFINISH

COMPONENT 997910=IfcFlowTerminal
#	TMesh	1000018=IfcFlowTerminal
-1.00005	1.21829e-006	-0.000372605	0	-3.94933e-007	-1.00005	-0.00220984	0	-0.000372607	-0.00220984	1.00005	0	21.3424	174.956	0.21344	1

COMPONENTFINISH

COMPONENT 997978=IfcFlowTerminal
#	TMesh	1000086=IfcFlowTerminal
-0.999961	4.78029e-005	-8.64909e-005	0	-4.77359e-005	-0.999961	-0.000782399	0	-8.65283e-005	-0.000782395	0.999961	0	21.346	174.947	0.0752602	1

COMPONENTFINISH

COMPONENT 998046=IfcFlowTerminal
#	TMesh	1000018=IfcFlowTerminal
-1.00004	-2.59734e-005	-0.000390992	0	-2.52352e-005	1.00004	-0.00188792	0	-0.000391041	0.00188791	1.00004	0	21.3447	-11.8054	0.183006	1

COMPONENTFINISH

COMPONENT 998114=IfcFlowTerminal
#	TMesh	1000086=IfcFlowTerminal
0.991519	-0.129562	-4.86457e-005	0	-0.129562	-0.991519	0.000148716	0	6.75046e-005	0.00014116	0.999948	0	15.5963	178.718	-0.0135784	1

COMPONENTFINISH

COMPONENT 998182=IfcFlowTerminal
#	TMesh	1000018=IfcFlowTerminal
-1.00009	-1.66832e-006	-0.00028066	0	2.04464e-006	-1.00008	-0.00134098	0	-0.000280658	-0.00134098	1.00008	0	21.3424	184.559	0.129967	1

COMPONENTFINISH

COMPONENT 998250=IfcFlowTerminal
#	TMesh	1000086=IfcFlowTerminal
-0.999958	2.65241e-006	-7.52353e-005	0	-2.63751e-006	-0.999958	-0.000268206	0	-7.5236e-005	-0.000268205	0.999958	0	21.3416	184.546	0.0262811	1

COMPONENTFINISH

COMPONENT 998318=IfcFlowTerminal
#	TMesh	1000018=IfcFlowTerminal
-1.00005	8.89326e-007	-0.000280652	0	-2.71473e-007	-1.00005	-0.00220159	0	-0.000280654	-0.00220159	1.00005	0	21.3423	187.556	0.211821	1

COMPONENTFINISH

COMPONENT 998386=IfcFlowTerminal
#	TMesh	1000086=IfcFlowTerminal
-0.999957	8.32975e-006	-7.41997e-005	0	-8.2776e-006	-0.999956	-0.000749236	0	-7.42059e-005	-0.000749235	0.999956	0	21.3422	187.547	0.0720081	1

COMPONENTFINISH

COMPONENT 998454=IfcFlowTerminal
#	TMesh	1000018=IfcFlowTerminal
-1.00007	-5.67462e-007	-0.000280658	0	1.0473e-006	-1.00007	-0.00170983	0	-0.000280657	-0.00170983	1.00007	0	21.3424	181.558	0.165047	1

COMPONENTFINISH

COMPONENT 998522=IfcFlowTerminal
#	TMesh	1000086=IfcFlowTerminal
0.99153	-0.129542	-0.000153432	0	-0.129542	-0.99153	-0.000263119	0	0.000118052	-0.000280778	0.999957	0	15.5943	181.92	0.0265086	1

COMPONENTFINISH

COMPONENT 998590=IfcFlowTerminal
#	TMesh	1000018=IfcFlowTerminal
-1.00005	1.1409e-006	-0.000335838	0	-4.18746e-007	-1.00005	-0.00215039	0	-0.00033584	-0.00215039	1.00005	0	21.3424	190.156	0.207455	1

COMPONENTFINISH

COMPONENT 998658=IfcFlowTerminal
#	TMesh	1000086=IfcFlowTerminal
0.991533	-0.12956	-8.87746e-005	0	-0.12956	-0.991533	-0.000247783	0	5.59223e-005	-0.000257197	0.999962	0	15.5961	190.52	0.0244508	1

COMPONENTFINISH

COMPONENT 998726=IfcFlowTerminal
#	TMesh	1000018=IfcFlowTerminal
0.999947	-3.68297e-006	-0.000110301	0	3.48034e-006	0.999946	-0.00183689	0	0.000110308	0.00183689	0.999946	0	4.48227e-005	-32.1965	0.17569	1

COMPONENTFINISH

COMPONENT 998794=IfcFlowTerminal
#	TMesh	1000018=IfcFlowTerminal
-0.999978	-1.66555e-005	-4.12854e-005	0	1.67222e-005	-0.999977	-0.00161488	0	-4.12585e-005	-0.00161488	0.999977	0	18.1383	161.349	0.153929	1

COMPONENTFINISH

COMPONENT 998862=IfcFlowTerminal
#	TMesh	1000086=IfcFlowTerminal
0.999951	1.42828e-005	9.8296e-005	0	-1.43126e-005	0.999951	0.000467372	0	-9.82893e-005	-0.000467374	0.999951	0	0.00203514	-28.7944	-0.0452144	1

COMPONENTFINISH

COMPONENT 998930=IfcFlowTerminal
#	TMesh	1000018=IfcFlowTerminal
0.999977	-2.6209e-006	-7.35292e-005	0	2.58256e-006	0.999976	-0.000521431	0	7.35306e-005	0.00052143	0.999976	0	-0.000102043	-25.3982	0.0502619	1

COMPONENTFINISH

COMPONENT 998998=IfcFlowTerminal
#	TMesh	1000086=IfcFlowTerminal
0.991556	-0.129508	8.33376e-005	0	-0.129508	-0.991556	-1.31992e-006	0	-8.28066e-005	9.4843e-006	0.999978	0	12.3898	165.121	-0.000579596	1

COMPONENTFINISH

COMPONENT 999066=IfcFlowTerminal
#	TMesh	1000018=IfcFlowTerminal
0.999967	2.29431e-005	3.67579e-005	0	2.30175e-005	-0.999965	-0.00202344	0	-3.67114e-005	-0.00202344	0.999965	0	-0.00185299	168.148	0.192075	1

COMPONENTFINISH

COMPONENT 999134=IfcFlowTerminal
#	TMesh	1000086=IfcFlowTerminal
0.999997	1.07661e-005	-1.0276e-006	0	-1.07586e-005	0.999997	0.000481172	0	1.03279e-006	-0.000481173	0.999997	0	0.00104427	-21.9987	-0.0457315	1

COMPONENTFINISH

COMPONENT 999202=IfcFlowTerminal
#	TMesh	1000018=IfcFlowTerminal
0.999946	-2.73504e-006	-3.17105e-009	0	2.73504e-006	0.999945	-0.00130125	0	6.73318e-009	0.00130125	0.999945	0	0.000227928	-18.596	0.123764	1

COMPONENTFINISH

COMPONENT 999270=IfcFlowTerminal
#	TMesh	1000086=IfcFlowTerminal
0.999984	1.74791e-005	2.5185e-005	0	-1.74642e-005	0.999984	-0.000168991	0	-2.5188e-005	0.00016899	0.999984	0	0.00186825	-18.599	0.0158756	1

COMPONENTFINISH

COMPONENT 999338=IfcFlowTerminal
#	TMesh	1000018=IfcFlowTerminal
0.999976	-2.54069e-006	-7.35461e-005	0	2.50889e-006	0.999975	-0.00043235	0	7.35472e-005	0.00043235	0.999975	0	-8.4877e-005	-15.1981	0.0417936	1

COMPONENTFINISH

COMPONENT 999406=IfcFlowTerminal
#	TMesh	1000086=IfcFlowTerminal
0.991543	-0.129534	2.91391e-005	0	-0.129534	-0.991543	-0.000126123	0	-4.52313e-005	-0.000121285	0.999969	0	12.3922	175.32	0.0117977	1

COMPONENTFINISH

COMPONENT 999474=IfcFlowTerminal
#	TMesh	1000018=IfcFlowTerminal
-0.999963	-1.65555e-005	-4.12924e-005	0	1.66374e-005	-0.999961	-0.00198372	0	-4.12595e-005	-0.00198372	0.999961	0	18.1382	178.348	0.189009	1

COMPONENTFINISH

COMPONENT 999542=IfcFlowTerminal
#	TMesh	1000086=IfcFlowTerminal
0.991532	-0.129514	3.83876e-005	0	-0.129514	-0.991532	-5.64112e-005	0	-4.53706e-005	-5.0964e-005	0.999954	0	12.3904	178.719	0.00511932	1

COMPONENTFINISH

COMPONENT 999610=IfcFlowTerminal
#	TMesh	1000018=IfcFlowTerminal
0.999947	-3.49076e-006	-2.5525e-009	0	3.49075e-006	0.999945	-0.00167008	0	8.38361e-009	0.00167008	0.999945	0	0.000152588	-5.59633	0.15883	1

COMPONENTFINISH

COMPONENT 999678=IfcFlowTerminal
#	TMesh	1000086=IfcFlowTerminal
0.999977	3.62545e-005	2.37588e-005	0	-3.62545e-005	0.999977	0.000504542	0	-2.37405e-005	-0.000504543	0.999977	0	0.00370789	-5.59698	-0.0481319	1

COMPONENTFINISH

COMPONENT 999746=IfcFlowTerminal
#	TMesh	1000018=IfcFlowTerminal
0.999959	-1.97898e-006	-3.13486e-009	0	1.97897e-006	0.999959	-0.000932412	0	4.98006e-009	0.000932412	0.999959	0	0.000184059	-2.59692	0.088685	1

COMPONENTFINISH

COMPONENT 999814=IfcFlowTerminal
#	TMesh	1000086=IfcFlowTerminal
0.999979	2.69562e-005	2.45701e-005	0	-2.69637e-005	0.999979	0.000119671	0	-2.45669e-005	-0.000119672	0.999979	0	0.00280857	-2.598	-0.0115526	1

COMPONENTFINISH

COMPONENT 999882=IfcFlowTerminal
#	TMesh	1000018=IfcFlowTerminal
0.999952	-3.7501e-006	-2.19591e-009	0	3.75009e-006	0.99995	-0.00179305	0	8.92478e-009	0.00179305	0.99995	0	8.01086e-005	-8.59692	0.170517	1

COMPONENTFINISH

COMPONENT 999950=IfcFlowTerminal
#	TMesh	1000086=IfcFlowTerminal
0.991557	-0.129502	-2.76829e-005	0	-0.129502	-0.991557	1.16558e-005	0	2.89592e-005	7.97259e-006	0.999978	0	12.3889	181.921	-0.000806808	1

COMPONENTFINISH

