COMPONENT 2934680=IfcFlowSegment
#	TMesh	1844231=IfcFlowSegment
-0.289819	0.00280382	3.10533e-009	0	-0.00280382	-0.289819	-2.5151e-010	0	3.10275e-009	-2.81539e-010	0.289832	0	-31.6377	93.2462	0.818082	1

COMPONENTFINISH

COMPONENT 2934757=IfcFlowFitting
#	TMesh	1023306=IfcFlowFitting
0.000986359	-0.999806	0.000533551	0	-0.00100828	0.000532568	0.999806	0	-0.999805	-0.000986894	-0.00100776	0	-29.7327	80.2255	-68.977	1

COMPONENTFINISH

COMPONENT 2934863=IfcFlowFitting
#	TMesh	1023306=IfcFlowFitting
-0.00025946	0.000579596	0.999948	0	0.0001986	-0.999948	0.000579685	0	0.999948	0.00019875	0.000259342	0	-32.071	145.653	-3.98242	1

COMPONENTFINISH

COMPONENT 2934979=IfcFlowSegment
#	TMesh	2683275=IfcFlowSegment
0.995965	-0.0869701	0.000202492	0	0.0869701	0.995965	1.76818e-005	0	-0.000203263	3.35174e-010	0.999755	0	-114.602	107.325	0.451943	1

COMPONENTFINISH

COMPONENT 2935066=IfcFlowSegment
#	TMesh	1019976=IfcFlowSegment
1.09806e-006	0.999142	0.0809645	0	-1.3733e-005	0.0809645	-0.999142	0	-1.00242	-1.47383e-008	1.37769e-005	0	-33.9636	-3.08966	40.2506	1

COMPONENTFINISH

COMPONENT 2935153=IfcFlowSegment
#	TMesh	1844231=IfcFlowSegment
0.289803	-0.00438014	1.69553e-009	0	-0.00438014	-0.289803	9.64139e-010	0	-1.68077e-009	9.89653e-010	0.289836	0	-33.6719	93.2233	0.818076	1

COMPONENTFINISH

COMPONENT 2935230=IfcFlowFitting
#	TMesh	1023306=IfcFlowFitting
0.000404433	-0.999841	0.000409812	0	-0.000407956	0.000409752	0.999841	0	-0.999841	-0.000404599	-0.00040779	0	-33.6719	80.2336	-68.9796	1

COMPONENTFINISH

COMPONENT 2935336=IfcFlowFitting
#	TMesh	1023306=IfcFlowFitting
-0.000280649	0.000882536	0.999917	0	0.000227422	-0.999917	0.000882536	0	0.999918	0.000227671	0.000280447	0	-35.9729	145.65	-4.00363	1

COMPONENTFINISH

COMPONENT 2935452=IfcFlowSegment
#	TMesh	1019976=IfcFlowSegment
-1.03696e-006	0.999141	0.0809645	0	1.28195e-005	0.0809645	-0.999141	0	1.00242	-1.84311e-009	1.28613e-005	0	-38.9932	-3.08965	40.2505	1

COMPONENTFINISH

COMPONENT 2935539=IfcFlowSegment
#	TMesh	2683275=IfcFlowSegment
0.995965	-0.0869701	0.000208875	0	0.0869701	0.995965	1.82403e-005	0	-0.000209669	-8.17731e-010	0.999755	0	-117.902	107.325	0.451432	1

COMPONENTFINISH

COMPONENT 2935626=IfcFlowSegment
#	TMesh	1844231=IfcFlowSegment
0.28981	0.00381968	1.33514e-009	0	-0.00381968	0.28981	3.92211e-010	0	-1.32986e-009	-4.09772e-010	0.289835	0	-37.0068	57.1568	0.818078	1

COMPONENTFINISH

COMPONENT 2935703=IfcFlowFitting
#	TMesh	1023306=IfcFlowFitting
0.00165554	-0.999897	6.01411e-005	0	-0.00170657	5.73993e-005	0.999897	0	-0.999896	-0.00165564	-0.00170648	0	-36.8868	80.2601	-68.9803	1

COMPONENTFINISH

COMPONENT 2935809=IfcFlowFitting
#	TMesh	1023306=IfcFlowFitting
-0.00097189	0.000528514	0.999981	0	0.000944145	-0.99998	0.000529468	0	0.99998	0.000944658	0.000971389	0	-39.3199	145.655	-3.97985	1

COMPONENTFINISH

COMPONENT 2935925=IfcFlowSegment
#	TMesh	1019976=IfcFlowSegment
5.49802e-007	0.999142	-0.0809645	0	-7.22275e-006	0.0809645	0.999142	0	-1.00242	-3.53707e-008	-7.24356e-006	0	-40.8639	-3.08964	-37.2906	1

COMPONENTFINISH

COMPONENT 2936012=IfcFlowSegment
#	TMesh	2683275=IfcFlowSegment
-0.995965	-0.0869701	0.000224142	0	-0.0869701	0.995965	1.95732e-005	0	0.000224995	-5.57102e-010	0.999755	0	38.0446	107.325	0.450209	1

COMPONENTFINISH

COMPONENT 2936099=IfcFlowSegment
#	TMesh	1844231=IfcFlowSegment
0.289818	-0.00286333	-1.47838e-009	0	0.00286333	0.289818	-7.4112e-010	0	-1.48563e-009	-7.26479e-010	-0.289832	0	-41.0229	57.1359	1.79192	1

COMPONENTFINISH

COMPONENT 2936176=IfcFlowFitting
#	TMesh	1023306=IfcFlowFitting
0.0202905	-0.999685	-7.82609e-005	0	0.0166037	0.000258744	0.999753	0	0.999547	0.020289	-0.0166056	0	-44.1309	80.22	-68.9526	1

COMPONENTFINISH

COMPONENT 2936282=IfcFlowFitting
#	TMesh	1023306=IfcFlowFitting
-0.000120565	0.00100082	0.999888	0	5.96665e-005	-0.999888	0.00100076	0	0.999888	5.97874e-005	0.000120504	0	-42.8619	145.647	-4.01162	1

COMPONENTFINISH

COMPONENT 2936398=IfcFlowSegment
#	TMesh	1019976=IfcFlowSegment
-1.05403e-006	0.999143	0.0809646	0	1.1452e-005	0.0809646	-0.999143	0	-1.00242	-1.25618e-007	-1.14998e-005	0	-44.4646	-3.08971	40.2506	1

COMPONENTFINISH

COMPONENT 2936485=IfcFlowSegment
#	TMesh	137818=IfcFlowSegment
-0.020098	0.424935	3.12196e-006	0	-0.424935	-0.020098	6.6008e-005	0	6.60818e-005	-4.7087e-012	0.42541	0	-5.73056	37.1245	0.837974	1

COMPONENTFINISH

COMPONENT 2936572=IfcFlowSegment
#	TMesh	1844231=IfcFlowSegment
0.289803	-0.00436891	1.66962e-009	0	-0.00436891	-0.289803	9.64521e-010	0	-1.65489e-009	9.89579e-010	0.289836	0	-44.1726	93.2234	0.818076	1

COMPONENTFINISH

COMPONENT 2936649=IfcFlowFitting
#	TMesh	1023306=IfcFlowFitting
0.000853295	-0.999821	0.00040406	0	-0.000872553	0.000403374	0.999821	0	-0.999821	-0.000853647	-0.000872208	0	-44.1415	80.2345	-68.9776	1

COMPONENTFINISH

COMPONENT 2936755=IfcFlowFitting
#	TMesh	1023306=IfcFlowFitting
-0.000730945	0.000888497	0.999907	0	0.000702956	-0.999907	0.000888973	0	0.999907	0.000703603	0.00073032	0	-46.5041	145.648	-4.00453	1

COMPONENTFINISH

COMPONENT 2936871=IfcFlowSegment
#	TMesh	1019976=IfcFlowSegment
-6.57966e-007	-0.999141	0.0809644	0	8.64567e-006	-0.0809644	-0.999141	0	1.00242	4.24881e-008	8.67057e-006	0	-49.7931	153.066	40.2505	1

COMPONENTFINISH

COMPONENT 2936958=IfcFlowSegment
#	TMesh	137818=IfcFlowSegment
-0.020098	-0.424935	3.14617e-006	0	-0.424935	0.020098	6.65235e-005	0	6.65979e-005	-1.71706e-010	0.42541	0	-9.33054	114.957	0.837925	1

COMPONENTFINISH

COMPONENT 2937045=IfcFlowSegment
#	TMesh	1844231=IfcFlowSegment
0.285245	0.0513188	2.78209e-009	0	-0.0513188	0.285245	3.74327e-010	0	-2.67184e-009	-8.61031e-010	0.289825	0	-44.863	57.5859	0.818094	1

COMPONENTFINISH

COMPONENT 2937122=IfcFlowFitting
#	TMesh	1023306=IfcFlowFitting
0.00275046	-0.999899	0.000174433	0	-0.00283899	0.000166655	0.999898	0	-0.999895	-0.00275094	-0.00283852	0	-47.6126	80.2537	-68.9796	1

COMPONENTFINISH

COMPONENT 2937228=IfcFlowFitting
#	TMesh	1023306=IfcFlowFitting
2.38687e-005	0.00100243	0.999896	0	-9.60102e-005	-0.999896	0.0010024	0	0.999897	-9.60331e-005	-2.37726e-005	0	-50.0517	145.648	-4.01161	1

COMPONENTFINISH

COMPONENT 2937344=IfcFlowSegment
#	TMesh	1019976=IfcFlowSegment
2.36695e-006	0.999142	0.0809645	0	-2.94691e-005	0.0809645	-0.999142	0	-1.00242	-2.0976e-008	2.9564e-005	0	-51.663	-3.08961	40.2505	1

COMPONENTFINISH

COMPONENT 2937431=IfcFlowSegment
#	TMesh	137818=IfcFlowSegment
0.020098	0.424935	2.8821e-006	0	0.424935	-0.020098	6.09384e-005	0	-6.10066e-005	8.34169e-011	0.42541	0	-92.1263	37.1245	0.838446	1

COMPONENTFINISH

COMPONENT 2937518=IfcFlowSegment
#	TMesh	1844231=IfcFlowSegment
0.289821	-0.00246776	6.44182e-011	0	0.00246776	0.289821	2.07881e-010	0	6.61859e-011	2.07325e-010	-0.289832	0	-51.7982	57.1369	1.79192	1

COMPONENTFINISH

COMPONENT 2937595=IfcFlowFitting
#	TMesh	1023306=IfcFlowFitting
0.00344315	-0.999827	0.000629216	0	-0.00354034	0.000617087	0.999827	0	-0.999821	-0.00344536	-0.00353819	0	-51.1669	80.2224	-68.9761	1

COMPONENTFINISH

COMPONENT 2937701=IfcFlowFitting
#	TMesh	1023306=IfcFlowFitting
8.41014e-005	0.00093329	0.999894	0	-0.000158211	-0.999894	0.00093326	0	0.999894	-0.000158289	-8.39552e-005	0	-53.6476	145.648	-4.00667	1

COMPONENTFINISH

COMPONENT 2937817=IfcFlowSegment
#	TMesh	137818=IfcFlowSegment
0.020098	-0.424935	2.75267e-006	0	0.424935	0.020098	5.82011e-005	0	-5.82662e-005	-4.82899e-011	0.42541	0	-95.7263	114.957	0.838701	1

COMPONENTFINISH

COMPONENT 2937904=IfcFlowSegment
#	TMesh	1019976=IfcFlowSegment
-9.21868e-007	-0.999141	0.0809644	0	1.14664e-005	-0.0809644	-0.999141	0	1.00242	7.28103e-009	1.15034e-005	0	-56.9932	153.066	40.2505	1

COMPONENTFINISH

COMPONENT 2937991=IfcFlowSegment
#	TMesh	1844231=IfcFlowSegment
0.289734	-0.00799643	2.12227e-009	0	0.00799643	0.289734	3.91653e-010	0	-2.13226e-009	-3.32953e-010	0.289845	0	-55.7428	57.1255	0.818061	1

COMPONENTFINISH

COMPONENT 2938068=IfcFlowFitting
#	TMesh	1023306=IfcFlowFitting
0.00267077	-0.999912	4.8548e-005	0	-0.00276179	4.12166e-005	0.999912	0	-0.999908	-0.00267089	-0.00276167	0	-54.8176	80.2625	-68.98	1

COMPONENTFINISH

COMPONENT 2938174=IfcFlowFitting
#	TMesh	1023306=IfcFlowFitting
-0.00119984	0.000531405	0.999966	0	0.00118344	-0.999966	0.000532836	0	0.999965	0.00118408	0.00119921	0	-57.3356	145.654	-3.98028	1

COMPONENTFINISH

COMPONENT 2943020=IfcFlowSegment
#	TMesh	1035960=IfcFlowSegment
-1.00034	-4.44312e-008	7.51657e-005	0	4.44309e-008	-1.00034	-4.30972e-009	0	-7.51657e-005	4.30638e-009	-1.00034	0	-50.5549	154.066	2.25997	1

COMPONENTFINISH

COMPONENT 2943107=IfcFlowSegment
#	TMesh	1040821=IfcFlowSegment
-1.66937	2.54096e-008	-0.386399	0	0.386399	1.91797e-009	-1.66937	0	-2.43226e-008	-1.71351	-7.59849e-009	0	-11.8595	76.0983	122.311	1

COMPONENTFINISH

COMPONENT 2943182=IfcFlowSegment
#	Mesh	0	Begin

#	Vertex	72
99.6302	-51.5407	-4.50636
99.6261	-51.5418	-4.50636
99.6223	-51.5436	-4.50636
99.6188	-51.546	-4.50636
99.6158	-51.549	-4.50636
99.6134	-51.5525	-4.50636
99.6116	-51.5563	-4.50636
99.6105	-51.5604	-4.50636
99.6101	-51.5646	-4.50636
99.6105	-51.5689	-4.50636
99.6116	-51.5729	-4.50636
99.6134	-51.5768	-4.50636
99.6158	-51.5803	-4.50636
99.6188	-51.5833	-4.50636
99.6223	-51.5857	-4.50636
99.6261	-51.5875	-4.50636
99.6302	-51.5886	-4.50636
99.6344	-51.5889	-4.50636
99.6386	-51.5886	-4.50636
99.6427	-51.5875	-4.50636
99.6466	-51.5857	-4.50636
99.65	-51.5833	-4.50636
99.653	-51.5803	-4.50636
99.6555	-51.5768	-4.50636
99.6573	-51.5729	-4.50636
99.6584	-51.5689	-4.50636
99.6587	-51.5646	-4.50636
99.6584	-51.5604	-4.50636
99.6573	-51.5563	-4.50636
99.6555	-51.5525	-4.50636
99.653	-51.549	-4.50636
99.65	-51.546	-4.50636
99.6466	-51.5436	-4.50636
99.6427	-51.5418	-4.50636
99.6386	-51.5407	-4.50636
99.6344	-51.5403	-4.50636
99.6302	-51.5407	-3.92564
99.6261	-51.5418	-3.92564
99.6223	-51.5436	-3.92564
99.6188	-51.546	-3.92564
99.6158	-51.549	-3.92564
99.6134	-51.5525	-3.92564
99.6116	-51.5563	-3.92564
99.6105	-51.5604	-3.92564
99.6101	-51.5646	-3.92564
99.6105	-51.5689	-3.92564
99.6116	-51.5729	-3.92564
99.6134	-51.5768	-3.92564
99.6158	-51.5803	-3.92564
99.6188	-51.5833	-3.92564
99.6223	-51.5857	-3.92564
99.6261	-51.5875	-3.92564
99.6302	-51.5886	-3.92564
99.6344	-51.5889	-3.92564
99.6386	-51.5886	-3.92564
99.6427	-51.5875	-3.92564
99.6466	-51.5857	-3.92564
99.65	-51.5833	-3.92564
99.653	-51.5803	-3.92564
99.6555	-51.5768	-3.92564
99.6573	-51.5729	-3.92564
99.6584	-51.5689	-3.92564
99.6587	-51.5646	-3.92564
99.6584	-51.5604	-3.92564
99.6573	-51.5563	-3.92564
99.6555	-51.5525	-3.92564
99.653	-51.549	-3.92564
99.65	-51.546	-3.92564
99.6466	-51.5436	-3.92564
99.6427	-51.5418	-3.92564
99.6386	-51.5407	-3.92564
99.6344	-51.5403	-3.92564

#	Triangle	54
35	36	71	0	36	35
0	37	36	1	37	0
1	38	37	2	38	1
2	39	38	3	39	2
3	40	39	4	40	3
4	41	40	5	41	4
5	42	41	6	42	5
6	43	42	7	43	6
7	44	43	8	44	7
8	45	44	9	45	8
9	46	45	10	46	9
10	47	46	11	47	10
11	48	47	12	48	11
12	49	48	13	49	12
13	50	49	14	50	13
14	51	50	15	51	14
15	52	51	16	52	15
16	53	52	17	53	16
17	54	53	18	54	17
18	55	54	19	55	18
19	56	55	20	56	19
20	57	56	21	57	20
21	58	57	22	58	21
22	59	58	23	59	22
23	60	59	24	60	23
24	61	60	25	61	24
25	62	61	26	62	25
26	63	62	27	63	26
27	64	63	28	64	27
28	65	64	29	65	28
29	66	65	30	66	29
30	67	66	31	67	30
31	68	67	32	68	31
32	69	68	33	69	32
33	70	69	34	70	33
34	71	70	35	71	34
7	9	8	26	25	27
6	9	7	27	25	24
6	10	9	27	24	28
5	10	6	28	24	23
5	11	10	28	23	29
4	11	5	29	23	22
4	12	11	29	22	30
3	12	4	30	22	21
3	13	12	2	13	3	2	14	13	1	14	2	1	15	14	0	15	1	0	16	15	35	16	0	35	17	16	34	17	35	34	18	17	33	18	34	33	19	18	32	19	33	32	20	19	31	20	32	31	21	20	30	21	31
45	43	44	62	63	61
46	43	45	61	63	64
46	42	43	61	64	60
47	42	46	60	64	65
47	41	42	60	65	59
48	41	47	59	65	66
48	40	41	59	66	58
49	40	48	58	66	67
49	39	40	50	39	49	50	38	39	51	38	50	51	37	38	52	37	51	52	36	37	53	36	52	53	71	36	54	71	53	54	70	71	55	70	54	55	69	70	56	69	55	56	68	69	57	68	56	57	67	68	58	67	57

#	Normal	54
-0.0867092	0.996234	-0
-0.258982	0.965882	-0
-0.422683	0.906277	-0
-0.57371	0.819059	-0
-0.706646	0.707567	-0
-0.819059	0.57371	-0
-0.906442	0.42233	-0
-0.966051	0.258352	-0
-0.996234	0.0867092	-0
-0.996241	-0.0866296	0
-0.966051	-0.258352	0
-0.906442	-0.42233	0
-0.819059	-0.57371	0
-0.706646	-0.707567	0
-0.57371	-0.819059	0
-0.422683	-0.906277	0
-0.258982	-0.965882	0
-0.0867092	-0.996234	0
0.0867092	-0.996234	-0
0.258982	-0.965882	-0
0.422683	-0.906277	-0
0.57371	-0.819059	-0
0.706646	-0.707567	-0
0.819059	-0.57371	-0
0.906442	-0.42233	-0
0.966051	-0.258352	-0
0.996241	-0.0866296	-0
0.996234	0.0867092	-0
0.966051	0.258352	-0
0.906442	0.42233	-0
0.819059	0.57371	-0
0.706646	0.707567	-0
0.57371	0.819059	-0
0.422683	0.906277	-0
0.258982	0.965882	-0
0.0867092	0.996234	-0
-0	-0	-3.09958e-006
-0	-0	-9.23279e-006
-0	-0	-1.81793e-005
-0	-0	-2.97362e-005
-0	-0	-4.34756e-005
-0	-0	-5.90433e-005
-0	-0	-7.58993e-005
-0	-0	-9.37148e-005
-0	-0	-1
-0	-0	3.09958e-006
-0	-0	9.23279e-006
-0	-0	1.81793e-005
-0	-0	2.97362e-005
-0	-0	4.34756e-005
-0	-0	5.90433e-005
-0	-0	7.58993e-005
-0	-0	9.37148e-005
-0	-0	1

#	Mesh	0	End


COMPONENTFINISH

COMPONENT 2943194=IfcFlowSegment
#	TMesh	1844231=IfcFlowSegment
-0.00308928	0.289816	2.17984e-009	0	0.289816	0.00308928	-6.37365e-010	0	6.60563e-010	-2.17293e-009	0.289833	0	-74.1842	74.8711	0.818081	1

COMPONENTFINISH

COMPONENT 2943271=IfcFlowFitting
#	TMesh	1023306=IfcFlowFitting
-0.000322779	0.999981	-0.000347018	0	0.00026765	0.000346988	0.999981	0	0.999981	0.000322687	-0.000267762	0	-57.2756	69.0833	-68.9857	1

COMPONENTFINISH

COMPONENT 2943377=IfcFlowFitting
#	TMesh	1023306=IfcFlowFitting
0.0178139	0.00013268	0.999925	0	0.0191775	0.9999	-0.000474483	0	0.999741	-0.019183	-0.0178081	0	-58.6998	3.73845	-3.88763	1

COMPONENTFINISH

COMPONENT 2943493=IfcFlowSegment
#	TMesh	1040821=IfcFlowSegment
1.66938	1.06112e-008	0.386376	0	-0.386376	-3.51877e-009	1.66938	0	1.11313e-008	-1.71351	-1.03544e-009	0	-96.7991	76.0983	-119.351	1

COMPONENTFINISH

COMPONENT 2943580=IfcFlowSegment
#	TMesh	1035960=IfcFlowSegment
-1.00034	-4.08586e-008	4.89493e-005	0	4.08584e-008	-1.00034	-4.16611e-009	0	-4.89493e-005	4.16411e-009	-1.00034	0	-46.955	154.066	2.26012	1

COMPONENTFINISH

COMPONENT 2943667=IfcFlowSegment
#	TMesh	1844231=IfcFlowSegment
-0.27039	0.104371	3.52321e-009	0	-0.104371	-0.27039	4.20772e-010	0	3.43836e-009	-8.76178e-010	0.289834	0	-46.8541	91.3346	0.818079	1

COMPONENTFINISH

COMPONENT 2943744=IfcFlowFitting
#	TMesh	1023306=IfcFlowFitting
-0.0183967	0.999717	-5.81443e-005	0	-0.018636	-0.000284821	0.999712	0	-0.999543	-0.0183946	-0.0186381	0	-49.9924	69.1502	-68.9475	1

COMPONENTFINISH

COMPONENT 2943850=IfcFlowFitting
#	TMesh	1023306=IfcFlowFitting
0.0180546	0.000379175	0.999974	0	0.0189175	0.999958	-0.000720739	0	0.999795	-0.0189275	-0.0180442	0	-55.0828	3.73277	-3.87026	1

COMPONENTFINISH

COMPONENT 2943966=IfcFlowSegment
#	TMesh	1035960=IfcFlowSegment
-1.00034	-1.55903e-008	4.68587e-005	0	1.55903e-008	-1.00034	-7.91074e-010	0	-4.68587e-005	7.90343e-010	-1.00034	0	-43.3549	154.066	2.26013	1

COMPONENTFINISH

COMPONENT 2944053=IfcFlowSegment
#	TMesh	1040821=IfcFlowSegment
-1.66937	1.89307e-009	-0.386391	0	0.386391	7.033e-009	-1.66937	0	-2.58389e-010	-1.71351	-7.27874e-009	0	-4.65898	76.0982	122.311	1

COMPONENTFINISH

COMPONENT 2944140=IfcFlowSegment
#	TMesh	1844231=IfcFlowSegment
-0.00269631	0.289819	1.8762e-009	0	0.289819	0.00269631	9.22034e-010	0	-9.0454e-010	-1.8847e-009	0.289832	0	-66.9832	74.8955	0.818082	1

COMPONENTFINISH

COMPONENT 2944217=IfcFlowFitting
#	TMesh	1023306=IfcFlowFitting
0.000776298	1.00004	-0.000880152	0	-0.000882047	0.000880867	1.00004	0	1.00004	-0.000775522	0.00088273	0	-50.0003	69.0466	-68.9888	1

COMPONENTFINISH

COMPONENT 2944323=IfcFlowFitting
#	TMesh	1023306=IfcFlowFitting
0.0197592	1.5974e-005	0.999865	0	0.017148	0.999913	-0.000354856	0	0.999718	-0.0171517	-0.019756	0	-51.3667	3.73586	-3.89354	1

COMPONENTFINISH

COMPONENT 2944439=IfcFlowSegment
#	TMesh	1035960=IfcFlowSegment
1.00034	-6.36276e-009	2.02963e-005	0	-6.36276e-009	-1.00034	-1.44799e-010	0	2.02963e-005	1.4467e-010	-1.00034	0	-50.9019	154.066	2.26028	1

COMPONENTFINISH

COMPONENT 2944526=IfcFlowSegment
#	TMesh	1040821=IfcFlowSegment
-1.66938	2.48271e-008	-0.386368	0	0.386368	-2.44233e-010	-1.66938	0	-2.42428e-008	-1.71351	-5.36018e-009	0	-1.05733	76.0983	122.31	1

COMPONENTFINISH

COMPONENT 2944613=IfcFlowSegment
#	TMesh	1844231=IfcFlowSegment
0.0712357	0.280969	8.51e-010	0	0.280969	-0.0712357	7.12045e-010	0	-8.99349e-010	-6.49909e-010	0.289859	0	-62.6067	79.4722	0.818037	1

COMPONENTFINISH

COMPONENT 2944690=IfcFlowFitting
#	TMesh	1023306=IfcFlowFitting
-0.0184265	0.999772	-0.000319988	0	-0.0186098	-2.3067e-005	0.999768	0	-0.999599	-0.0184293	-0.018607	0	-42.7941	69.1316	-68.9502	1

COMPONENTFINISH

COMPONENT 2944796=IfcFlowFitting
#	TMesh	1023306=IfcFlowFitting
0.018829	0.000510305	0.999964	0	0.0181075	0.999977	-0.000851274	0	0.9998	-0.0181203	-0.0188166	0	-47.8297	3.72987	-3.86014	1

COMPONENTFINISH

COMPONENT 2944912=IfcFlowSegment
#	TMesh	1040821=IfcFlowSegment
1.66938	6.57115e-008	0.386366	0	-0.386366	-7.08073e-009	1.66938	0	6.56158e-008	-1.71351	7.91843e-009	0	-85.9998	76.0983	-119.35	1

COMPONENTFINISH

COMPONENT 2944999=IfcFlowSegment
#	TMesh	1036259=IfcFlowSegment
1.0013	-1.39914e-009	1.29526e-005	0	-1.39915e-009	-1.0013	1.55877e-010	0	1.29526e-005	-1.55895e-010	-1.0013	0	-47.3073	153.053	2.2614	1

COMPONENTFINISH

COMPONENT 2945086=IfcFlowSegment
#	TMesh	1844231=IfcFlowSegment
0.0178494	-0.289308	-2.10158e-009	0	0.289308	0.0178494	2.22637e-009	0	2.09273e-009	2.23469e-009	-0.289858	0	-59.6888	72.1858	1.79196	1

COMPONENTFINISH

COMPONENT 2945163=IfcFlowFitting
#	TMesh	1023306=IfcFlowFitting
-0.0187217	0.99979	-0.000450701	0	-0.0183039	0.000107914	0.999797	0	-0.999622	-0.0187268	-0.0182987	0	-39.2141	69.1226	-68.9519	1

COMPONENTFINISH

COMPONENT 2945269=IfcFlowFitting
#	TMesh	1023306=IfcFlowFitting
0.0194762	0.000323296	0.999915	0	0.0174372	0.999952	-0.000662953	0	0.999763	-0.0174468	-0.0194676	0	-44.1857	3.73177	-3.87243	1

COMPONENTFINISH

COMPONENT 2945385=IfcFlowSegment
#	TMesh	1040821=IfcFlowSegment
1.66937	1.72977e-008	-0.386386	0	-0.386386	4.45224e-009	-1.66937	0	1.58482e-008	-1.71351	-8.23811e-009	0	-82.3983	76.0983	122.311	1

COMPONENTFINISH

COMPONENT 2945472=IfcFlowSegment
#	TMesh	1036259=IfcFlowSegment
-1.0013	-3.01905e-009	7.38701e-006	0	3.01906e-009	-1.0013	5.69746e-010	0	-7.38701e-006	-5.69769e-010	-1.0013	0	-32.5496	153.053	2.26143	1

COMPONENTFINISH

COMPONENT 2945559=IfcFlowSegment
#	TMesh	1844231=IfcFlowSegment
-0.00728655	0.289751	2.16089e-009	0	-0.289751	-0.00728655	-3.51599e-010	0	-2.97164e-010	-2.16905e-009	0.289843	0	-20.1084	75.517	0.818064	1

COMPONENTFINISH

COMPONENT 2945636=IfcFlowFitting
#	TMesh	1023306=IfcFlowFitting
-0.0188894	0.999781	-0.000521839	0	-0.0181322	0.000179112	0.999796	0	-0.999617	-0.0188957	-0.0181256	0	-35.6253	69.1178	-68.9516	1

COMPONENTFINISH

COMPONENT 2945742=IfcFlowFitting
#	TMesh	1023306=IfcFlowFitting
0.0188537	0.000138342	0.999902	0	0.0180916	0.999916	-0.00047949	0	0.999738	-0.0180974	-0.0188481	0	-40.6286	3.73606	-3.88597	1

COMPONENTFINISH

COMPONENT 2945858=IfcFlowSegment
#	TMesh	1040821=IfcFlowSegment
1.66939	1.38185e-007	0.386339	0	-0.386339	-2.81187e-008	1.66939	0	1.40967e-007	-1.71351	3.76144e-009	0	-79.1019	76.0983	-119.35	1

COMPONENTFINISH

COMPONENT 2945945=IfcFlowSegment
#	TMesh	1036259=IfcFlowSegment
-1.0013	-1.99247e-009	2.48161e-005	0	1.99247e-009	-1.0013	6.76847e-013	0	-2.48161e-005	-7.26252e-013	-1.0013	0	-29.2496	153.053	2.26133	1

COMPONENTFINISH

COMPONENT 2946032=IfcFlowSegment
#	TMesh	1844231=IfcFlowSegment
-0.0271756	0.288585	7.91817e-010	0	-0.288585	-0.0271756	7.9154e-010	0	8.62289e-010	-7.1412e-010	0.289862	0	-16.9416	76.7519	0.818033	1

COMPONENTFINISH

COMPONENT 2946109=IfcFlowFitting
#	TMesh	1023306=IfcFlowFitting
-0.000536823	0.999922	-0.000145316	0	0.00049217	0.000145465	0.999922	0	0.999922	0.000536749	-0.000492249	0	-35.9903	69.0975	-68.9823	1

COMPONENTFINISH

COMPONENT 2946215=IfcFlowFitting
#	TMesh	1023306=IfcFlowFitting
0.0197649	0.000516325	0.99995	0	0.0171356	0.999998	-0.000855118	0	0.999803	-0.0171492	-0.0197531	0	-37.266	3.72721	-3.85874	1

COMPONENTFINISH

COMPONENT 2946331=IfcFlowSegment
#	TMesh	1040821=IfcFlowSegment
1.66939	1.622e-007	0.386332	0	-0.386332	-3.72862e-008	1.66939	0	1.6643e-007	-1.71351	2.4389e-010	0	-75.2023	76.0983	-119.349	1

COMPONENTFINISH

COMPONENT 2946418=IfcFlowSegment
#	TMesh	1036259=IfcFlowSegment
1.0013	7.45999e-010	3.85425e-006	0	-7.46004e-010	1.0013	1.19055e-009	0	3.85425e-006	1.19055e-009	-1.0013	0	-36.5072	-5.81493	2.26145	1

COMPONENTFINISH

COMPONENT 2946505=IfcFlowSegment
#	TMesh	1844231=IfcFlowSegment
-0.00584158	0.28978	2.01622e-009	0	0.28978	0.00584158	6.82338e-010	0	-6.41564e-010	-2.02956e-009	0.289839	0	-48.9904	74.6996	0.81807	1

COMPONENTFINISH

COMPONENT 2946582=IfcFlowFitting
#	TMesh	1023306=IfcFlowFitting
0.000168277	0.999918	-0.000135839	0	-0.000246426	0.000135869	0.999918	0	0.999918	-0.000168244	0.000246448	0	-32.0418	69.099	-68.983	1

COMPONENTFINISH

COMPONENT 2946688=IfcFlowFitting
#	TMesh	1023306=IfcFlowFitting
0.0194407	0.000517577	0.999943	0	0.0174726	0.999979	-0.000857443	0	0.99979	-0.017486	-0.0194287	0	-33.3881	3.72892	-3.85891	1

COMPONENTFINISH

COMPONENT 2946804=IfcFlowSegment
#	TMesh	1040821=IfcFlowSegment
1.66937	7.83021e-009	-0.386387	0	-0.386387	-1.51917e-008	-1.66937	0	-1.10542e-008	1.71351	-1.30348e-008	0	-72.5982	72.6456	122.311	1

COMPONENTFINISH

COMPONENT 2946891=IfcFlowSegment
#	TMesh	1036259=IfcFlowSegment
-1.0013	-3.83867e-010	9.97143e-006	0	3.83864e-010	-1.0013	-2.59344e-010	0	9.97143e-006	-2.5934e-010	1.0013	0	-22.7496	153.053	-0.00152791	1

COMPONENTFINISH

COMPONENT 2946978=IfcFlowSegment
#	TMesh	1844231=IfcFlowSegment
-0.0184383	0.289272	6.58676e-010	0	-0.289272	-0.0184383	1.23633e-010	0	1.65281e-010	-6.49478e-010	0.289859	0	-10.3722	76.2099	0.818038	1

COMPONENTFINISH

COMPONENT 2947055=IfcFlowFitting
#	TMesh	1023306=IfcFlowFitting
-0.000249306	0.999965	-0.000339657	0	0.000192674	0.000339657	0.999965	0	0.999965	0.000249239	-0.000192759	0	-29.4707	69.084	-68.9847	1

COMPONENTFINISH

COMPONENT 2947161=IfcFlowFitting
#	TMesh	1023306=IfcFlowFitting
0.0195138	0.0012961	1.00006	0	0.0173922	1.0001	-0.00163558	0	0.999906	-0.0174208	-0.0194883	0	-30.7829	3.71662	-3.80459	1

COMPONENTFINISH

COMPONENT 2947277=IfcFlowSegment
#	TMesh	1036259=IfcFlowSegment
-1.0013	-8.1795e-010	-6.23239e-006	0	8.17944e-010	-1.0013	1.08708e-009	0	6.23239e-006	-1.08708e-009	-1.0013	0	-18.1497	153.053	2.26151	1

COMPONENTFINISH

COMPONENT 2947364=IfcFlowSegment
#	TMesh	1040821=IfcFlowSegment
1.66938	-5.58704e-009	-0.386367	0	-0.386367	-6.50642e-009	-1.66938	0	3.97607e-009	1.71351	-7.59865e-009	0	-67.9997	72.6457	122.31	1

COMPONENTFINISH

COMPONENT 2947451=IfcFlowSegment
#	TMesh	1844231=IfcFlowSegment
0.041638	0.286839	2.20296e-010	0	0.286839	-0.041638	1.67296e-009	0	-1.68726e-009	2.23204e-011	0.289846	0	-41.4625	77.6471	0.81806	1

COMPONENTFINISH

COMPONENT 2947528=IfcFlowFitting
#	TMesh	1023306=IfcFlowFitting
0.000416008	1.00001	-0.000602901	0	-0.000502699	0.00060302	1.00001	0	1.00001	-0.000415705	0.000502952	0	-24.8251	69.0659	-68.9876	1

COMPONENTFINISH

COMPONENT 2947634=IfcFlowFitting
#	TMesh	1023306=IfcFlowFitting
0.0195344	0.000577211	0.999958	0	0.0173768	0.999997	-0.00091669	0	0.999807	-0.0173914	-0.0195215	0	-26.1818	3.72724	-3.85469	1

COMPONENTFINISH

COMPONENT 2947750=IfcFlowSegment
#	TMesh	1036259=IfcFlowSegment
-1.0013	-6.55655e-010	7.14673e-006	0	-6.55657e-010	1.0013	-3.09726e-010	0	-7.14673e-006	-3.0973e-010	-1.0013	0	-14.5496	-5.81493	2.26143	1

COMPONENTFINISH

COMPONENT 2947837=IfcFlowSegment
#	TMesh	1040821=IfcFlowSegment
1.66938	4.42818e-009	-0.386352	0	-0.386352	5.13358e-009	-1.66938	0	3.15667e-009	-1.71351	-5.99982e-009	0	-64.4008	76.0983	122.332	1

COMPONENTFINISH

COMPONENT 2947924=IfcFlowSegment
#	TMesh	1041082=IfcFlowSegment
1.66816	0.336333	-6.00905e-009	0	0.336333	-1.66816	7.10248e-009	0	-4.48676e-009	-8.15002e-009	-1.70173	0	-112.076	176.594	3.02467	1

COMPONENTFINISH

COMPONENT 2948001=IfcFlowFitting
#	TMesh	1023306=IfcFlowFitting
0.00079451	0.999965	-0.000333756	0	-0.000900967	0.000334382	0.999965	0	0.999964	-0.000794209	0.000901232	0	-21.199	69.0855	-68.9643	1

COMPONENTFINISH

COMPONENT 2948107=IfcFlowFitting
#	TMesh	1023306=IfcFlowFitting
0.0196769	0.000712842	0.999971	0	0.0172279	1.00002	-0.00105193	0	0.999823	-0.0172453	-0.0196617	0	-22.5721	3.72507	-3.84508	1

COMPONENTFINISH

COMPONENT 2948310=IfcFlowSegment
#	TMesh	1040821=IfcFlowSegment
1.66938	1.96821e-009	-0.386387	0	-0.386387	2.7486e-009	-1.66938	0	1.29773e-009	-1.71351	-3.12163e-009	0	-60.7983	76.0983	122.333	1

COMPONENTFINISH

COMPONENT 2952943=IfcFlowTerminal
#	TMesh	1000018=IfcFlowTerminal
1.00003	1.87594e-005	0.000411808	0	-1.80326e-005	1.00002	-0.00176494	0	-0.000411841	0.00176493	1.00002	0	-29.1966	-28.8042	0.164046	1

COMPONENTFINISH

COMPONENT 2953011=IfcFlowTerminal
#	TMesh	1000086=IfcFlowTerminal
-0.991536	0.129578	-3.82735e-005	0	0.129578	0.991536	0.000270083	0	-7.29486e-005	-0.000262847	0.999967	0	-23.4545	-29.17	-0.0252542	1

COMPONENTFINISH

COMPONENT 2953089=IfcFlowSegment
#	TMesh	1040908=IfcFlowSegment
-1	0.00221999	-2.79872e-009	0	-0.00221999	-1	-1.66469e-009	0	2.80241e-009	1.65848e-009	-1	0	21.0902	132.458	2.01384	1

COMPONENTFINISH

COMPONENT 2953176=IfcFlowSegment
#	TMesh	1040995=IfcFlowSegment
-0.999998	-0.00241868	-2.16095e-009	0	0.00241868	-0.999998	-2.82471e-010	0	2.16026e-009	2.87696e-010	-1	0	20.7827	132.649	3.55616	1

COMPONENTFINISH

COMPONENT 2953253=IfcFlowFitting
#	TMesh	1068129=IfcFlowFitting
-1.00014	0.000346403	-3.24901e-010	0	0.000346403	1.00014	4.56029e-006	0	1.90437e-009	4.56029e-006	-1.00014	0	20.926	-0.0235825	2.25986	1

COMPONENTFINISH

COMPONENT 2953391=IfcFlowFitting
#	TMesh	1020571=IfcFlowFitting
1.00019	-0.00147563	-4.64029e-005	0	0.00147557	1.00019	-2.91743e-005	0	4.6443e-005	2.91049e-005	1.00019	0	-50.4994	0.332626	0.00303745	1

COMPONENTFINISH

COMPONENT 2957370=IfcFlowFitting
#	Mesh	0	Begin

#	Vertex	452
41.0947	62.904	1.11665
41.093	62.904	1.10854
41.0978	62.904	1.11482
41.0926	62.904	1.11389
41.096	62.904	1.11987
41.0904	62.904	1.11112
41.0867	62.904	1.10372
41.0877	62.904	1.109
41.0849	62.904	1.10688
41.0817	62.904	1.10554
41.0785	62.904	1.10421
41.0794	62.904	1.10068
41.0743	62.904	1.10367
41.0716	62.904	1.1033
41.0716	62.904	1.09965
41.0681	62.904	1.10375
41.0646	62.904	1.10421
41.0637	62.904	1.10068
41.0614	62.904	1.10554
41.0582	62.904	1.10688
41.0564	62.904	1.10372
41.0554	62.904	1.109
41.0527	62.904	1.11112
41.0501	62.904	1.10854
41.0506	62.904	1.11389
41.0484	62.904	1.11665
41.0453	62.904	1.11482
41.0471	62.904	1.11987
41.0458	62.904	1.12309
41.0422	62.904	1.12214
41.0453	62.904	1.12654
41.0449	62.904	1.13
41.0412	62.904	1.13
41.0453	62.904	1.13346
41.0458	62.904	1.13691
41.0422	62.904	1.13786
41.0471	62.904	1.14013
41.0484	62.904	1.14335
41.0453	62.904	1.14518
41.0506	62.904	1.14611
41.0527	62.904	1.14888
41.0501	62.904	1.15146
41.0554	62.904	1.151
41.0582	62.904	1.15312
41.0564	62.904	1.15628
41.0637	62.904	1.15932
41.0614	62.904	1.15446
41.0646	62.904	1.15579
41.0716	62.904	1.16035
41.0688	62.904	1.15633
41.0716	62.904	1.1567
41.0794	62.904	1.15932
41.075	62.904	1.15625
41.0785	62.904	1.15579
41.0867	62.904	1.15628
41.0817	62.904	1.15446
41.0849	62.904	1.15312
41.093	62.904	1.15146
41.0877	62.904	1.151
41.0904	62.904	1.14888
41.0978	62.904	1.14518
41.0926	62.904	1.14611
41.0947	62.904	1.14335
41.1009	62.904	1.13786
41.096	62.904	1.14013
41.0973	62.904	1.13691
41.1019	62.904	1.13
41.0978	62.904	1.13346
41.0983	62.904	1.13
41.1009	62.904	1.12214
41.0978	62.904	1.12654
41.0973	62.904	1.12309
41.093	62.9215	1.10854
41.0867	62.9215	1.10372
41.0794	62.9215	1.10068
41.0716	62.9215	1.09965
41.0637	62.9215	1.10068
41.0564	62.9215	1.10372
41.0501	62.9215	1.10854
41.0453	62.9215	1.11482
41.0422	62.9215	1.12214
41.0412	62.9215	1.13
41.0422	62.9215	1.13786
41.0453	62.9215	1.14518
41.0501	62.9215	1.15146
41.0564	62.9215	1.15628
41.0637	62.9215	1.15932
41.0716	62.9215	1.16035
41.0794	62.9215	1.15932
41.0867	62.9215	1.15628
41.093	62.9215	1.15146
41.0978	62.9215	1.14518
41.1009	62.9215	1.13786
41.1019	62.9215	1.13
41.1009	62.9215	1.12214
41.0978	62.9215	1.11482
41.0978	62.9032	1.12654
41.0983	62.9032	1.13
41.0978	62.9032	1.13346
41.0973	62.9032	1.13691
41.096	62.9032	1.14013
41.0947	62.9032	1.14335
41.0926	62.9032	1.14611
41.0904	62.9032	1.14888
41.0877	62.9032	1.151
41.0849	62.9032	1.15312
41.0817	62.9032	1.15446
41.0785	62.9032	1.15579
41.0743	62.9032	1.15633
41.0716	62.9032	1.1567
41.0681	62.9032	1.15625
41.0646	62.9032	1.15579
41.0614	62.9032	1.15446
41.0582	62.9032	1.15312
41.0554	62.9032	1.151
41.0527	62.9032	1.14888
41.0506	62.9032	1.14611
41.0484	62.9032	1.14335
41.0471	62.9032	1.14013
41.0458	62.9032	1.13691
41.0453	62.9032	1.13346
41.0449	62.9032	1.13
41.0453	62.9032	1.12654
41.0458	62.9032	1.12309
41.0471	62.9032	1.11987
41.0484	62.9032	1.11665
41.0506	62.9032	1.11389
41.0527	62.9032	1.11112
41.0554	62.9032	1.109
41.0582	62.9032	1.10688
41.0614	62.9032	1.10554
41.0646	62.9032	1.10421
41.0688	62.9032	1.10367
41.0716	62.9032	1.1033
41.075	62.9032	1.10375
41.0785	62.9032	1.10421
41.0817	62.9032	1.10554
41.0849	62.9032	1.10688
41.0877	62.9032	1.109
41.0904	62.9032	1.11112
41.0926	62.9032	1.11389
41.0947	62.9032	1.11665
41.096	62.9032	1.11987
41.0973	62.9032	1.12309
41.0458	62.9032	1.13691
41.0484	62.9032	1.14335
41.0582	62.9032	1.15312
41.0646	62.9032	1.15579
41.0785	62.9032	1.15579
41.0849	62.9032	1.15312
41.0947	62.9032	1.14335
41.0973	62.9032	1.13691
41.0973	62.9032	1.12309
41.0947	62.9032	1.11665
41.0849	62.9032	1.10688
41.0785	62.9032	1.10421
41.0646	62.9032	1.10421
41.0582	62.9032	1.10688
41.0484	62.9032	1.11665
41.0458	62.9032	1.12309
41.0505	62.8803	1.1015
41.0527	62.8856	1.1015
41.0561	62.8901	1.1015
41.0607	62.8935	1.1015
41.0659	62.8957	1.1015
41.0716	62.8965	1.1015
41.0772	62.8957	1.1015
41.0825	62.8935	1.1015
41.087	62.8901	1.1015
41.0904	62.8856	1.1015
41.0926	62.8803	1.1015
41.0934	62.8747	1.1015
41.0926	62.869	1.1015
41.0904	62.8638	1.1015
41.087	62.8592	1.1015
41.0825	62.8558	1.1015
41.0772	62.8536	1.1015
41.0716	62.8529	1.1015
41.0659	62.8536	1.1015
41.0607	62.8558	1.1015
41.0561	62.8592	1.1015
41.0527	62.8638	1.1015
41.0505	62.869	1.1015
41.0498	62.8747	1.1015
41.0766	62.8556	1.11946
41.0792	62.8546	1.11166
41.0817	62.8579	1.12082
41.0805	62.8883	1.15208
41.0755	62.9021	1.10448
41.0803	62.9018	1.10561
41.0895	62.862	1.10916
41.0859	62.8587	1.11309
41.0767	62.8989	1.10464
41.0785	62.9004	1.10536
41.0818	62.8986	1.10611
41.0903	62.8647	1.11795
41.0925	62.8675	1.1108
41.0961	62.8847	1.12691
41.0953	62.8829	1.11764
41.0959	62.888	1.12123
41.0904	62.8893	1.10765
41.0859	62.8925	1.10434
41.087	62.8936	1.10686
41.0971	62.8942	1.13221
41.0941	62.8787	1.1092
41.087	62.8941	1.15021
41.086	62.8831	1.14659
41.0924	62.8835	1.10595
41.0937	62.8848	1.1116
41.0869	62.9015	1.1088
41.0716	62.8825	1.15137
41.0759	62.8881	1.1533
41.0716	62.8903	1.15337
41.0802	62.8751	1.14515
41.0967	62.8932	1.12445
41.0716	62.8556	1.12122
41.0793	62.8594	1.12706
41.0716	62.8607	1.13001
41.0916	62.8994	1.11324
41.0925	62.8844	1.13986
41.0917	62.8906	1.14435
41.0896	62.879	1.14033
41.0793	62.8644	1.13497
41.0757	62.8711	1.14345
41.0955	62.8945	1.13923
41.0948	62.8794	1.11411
41.0938	62.8725	1.10808
41.0948	62.8761	1.1173
41.0716	62.8983	1.103
41.0716	62.8992	1.10375
41.0716	62.9002	1.10451
41.0775	62.8972	1.10379
41.0716	62.8976	1.10244
41.0975	62.8987	1.12612
41.0809	62.8953	1.10317
41.0824	62.8967	1.10552
41.0871	62.8629	1.12363
41.0932	62.8704	1.11919
41.0953	62.8789	1.12349
41.0938	62.8752	1.12678
41.0896	62.8883	1.1044
41.0954	62.8985	1.11919
41.0895	62.8979	1.11104
41.0716	62.9013	1.10405
41.0906	62.8686	1.12652
41.0918	62.8753	1.1333
41.0857	62.8995	1.10828
41.0928	62.8962	1.11471
41.0906	62.8951	1.11156
41.0756	62.8967	1.10262
41.095	62.8933	1.11844
41.0943	62.8889	1.11568
41.0847	62.8725	1.14014
41.0771	62.8796	1.14916
41.0946	62.8848	1.13557
41.0716	62.8545	1.1138
41.0716	62.8659	1.1388
41.0879	62.8693	1.13305
41.0838	62.8653	1.13272
41.0716	62.8974	1.10225
41.0865	62.8962	1.10799
41.0907	62.8919	1.11026
41.0716	62.9022	1.10368
41.0716	62.8742	1.14508
41.0621	62.8954	1.10348
41.0665	62.8973	1.10355
41.0472	62.8841	1.12812
41.0482	62.8882	1.13718
41.046	62.8943	1.13224
41.0574	62.8923	1.10381
41.0536	62.8882	1.1041
41.0653	62.8735	1.14487
41.0671	62.8881	1.1533
41.0493	62.8781	1.10685
41.0506	62.8836	1.10642
41.0572	62.8588	1.11343
41.0541	62.8631	1.11842
41.0535	62.8623	1.11034
41.0608	62.8986	1.10633
41.0559	62.8955	1.10822
41.0535	62.8966	1.11096
41.0563	62.8934	1.10646
41.0508	62.867	1.10853
41.0555	62.8645	1.12591
41.0613	62.8583	1.12174
41.067	62.8999	1.10482
41.0614	62.9	1.10635
41.0574	62.8995	1.10828
41.0563	62.9015	1.1088
41.0628	62.9018	1.10561
41.0657	62.9008	1.1051
41.0676	62.9021	1.10448
41.053	62.8915	1.10916
41.0498	62.8948	1.11529
41.0513	62.9	1.11341
41.0555	62.8717	1.13633
41.0592	62.8644	1.13132
41.0596	62.8708	1.13948
41.0664	62.8988	1.10457
41.0467	62.8909	1.12333
41.0478	62.8935	1.11941
41.0483	62.8893	1.11711
41.0458	62.8974	1.12583
41.048	62.8974	1.11888
41.0488	62.8796	1.13108
41.0482	62.8769	1.12187
41.0497	62.8733	1.12515
41.0514	62.8925	1.11209
41.0499	62.8872	1.11198
41.0483	62.881	1.11442
41.0475	62.8966	1.13964
41.0664	62.8556	1.11948
41.0678	62.8534	1.11047
41.0491	62.8729	1.10957
41.0518	62.8806	1.13905
41.0514	62.8734	1.13103
41.0473	62.8842	1.12103
41.0644	62.8638	1.13447
41.0529	62.8891	1.10713
41.0514	62.8908	1.14444
41.0563	62.892	1.14974
41.0628	62.8869	1.15162
41.0635	62.8548	1.11185
41.0484	62.8759	1.11549
41.05	62.8695	1.11646
41.0574	62.8797	1.14482
41.0608	62.8965	1.10535
41.0523	62.868	1.12473
41.0904	62.8638	1.10071
41.0891	62.8572	1.10071
41.093	62.8623	1.10071
41.0887	62.8615	1.10071
41.0915	62.8664	1.10071
41.087	62.8592	1.10071
41.0839	62.8532	1.10071
41.0847	62.8575	1.10071
41.0825	62.8558	1.10071
41.0798	62.8547	1.10071
41.0772	62.8536	1.10071
41.078	62.8508	1.10071
41.0741	62.8532	1.10071
41.0716	62.8529	1.10071
41.0716	62.8499	1.10071
41.0687	62.8532	1.10071
41.0659	62.8536	1.10071
41.0651	62.8508	1.10071
41.0633	62.8547	1.10071
41.0607	62.8558	1.10071
41.0592	62.8532	1.10071
41.0584	62.8575	1.10071
41.0561	62.8592	1.10071
41.0541	62.8572	1.10071
41.0544	62.8615	1.10071
41.0527	62.8638	1.10071
41.0501	62.8623	1.10071
41.0516	62.8664	1.10071
41.0505	62.869	1.10071
41.0476	62.8683	1.10071
41.0501	62.8718	1.10071
41.0498	62.8747	1.10071
41.0468	62.8747	1.10071
41.0501	62.8775	1.10071
41.0505	62.8803	1.10071
41.0476	62.8811	1.10071
41.0516	62.8829	1.10071
41.0527	62.8856	1.10071
41.0501	62.887	1.10071
41.0544	62.8878	1.10071
41.0561	62.8901	1.10071
41.0541	62.8922	1.10071
41.0584	62.8918	1.10071
41.0607	62.8935	1.10071
41.0592	62.8961	1.10071
41.0651	62.8986	1.10071
41.0633	62.8946	1.10071
41.0659	62.8957	1.10071
41.0716	62.8994	1.10071
41.069	62.8961	1.10071
41.0716	62.8965	1.10071
41.078	62.8986	1.10071
41.0744	62.8961	1.10071
41.0772	62.8957	1.10071
41.0839	62.8961	1.10071
41.0798	62.8946	1.10071
41.0825	62.8935	1.10071
41.0891	62.8922	1.10071
41.0847	62.8918	1.10071
41.087	62.8901	1.10071
41.093	62.887	1.10071
41.0887	62.8878	1.10071
41.0904	62.8856	1.10071
41.0955	62.8811	1.10071
41.0915	62.8829	1.10071
41.0926	62.8803	1.10071
41.0963	62.8747	1.10071
41.093	62.8775	1.10071
41.0934	62.8747	1.10071
41.0955	62.8683	1.10071
41.093	62.8718	1.10071
41.0926	62.869	1.10071
41.0963	62.8747	1.08491
41.0955	62.8683	1.08491
41.093	62.8623	1.08491
41.0891	62.8572	1.08491
41.0839	62.8532	1.08491
41.078	62.8508	1.08491
41.0716	62.8499	1.08491
41.0651	62.8508	1.08491
41.0592	62.8532	1.08491
41.0541	62.8572	1.08491
41.0501	62.8623	1.08491
41.0476	62.8683	1.08491
41.0468	62.8747	1.08491
41.0476	62.8811	1.08491
41.0501	62.887	1.08491
41.0541	62.8922	1.08491
41.0592	62.8961	1.08491
41.0651	62.8986	1.08491
41.0716	62.8994	1.08491
41.078	62.8986	1.08491
41.0839	62.8961	1.08491
41.0891	62.8922	1.08491
41.093	62.887	1.08491
41.0955	62.8811	1.08491
41.0915	62.8829	1.1015
41.0904	62.8856	1.1015
41.0887	62.8878	1.1015
41.0847	62.8918	1.1015
41.0825	62.8935	1.1015
41.0798	62.8946	1.1015
41.0741	62.8961	1.1015
41.0687	62.8961	1.1015
41.0633	62.8946	1.1015
41.0584	62.8918	1.1015
41.0544	62.8878	1.1015
41.0527	62.8856	1.1015
41.0516	62.8829	1.1015
41.0501	62.8775	1.1015
41.0501	62.8718	1.1015
41.0516	62.8664	1.1015
41.0544	62.8615	1.1015
41.0584	62.8575	1.1015
41.0633	62.8547	1.1015
41.069	62.8532	1.1015
41.0744	62.8532	1.1015
41.0798	62.8547	1.1015
41.0825	62.8558	1.1015
41.0847	62.8575	1.1015
41.0887	62.8615	1.1015
41.0915	62.8664	1.1015
41.093	62.8718	1.1015
41.093	62.8775	1.1015

#	Triangle	457
2	0	1	6	1	5	10	11	6	13	14	11	16	17	14	19	20	17	20	22	23	23	25	26	29	26	28	31	32	29	34	35	32	38	35	37	40	41	38	44	41	43	45	44	43	47	48	45	51	48	50	53	54	51	56	57	54	57	59	60	62	63	60	66	63	65	69	66	68	71	2	69
3	1	0	0	2	4	5	1	3	7	6	5	8	6	7	9	6	8	10	6	9	15	14	13	16	14	15	18	17	16	19	17	18	21	20	19	22	20	21	24	23	22	25	23	24	27	26	25	28	26	27	30	29	28	31	29	30	33	32	31	34	32	33	36	35	34	37	35	36	39	38	37	40	38	39	42	41	40	43	41	42	46	45	43	47	45	46	52	51	50	53	51	52	55	54	53	56	54	55	58	57	56	59	57	58	61	60	59	62	60	61	64	63	62	65	63	64	67	66	65	68	66	67	70	69	68	71	69	70	4	2	71
12	11	10	49	48	47
13	11	12	50	48	49
94	92	93	81	82	80
95	92	94	80	82	83
95	91	92	80	83	79
72	91	95	72	90	91	73	90	72	73	89	90	74	89	73	74	88	89	75	88	74	75	87	88	76	87	75	76	86	87	77	86	76	77	85	86	78	85	77	78	84	85	79	84	78	79	83	84	139	150	153	139	103	150	154	103	139	154	149	103	155	149	154	155	148	149	133	148	155	133	109	148	156	109	133	156	147	109	157	147	156	157	146	147	127	146	157	127	115	146	158	115	127	158	145	115
87	45	48	86	45	87
86	44	45	85	44	86
38	84	83	41	84	38
44	84	41	85	84	44
35	83	82	38	83	35
32	82	81	35	82	32
80	26	29	79	26	80
79	23	26	78	23	79
17	77	76	20	77	17
23	77	20	78	77	23
14	76	75	17	76	14
80	32	81	29	32	80
75	11	14	74	11	75
74	6	11	73	6	74
2	72	95	1	72	2
6	72	1	73	72	6
69	95	94	2	95	69
66	94	93	69	94	66
92	60	63	91	60	92
91	57	60	90	57	91
51	87	48	88	87	51
57	89	54	90	89	57
54	88	51	89	88	54
92	66	93	63	66	92
98	96	97	99	96	98	120	122	123	121	122	120
99	143	96	120	123	119
100	143	99	119	123	124
100	142	143	101	142	100	118	124	125	119	124	118
101	141	142	118	125	117
102	141	101	117	125	126
102	140	141	103	140	102	116	126	127	117	126	116
103	139	140	116	127	115
104	139	103	104	138	139	105	138	104	105	137	138	106	137	105	106	136	137	107	136	106	107	135	136	108	135	107	108	134	135	108	133	134	109	133	108	110	133	109	110	132	133	110	131	132	111	131	110	112	131	111	112	130	131	113	130	112	113	129	130	114	129	113	114	128	129	115	128	114	115	127	128
50	110	109	50	111	110	49	47	111	53	108	107	53	52	109	52	50	109
50	49	111	53	109	108	451	450	171	170	450	451	437	438	182	183	438	437
47	112	111	47	113	112	47	46	113	46	43	113
40	116	115	40	117	116	40	39	117	39	37	117	43	114	113	43	115	114	43	42	115	42	40	115
31	122	121	31	123	122	31	30	123	30	28	123	34	120	119	34	121	120	34	33	121	33	31	121
16	132	131	16	15	133	15	13	133	13	134	133	13	135	134	12	10	135
16	133	132	13	12	135
37	118	117	37	119	118	37	36	119	36	34	119
28	124	123	28	125	124	28	27	125	27	25	125
22	128	127	22	129	128	22	21	129	21	19	129	25	126	125	25	127	126	25	24	127	24	22	127
19	130	129	19	131	130	19	18	131	18	16	131
10	136	135	10	137	136	10	9	137	9	8	137
5	140	139	5	141	140	5	3	141	3	0	141	8	138	137	8	139	138	8	7	139	7	5	139
68	98	97	68	99	98	68	67	99	67	65	99	71	96	143	71	97	96	71	70	97	70	68	97
0	142	141	0	143	142	0	4	143	4	71	143
65	100	99	65	101	100	65	64	101	64	62	101
59	104	103	59	105	104	59	58	105	58	56	105	62	102	101	62	103	102	62	61	103	61	59	103
56	106	105	56	107	106	56	55	107	55	53	107
152	151	97	121	144	159
153	151	152	159	144	145
153	150	151	159	145	158
172	170	171	183	160	182
173	170	172	182	160	161
173	169	170
174	169	173	181	161	162
