COMPONENT 2927189=IfcFlowFitting
#	TMesh	1023306=IfcFlowFitting
0.0205361	-0.999608	0.000319839	0	0.016348	0.0006558	0.999685	0	0.999474	0.0205281	-0.016358	0	20.6859	80.1914	-68.9284	1

COMPONENTFINISH

COMPONENT 2927295=IfcFlowFitting
#	TMesh	1023306=IfcFlowFitting
-0.0186597	0.00075677	0.999778	0	-0.018383	-0.999783	0.000413686	0	-0.999609	0.0183721	-0.0186705	0	25.5912	145.62	-3.94847	1

COMPONENTFINISH

COMPONENT 2927411=IfcFlowSegment
#	TMesh	2683275=IfcFlowSegment
-0.995965	-0.0869701	0.000209547	0	-0.0869701	0.995965	1.82982e-005	0	0.000210344	-7.4358e-011	0.999755	0	106.445	107.325	0.451378	1

COMPONENTFINISH

COMPONENT 2927498=IfcFlowSegment
#	TMesh	1245954=IfcFlowSegment
-0.260047	0.0931255	-0.197171	0	0.216757	0.143847	-0.21794	0	0.0237696	-0.292932	-0.169704	0	52.4058	-64.8755	20.9572	1

COMPONENTFINISH

COMPONENT 2927585=IfcFlowSegment
#	TMesh	1041082=IfcFlowSegment
1.70069	-0.0602668	1.29178e-008	0	0.0602668	1.70069	5.92971e-009	0	-1.31197e-008	-5.46851e-009	1.70176	0	-47.3775	-40.8286	-0.39301	1

COMPONENTFINISH

COMPONENT 2927662=IfcFlowFitting
#	TMesh	1023306=IfcFlowFitting
0.000538062	-0.999857	0.000349402	0	-0.000542937	0.000349104	0.999857	0	-0.999857	-0.000538249	-0.000542748	0	27.8369	80.2381	-68.9585	1

COMPONENTFINISH

COMPONENT 2927768=IfcFlowFitting
#	TMesh	1023306=IfcFlowFitting
-0.0188649	0.00124162	0.999711	0	-0.0181706	-0.999725	0.000898659	0	-0.999547	0.0181504	-0.0188843	0	29.1772	145.614	-3.98206	1

COMPONENTFINISH

COMPONENT 2927884=IfcFlowSegment
#	TMesh	1019976=IfcFlowSegment
-8.19049e-007	0.999142	-0.0809645	0	1.01642e-005	0.0809645	0.999142	0	1.00242	-4.58208e-009	-1.01971e-005	0	29.4069	-3.08968	-37.2689	1

COMPONENTFINISH

COMPONENT 2927971=IfcFlowSegment
#	TMesh	2683275=IfcFlowSegment
-0.995965	-0.0869701	0.000213304	0	-0.0869701	0.995965	1.86277e-005	0	0.000214116	-1.41269e-009	0.999755	0	110.045	107.325	0.451077	1

COMPONENTFINISH

COMPONENT 2928058=IfcFlowSegment
#	TMesh	1041082=IfcFlowSegment
1.70131	-0.0380923	8.62167e-009	0	0.0380923	1.70131	5.05455e-009	0	-8.73266e-009	-4.8603e-009	1.70174	0	-42.2579	-41.7824	-0.392987	1

COMPONENTFINISH

COMPONENT 2928135=IfcFlowFitting
#	TMesh	1023306=IfcFlowFitting
0.0201184	-0.999591	0.000523686	0	0.0167793	0.000861436	0.999652	0	0.99945	0.0201068	-0.0167932	0	27.8577	80.1774	-68.9266	1

COMPONENTFINISH

COMPONENT 2928241=IfcFlowFitting
#	TMesh	1023306=IfcFlowFitting
-0.0184429	0.00147697	0.99969	0	-0.0186209	-0.999687	0.00113344	0	-0.999517	0.0185968	-0.0184672	0	32.8067	145.61	-3.99896	1

COMPONENTFINISH

COMPONENT 2928357=IfcFlowSegment
#	TMesh	1019976=IfcFlowSegment
4.36301e-007	-0.999142	0.0809645	0	-5.44907e-006	-0.0809645	-0.999142	0	-1.00242	5.24184e-009	5.46651e-006	0	38.3361	153.066	40.2723	1

COMPONENTFINISH

COMPONENT 2928444=IfcFlowSegment
#	TMesh	2683275=IfcFlowSegment
0.995965	-0.0869701	0.000219663	0	0.0869701	0.995965	1.9182e-005	0	-0.000220499	-4.46088e-010	0.999755	0	-42.3015	107.325	0.450568	1

COMPONENTFINISH

COMPONENT 2928531=IfcFlowSegment
#	TMesh	1041082=IfcFlowSegment
1.7016	0.0130819	-6.0723e-009	0	-0.0130819	1.7016	-7.84652e-009	0	-6.0118e-009	-7.89297e-009	-1.70165	0	-31.5042	-43.9043	3.02459	1

COMPONENTFINISH

COMPONENT 2928608=IfcFlowFitting
#	TMesh	1023306=IfcFlowFitting
0.0190258	-0.999552	0.000737846	0	0.0178985	0.00107858	0.999572	0	0.999392	0.0190095	-0.0179158	0	34.9845	80.1631	-68.9208	1

COMPONENTFINISH

COMPONENT 2928714=IfcFlowFitting
#	TMesh	1023306=IfcFlowFitting
-0.0191801	0.00111184	0.999717	0	-0.0178353	-0.999742	0.000769705	0	-0.999559	0.0178172	-0.0191968	0	39.9552	145.616	-3.97265	1

COMPONENTFINISH

COMPONENT 2928830=IfcFlowSegment
#	TMesh	2683275=IfcFlowSegment
-0.995965	0.0869701	0.000213899	0	-0.0869701	-0.995965	1.86794e-005	0	0.000214713	1.22661e-009	0.999755	0	92.0446	44.3567	0.45103	1

COMPONENTFINISH

COMPONENT 2928917=IfcFlowSegment
#	TMesh	1019976=IfcFlowSegment
-5.83498e-007	0.999142	-0.0809645	0	7.21233e-006	0.0809645	0.999142	0	1.00242	-9.43374e-010	-7.2359e-006	0	11.407	-3.08968	-37.2689	1

COMPONENTFINISH

COMPONENT 2929004=IfcFlowSegment
#	TMesh	1041082=IfcFlowSegment
-1.70162	-0.0109196	-1.00966e-008	0	0.0109196	-1.70162	-8.52338e-009	0	1.00417e-008	8.58799e-009	-1.70165	0	81.3987	194.199	3.02459	1

COMPONENTFINISH

COMPONENT 2929081=IfcFlowFitting
#	TMesh	1023306=IfcFlowFitting
0.020035	-0.999548	0.000695288	0	0.0168634	0.00103343	0.999606	0	0.999406	0.0200204	-0.0168808	0	9.85223	80.1652	-68.9242	1

COMPONENTFINISH

COMPONENT 2929187=IfcFlowFitting
#	TMesh	1023306=IfcFlowFitting
0.000623391	0.000870526	0.999909	0	-0.000728397	-0.999909	0.000870913	0	0.999909	-0.000728938	-0.000622756	0	11.1898	145.65	-4.00174	1

COMPONENTFINISH

COMPONENT 2929303=IfcFlowSegment
#	TMesh	2683275=IfcFlowSegment
0.995964	-0.08697	-0.000217547	0	0.08697	0.995964	-1.89985e-005	0	-0.000218375	-1.71049e-009	-0.999754	0	-70.7029	107.325	1.80926	1

COMPONENTFINISH

COMPONENT 2929390=IfcFlowSegment
#	TMesh	1019976=IfcFlowSegment
2.89123e-005	0.999127	-0.0809633	0	-0.000356761	0.0809633	0.999127	0	1.0024	-2.45226e-009	0.000357931	0	8.21959	-3.08849	-37.2686	1

COMPONENTFINISH

COMPONENT 2929477=IfcFlowSegment
#	TMesh	1041082=IfcFlowSegment
-1.70116	-0.0368386	-1.84704e-008	0	0.0368386	-1.70116	-8.29708e-009	0	1.82864e-008	8.69501e-009	-1.70156	0	76.3726	195.232	3.0245	1

COMPONENTFINISH

COMPONENT 2929554=IfcFlowFitting
#	TMesh	1023306=IfcFlowFitting
0.0198499	-0.999474	0.00105944	0	0.0170194	0.00139761	0.999526	0	0.999329	0.019829	-0.0170438	0	6.64074	80.1394	-68.9201	1

COMPONENTFINISH

COMPONENT 2929660=IfcFlowFitting
#	TMesh	1023306=IfcFlowFitting
-0.0200805	0.0019415	0.999572	0	-0.016857	-0.999632	0.00160301	0	-0.999432	0.0168214	-0.0201103	0	11.4892	145.605	-4.02959	1

COMPONENTFINISH

COMPONENT 2929776=IfcFlowSegment
#	TMesh	1019976=IfcFlowSegment
-8.34112e-007	0.999127	-0.0809633	0	1.03123e-005	0.0809633	0.999127	0	1.0024	-1.52816e-009	-1.03459e-005	0	4.20687	-3.0885	-37.2683	1

COMPONENTFINISH

COMPONENT 2929863=IfcFlowSegment
#	TMesh	2683275=IfcFlowSegment
0.995964	-0.0869701	0.000231909	0	0.0869701	0.995964	2.02516e-005	0	-0.000232791	-7.05943e-010	0.999754	0	-74.7014	107.325	0.449587	1

COMPONENTFINISH

COMPONENT 2929950=IfcFlowSegment
#	TMesh	1041082=IfcFlowSegment
-1.70115	0.0376693	-9.55214e-009	0	0.0376693	1.70115	-2.50357e-009	0	9.49437e-009	-2.71442e-009	-1.70157	0	72.3157	-44.8829	3.02451	1

COMPONENTFINISH

COMPONENT 2930027=IfcFlowFitting
#	TMesh	1023306=IfcFlowFitting
-0.000209116	-0.999871	0.000150472	0	0.000204285	0.000150502	0.999871	0	-0.999871	0.000209147	0.000204253	0	6.18809	80.2513	-68.9594	1

COMPONENTFINISH

COMPONENT 2930133=IfcFlowFitting
#	TMesh	1023306=IfcFlowFitting
-0.000137099	0.000900507	0.999915	0	9.97612e-005	-0.999915	0.000900447	0	0.999916	9.98846e-005	0.000137007	0	3.93532	145.65	-4.00471	1

COMPONENTFINISH

COMPONENT 2930249=IfcFlowSegment
#	TMesh	2683275=IfcFlowSegment
-0.995964	-0.0869701	0.000220174	0	-0.0869701	0.995964	1.92268e-005	0	0.000221012	-6.6889e-010	0.999754	0	81.2445	107.325	0.450527	1

COMPONENTFINISH

COMPONENT 2930336=IfcFlowSegment
#	TMesh	1019976=IfcFlowSegment
-5.83878e-006	-0.999127	0.0809633	0	7.19774e-005	-0.0809633	-0.999127	0	-1.0024	6.14584e-009	-7.22138e-005	0	2.33305	153.065	40.2718	1

COMPONENTFINISH

COMPONENT 2930423=IfcFlowSegment
#	TMesh	1041082=IfcFlowSegment
1.70116	0.0373527	3.20172e-009	0	-0.0373527	1.70116	8.83033e-010	0	-3.18157e-009	-9.53104e-010	1.70157	0	-65.7951	-44.8707	-0.392821	1

COMPONENTFINISH

COMPONENT 2930500=IfcFlowFitting
#	TMesh	1023306=IfcFlowFitting
-7.3241e-005	-0.999835	0.000415564	0	6.37291e-005	0.000415593	0.999835	0	-0.999835	7.32681e-005	6.36983e-005	0	2.59725	80.2326	-68.958	1

COMPONENTFINISH

COMPONENT 2930606=IfcFlowFitting
#	TMesh	1023306=IfcFlowFitting
-0.000144139	0.000405073	0.999963	0	0.000102863	-0.999963	0.000404984	0	0.999963	0.000102922	0.000144097	0	0.335086	145.656	-3.97006	1

COMPONENTFINISH

COMPONENT 2930722=IfcFlowSegment
#	TMesh	2683275=IfcFlowSegment
0.995964	0.0869701	-0.000160211	0	0.0869701	-0.995964	-1.39908e-005	0	-0.000160821	7.43316e-010	-0.999754	0	-81.9015	44.3568	1.80467	1

COMPONENTFINISH

COMPONENT 2930809=IfcFlowSegment
#	TMesh	1019976=IfcFlowSegment
-2.16318e-006	-0.999127	0.0809633	0	2.66912e-005	-0.0809633	-0.999127	0	1.0024	-2.83518e-010	2.67787e-005	0	-2.99377	153.065	40.2717	1

COMPONENTFINISH

COMPONENT 2930896=IfcFlowSegment
#	TMesh	1041082=IfcFlowSegment
-1.70115	0.0377685	-1.0814e-008	0	0.0377685	1.70115	-5.99629e-009	0	1.06782e-008	-6.23485e-009	-1.70157	0	65.1087	-44.8868	3.02451	1

COMPONENTFINISH

COMPONENT 2930973=IfcFlowFitting
#	TMesh	1023306=IfcFlowFitting
-0.000131245	-0.999759	0.000805289	0	0.000123928	0.000805348	0.999759	0	-0.99976	0.000131347	0.000123824	0	-1.00678	80.2048	-68.9547	1

COMPONENTFINISH

COMPONENT 2931079=IfcFlowFitting
#	TMesh	1023306=IfcFlowFitting
-7.9659e-005	9.4682e-005	1.00003	0	3.49757e-005	-1.00003	9.4682e-005	0	1.00003	3.49827e-005	7.96545e-005	0	-3.26054	145.662	-3.94847	1

COMPONENTFINISH

COMPONENT 2931195=IfcFlowSegment
#	TMesh	1019976=IfcFlowSegment
-9.82503e-006	-0.999127	-0.0809633	0	0.00012126	-0.0809633	0.999127	0	1.0024	1.12586e-009	-0.000121657	0	-5.59744	153.065	-37.2682	1

COMPONENTFINISH

COMPONENT 2931282=IfcFlowSegment
#	TMesh	2683275=IfcFlowSegment
0.995964	-0.0869701	0.000194074	0	0.0869701	0.995964	1.69472e-005	0	-0.000194813	-1.11289e-010	0.999754	0	-84.5014	107.325	0.452618	1

COMPONENTFINISH

COMPONENT 2931369=IfcFlowSegment
#	TMesh	1041082=IfcFlowSegment
1.70115	-0.0376908	-1.87187e-008	0	-0.0376908	-1.70115	-5.82132e-009	0	-1.85852e-008	6.23452e-009	-1.70156	0	-71.971	195.266	3.0245	1

COMPONENTFINISH

COMPONENT 2931446=IfcFlowFitting
#	TMesh	1023306=IfcFlowFitting
1.86806e-006	-0.999828	0.000472367	0	-1.28011e-005	0.000472456	0.999828	0	-0.999829	-1.8744e-006	-1.27982e-005	0	-3.59775	80.2287	-68.9577	1

COMPONENTFINISH

COMPONENT 2931552=IfcFlowFitting
#	TMesh	1023306=IfcFlowFitting
-0.000146488	0.00136635	0.999831	0	0.000111732	-0.999831	0.00136629	0	0.999832	0.000111933	0.000146334	0	-5.86538	145.641	-4.03711	1

COMPONENTFINISH

COMPONENT 2931668=IfcFlowSegment
#	TMesh	2683275=IfcFlowSegment
0.995964	-0.0869701	0.000239898	0	0.0869701	0.995964	2.09485e-005	0	-0.000240811	-3.66688e-011	0.999754	0	-89.1014	107.325	0.448947	1

COMPONENTFINISH

COMPONENT 2931755=IfcFlowSegment
#	TMesh	1019976=IfcFlowSegment
-3.64451e-006	0.999126	-0.0809633	0	4.50574e-005	0.0809633	0.999126	0	1.0024	-6.651e-009	-4.52046e-005	0	-10.1945	-3.08848	-37.2682	1

COMPONENTFINISH

COMPONENT 2931842=IfcFlowSegment
#	TMesh	1041082=IfcFlowSegment
1.70116	-0.0370249	-5.74676e-009	0	-0.0370249	-1.70116	-7.86861e-009	0	-5.57419e-009	7.99179e-009	-1.70156	0	-76.618	195.24	3.0245	1

COMPONENTFINISH

COMPONENT 2931919=IfcFlowFitting
#	TMesh	1023306=IfcFlowFitting
-7.41619e-005	-0.999755	0.000780493	0	6.29716e-005	0.000780553	0.999755	0	-0.999755	7.4212e-005	6.29119e-005	0	-8.20278	80.2066	-68.9542	1

COMPONENTFINISH

COMPONENT 2932025=IfcFlowFitting
#	TMesh	1023306=IfcFlowFitting
-0.000324854	0.00149369	0.99982	0	0.000299156	-0.99982	0.00149381	0	0.999821	0.000299643	0.000324403	0	-10.4777	145.64	-4.04624	1

COMPONENTFINISH

COMPONENT 2932141=IfcFlowSegment
#	TMesh	125069=IfcFlowSegment
-9.6162e-006	0.204579	0.204603	0	9.61693e-006	0.204603	-0.204579	0	0.289336	-1.30841e-009	1.35999e-005	0	-10.2784	98.944	68.2865	1

COMPONENTFINISH

COMPONENT 2932228=IfcFlowSegment
#	TMesh	2683275=IfcFlowSegment
0.995965	-0.0869701	0.000218504	0	0.0869701	0.995965	1.90809e-005	0	-0.000219335	-5.57073e-010	0.999755	0	-92.7015	107.325	0.450661	1

COMPONENTFINISH

COMPONENT 2932315=IfcFlowSegment
#	TMesh	1041082=IfcFlowSegment
1.70166	0.00305068	-1.99073e-008	0	-0.00305068	1.70166	-6.05528e-009	0	-1.98965e-008	-6.09096e-009	-1.70167	0	-82.6058	-43.4969	3.02461	1

COMPONENTFINISH

COMPONENT 2932392=IfcFlowFitting
#	TMesh	1023306=IfcFlowFitting
0.00130033	-0.999796	0.000662327	0	-0.00132666	0.000660747	0.999796	0	-0.999795	-0.00130121	-0.0013258	0	-11.7119	80.2168	-68.9549	1

COMPONENTFINISH

COMPONENT 2932498=IfcFlowFitting
#	TMesh	1023306=IfcFlowFitting
0.000759213	0.00092712	0.999913	0	-0.000872495	-0.999913	0.000927806	0	0.999913	-0.000873198	-0.000758406	0	-14.0007	145.65	-4.00562	1

COMPONENTFINISH

COMPONENT 2932614=IfcFlowSegment
#	TMesh	1019976=IfcFlowSegment
1.8312e-006	0.999142	-0.0809645	0	-2.2704e-005	0.0809645	0.999142	0	-1.00242	-8.57052e-009	-2.27777e-005	0	-15.6633	-3.08969	-37.2689	1

COMPONENTFINISH

COMPONENT 2932701=IfcFlowSegment
#	TMesh	2683275=IfcFlowSegment
-0.995965	0.0869701	-0.000220031	0	-0.0869701	-0.995965	-1.92135e-005	0	0.000220869	-1.85918e-010	-0.999755	0	63.2446	44.3567	1.80946	1

COMPONENTFINISH

COMPONENT 2932788=IfcFlowSegment
#	TMesh	1041082=IfcFlowSegment
1.70048	-0.0631796	-9.9786e-009	0	-0.0631796	-1.70048	-1.19609e-008	0	-9.52763e-009	1.23232e-008	-1.70165	0	-81.9676	196.266	3.02459	1

COMPONENTFINISH

COMPONENT 2932865=IfcFlowFitting
#	TMesh	1023306=IfcFlowFitting
0.000880972	-0.999818	0.000549197	0	-0.000897144	0.000548422	0.999818	0	-0.999818	-0.000881465	-0.000896659	0	-15.3399	80.2243	-68.9564	1

COMPONENTFINISH

COMPONENT 2932971=IfcFlowFitting
#	TMesh	1023306=IfcFlowFitting
-8.87063e-005	1.28448e-005	1.00004	0	1.2705e-005	-1.00004	1.28448e-005	0	1.00004	1.27053e-005	8.87038e-005	0	-17.6589	145.663	-3.94274	1

COMPONENTFINISH

COMPONENT 2948223=IfcFlowSegment
#	TMesh	1036259=IfcFlowSegment
-1.0013	5.84333e-010	-8.49325e-006	0	5.84333e-010	1.0013	1.04143e-010	0	8.49325e-006	1.04138e-010	-1.0013	0	-10.9496	-5.81496	2.26152	1

COMPONENTFINISH

COMPONENT 2948310=IfcFlowSegment
#	TMesh	1040821=IfcFlowSegment
1.66938	1.96821e-009	-0.386387	0	-0.386387	2.7486e-009	-1.66938	0	1.29773e-009	-1.71351	-3.12163e-009	0	-60.7983	76.0983	122.333	1

COMPONENTFINISH

COMPONENT 2948397=IfcFlowSegment
#	TMesh	1041082=IfcFlowSegment
-0.986729	-1.38646	-4.74238e-009	0	1.38646	-0.986729	5.25909e-009	0	7.03456e-009	8.14349e-010	-1.70173	0	-72.6029	199.873	3.02467	1

COMPONENTFINISH

COMPONENT 2948474=IfcFlowFitting
#	TMesh	1023306=IfcFlowFitting
0.000720408	1.00004	-0.00073716	0	-0.000823454	0.000737637	1.00003	0	1.00003	-0.000719803	0.000823986	0	-17.6041	69.0567	-68.9671	1

COMPONENTFINISH

COMPONENT 2948580=IfcFlowFitting
#	TMesh	1023306=IfcFlowFitting
0.0203834	0.000396818	0.999901	0	0.0164932	0.999972	-0.000733018	0	0.999765	-0.0165048	-0.0203741	0	-18.9239	3.72894	-3.86639	1

COMPONENTFINISH

COMPONENT 2948696=IfcFlowSegment
#	Mesh	0	Begin

#	Vertex	72
-12.9242	74.2392	1.52562
-12.9201	74.2392	1.52452
-12.9163	74.2392	1.52273
-12.9128	74.2392	1.5203
-12.9098	74.2392	1.51731
-12.9074	74.2392	1.51384
-12.9056	74.2392	1.51
-12.9045	74.2392	1.50591
-12.9041	74.2392	1.50169
-12.9045	74.2392	1.49747
-12.9056	74.2392	1.49338
-12.9074	74.2392	1.48954
-12.9098	74.2392	1.48607
-12.9128	74.2392	1.48307
-12.9163	74.2392	1.48065
-12.9201	74.2392	1.47885
-12.9242	74.2392	1.47776
-12.9284	74.2392	1.47739
-12.9327	74.2392	1.47776
-12.9368	74.2392	1.47885
-12.9406	74.2392	1.48065
-12.9441	74.2392	1.48307
-12.9471	74.2392	1.48607
-12.9495	74.2392	1.48954
-12.9513	74.2392	1.49338
-12.9524	74.2392	1.49747
-12.9527	74.2392	1.50169
-12.9524	74.2392	1.50591
-12.9513	74.2392	1.51
-12.9495	74.2392	1.51384
-12.9471	74.2392	1.51731
-12.9441	74.2392	1.5203
-12.9406	74.2392	1.52273
-12.9368	74.2392	1.52452
-12.9327	74.2392	1.52562
-12.9284	74.2392	1.52599
-12.9242	74.6247	1.52562
-12.9201	74.6247	1.52452
-12.9163	74.6247	1.52273
-12.9128	74.6247	1.5203
-12.9098	74.6247	1.51731
-12.9074	74.6247	1.51384
-12.9056	74.6247	1.51
-12.9045	74.6247	1.50591
-12.9041	74.6247	1.50169
-12.9045	74.6247	1.49747
-12.9056	74.6247	1.49338
-12.9074	74.6247	1.48954
-12.9098	74.6247	1.48607
-12.9128	74.6247	1.48307
-12.9163	74.6247	1.48065
-12.9201	74.6247	1.47885
-12.9242	74.6247	1.47776
-12.9284	74.6247	1.47739
-12.9327	74.6247	1.47776
-12.9368	74.6247	1.47885
-12.9406	74.6247	1.48065
-12.9441	74.6247	1.48307
-12.9471	74.6247	1.48607
-12.9495	74.6247	1.48954
-12.9513	74.6247	1.49338
-12.9524	74.6247	1.49747
-12.9527	74.6247	1.50169
-12.9524	74.6247	1.50591
-12.9513	74.6247	1.51
-12.9495	74.6247	1.51384
-12.9471	74.6247	1.51731
-12.9441	74.6247	1.5203
-12.9406	74.6247	1.52273
-12.9368	74.6247	1.52452
-12.9327	74.6247	1.52562
-12.9284	74.6247	1.52599

#	Triangle	54
35	36	71	0	36	35
0	37	36	1	37	0
1	38	37	2	38	1
2	39	38	3	39	2
3	40	39	4	40	3
4	41	40	5	41	4
5	42	41	6	42	5
6	43	42	7	43	6
7	44	43	8	44	7
8	45	44	9	45	8
9	46	45	10	46	9
10	47	46	11	47	10
11	48	47	12	48	11
12	49	48	13	49	12
13	50	49	14	50	13
14	51	50	15	51	14
15	52	51	16	52	15
16	53	52	17	53	16
17	54	53	18	54	17
18	55	54	19	55	18
19	56	55	20	56	19
20	57	56	21	57	20
21	58	57	22	58	21
22	59	58	23	59	22
23	60	59	24	60	23
24	61	60	25	61	24
25	62	61	26	62	25
26	63	62	27	63	26
27	64	63	28	64	27
28	65	64	29	65	28
29	66	65	30	66	29
30	67	66	31	67	30
31	68	67	32	68	31
32	69	68	33	69	32
33	70	69	34	70	33
34	71	70	35	71	34
7	9	8	26	25	27
6	9	7	27	25	24
6	10	9	27	24	28
5	10	6	28	24	23
5	11	10	28	23	29
4	11	5	29	23	22
4	12	11	29	22	30
3	12	4	30	22	21
3	13	12	2	13	3	2	14	13	1	14	2	1	15	14	0	15	1	0	16	15	35	16	0	35	17	16	34	17	35	34	18	17	33	18	34	33	19	18	32	19	33	32	20	19	31	20	32	31	21	20	30	21	31
45	43	44	62	63	61
46	43	45	61	63	64
46	42	43	61	64	60
47	42	46	60	64	65
47	41	42	60	65	59
48	41	47	59	65	66
48	40	41	59	66	58
49	40	48	58	66	67
49	39	40	50	39	49	50	38	39	51	38	50	51	37	38	52	37	51	52	36	37	53	36	52	53	71	36	54	71	53	54	70	71	55	70	54	55	69	70	56	69	55	56	68	69	57	68	56	57	67	68	58	67	57

#	Normal	54
0.0871755	-0	0.996193
0.258832	-0	0.965922
0.422631	-0	0.906302
0.573582	-0	0.819148
0.707107	-0	0.707107
0.819134	-0	0.573602
0.906313	-0	0.422608
0.965905	-0	0.258896
0.996195	-0	0.0871494
0.996195	-0	-0.0871494
0.965903	-0	-0.258904
0.906318	-0	-0.422597
0.819134	-0	-0.573602
0.707107	-0	-0.707107
0.573582	-0	-0.819148
0.422608	-0	-0.906313
0.258859	-0	-0.965915
0.0871755	-0	-0.996193
-0.0871755	0	-0.996193
-0.258801	0	-0.965931
-0.422608	0	-0.906313
-0.573582	0	-0.819148
-0.707107	0	-0.707107
-0.819134	0	-0.573602
-0.906318	0	-0.422597
-0.965961	0	-0.258689
-0.996195	0	-0.0871494
-0.996195	-0	0.0871494
-0.965963	-0	0.258681
-0.906313	-0	0.422608
-0.819134	-0	0.573602
-0.707107	-0	0.707107
-0.573582	-0	0.819148
-0.422631	-0	0.906302
-0.258774	-0	0.965938
-0.0871755	-0	0.996193
-0	-3.11525e-006	-0
-0	-9.25511e-006	-0
-0	-1.82292e-005	-0
-0	-2.97544e-005	-0
-0	-4.3498e-005	-0
-0	-5.90415e-005	-0
-0	-7.59022e-005	-0
-0	-9.3566e-005	-0
-0	-1	-0
-0	3.11525e-006	-0
-0	9.25511e-006	-0
-0	1.82292e-005	-0
-0	2.97544e-005	-0
-0	4.3498e-005	-0
-0	5.90415e-005	-0
-0	7.59022e-005	-0
-0	9.3566e-005	-0
-0	1	-0

#	Mesh	0	End


COMPONENTFINISH

COMPONENT 2948783=IfcFlowSegment
#	TMesh	1036259=IfcFlowSegment
-1.0013	-1.94715e-010	2.89187e-006	0	1.94716e-010	-1.0013	1.55877e-010	0	-2.89187e-006	-1.55877e-010	-1.0013	0	-7.34963	153.053	2.26146	1

COMPONENTFINISH

COMPONENT 2948870=IfcFlowSegment
#	TMesh	1041082=IfcFlowSegment
0.0597246	-1.70059	-1.31125e-009	0	1.70059	0.0597246	-1.18627e-009	0	-1.23156e-009	1.26881e-009	-1.70164	0	-133.869	139.864	3.02458	1

COMPONENTFINISH

COMPONENT 2948947=IfcFlowFitting
#	TMesh	1023306=IfcFlowFitting
-0.019203	0.999811	-0.000656098	0	-0.0178049	0.000314057	0.999837	0	-0.999653	-0.0192116	-0.0177956	0	-10.4467	69.1085	-68.9325	1

COMPONENTFINISH

COMPONENT 2949053=IfcFlowFitting
#	TMesh	1023306=IfcFlowFitting
0.000376282	0.000172704	1.00007	0	-0.000400194	1.00007	-0.000172645	0	-1.00007	-0.000400126	0.000376348	0	-11.7721	3.70509	-3.93017	1

COMPONENTFINISH

COMPONENT 2949169=IfcFlowSegment
#	TMesh	2645895=IfcFlowSegment
-0.115025	-1.42107	-2.3367e-005	0	1.42107	-0.115025	0.000288701	0	-0.000289646	1.24155e-009	1.42572	0	-69.1841	163.952	0.260557	1

COMPONENTFINISH

COMPONENT 2949256=IfcFlowSegment
#	TMesh	1036259=IfcFlowSegment
-1.0013	-9.97392e-010	-1.88148e-005	0	9.97388e-010	-1.0013	2.0761e-010	0	1.88148e-005	-2.07591e-010	-1.0013	0	-3.74966	153.053	2.26158	1

COMPONENTFINISH

COMPONENT 2949343=IfcFlowSegment
#	TMesh	1041082=IfcFlowSegment
1.70115	-0.0373652	-6.38955e-009	0	-0.0373652	-1.70115	-5.74224e-009	0	-6.26192e-009	5.88117e-009	-1.70156	0	-76.5939	194.241	3.0245	1

COMPONENTFINISH

COMPONENT 2949420=IfcFlowFitting
#	TMesh	1023306=IfcFlowFitting
0.000222112	1.00008	-0.0011287	0	-0.000274792	0.00112867	1.00008	0	1.00008	-0.000221804	0.000275042	0	-10.4403	69.0284	-68.9678	1

COMPONENTFINISH

COMPONENT 2949526=IfcFlowFitting
#	TMesh	1023306=IfcFlowFitting
0.000158217	-0.000442564	0.999974	0	-0.000213532	0.999974	0.000442624	0	-0.999974	-0.000213601	0.000158122	0	-8.18424	3.71483	-3.97278	1

COMPONENTFINISH

COMPONENT 2949642=IfcFlowSegment
#	TMesh	2645895=IfcFlowSegment
-0.115025	-1.42107	-1.22203e-006	0	1.42107	-0.115025	1.5059e-005	0	1.51085e-005	3.10435e-009	-1.42572	0	-64.5844	163.952	2.73003	1

COMPONENTFINISH

COMPONENT 2949729=IfcFlowSegment
#	TMesh	1036259=IfcFlowSegment
1.0013	-9.12279e-010	-2.62967e-005	0	9.12311e-010	1.0013	1.19055e-009	0	-2.62967e-005	1.19057e-009	-1.0013	0	-10.3072	-5.81483	2.26162	1

COMPONENTFINISH

COMPONENT 2949816=IfcFlowSegment
#	TMesh	1041082=IfcFlowSegment
-1.70116	0.0373548	8.91808e-009	0	0.0373548	1.70116	3.22213e-009	0	8.8452e-009	-3.41714e-009	1.70157	0	62.538	-45.8822	-0.392819	1

COMPONENTFINISH

COMPONENT 2949893=IfcFlowFitting
#	TMesh	1023306=IfcFlowFitting
-5.03832e-005	1.00007	-0.000976503	0	1.57573e-005	0.000976443	1.00007	0	1.00007	5.03664e-005	-1.58066e-005	0	-5.85937	69.0389	-68.9672	1

COMPONENTFINISH

COMPONENT 2949999=IfcFlowFitting
#	TMesh	1023306=IfcFlowFitting
-0.000167084	0.000240564	1.00008	0	0.000135672	1.00008	-0.000240564	0	-1.00008	0.000135632	-0.000167117	0	-3.60706	3.70332	-3.92483	1

COMPONENTFINISH

COMPONENT 2950115=IfcFlowSegment
#	TMesh	2645895=IfcFlowSegment
-0.115025	-1.42107	-9.88348e-006	0	1.42107	-0.115025	0.000122057	0	0.000122456	3.90346e-009	-1.42572	0	-61.9845	163.952	2.72552	1

COMPONENTFINISH

COMPONENT 2950202=IfcFlowSegment
#	TMesh	1036259=IfcFlowSegment
-1.0013	-2.48665e-009	1.81741e-005	0	-2.48665e-009	1.0013	5.10583e-011	0	1.81741e-005	-5.10132e-011	1.0013	0	3.45035	-5.81484	-0.00157285	1

COMPONENTFINISH

COMPONENT 2950289=IfcFlowSegment
#	TMesh	1041082=IfcFlowSegment
-1.70115	0.0377631	8.71725e-009	0	0.0377631	1.70115	8.85956e-009	0	8.51848e-009	-9.05084e-009	1.70157	0	65.1091	-45.8982	-0.392817	1

COMPONENTFINISH

COMPONENT 2950366=IfcFlowFitting
#	TMesh	1023306=IfcFlowFitting
4.60941e-005	1.00007	-0.000968218	0	-8.6483e-005	0.000968128	1.00007	0	1.00007	-4.60118e-005	8.65287e-005	0	-3.25267	69.0395	-68.9676	1

COMPONENTFINISH

COMPONENT 2950472=IfcFlowFitting
#	TMesh	1023306=IfcFlowFitting
-9.35139e-005	-0.000681609	0.999939	0	5.37607e-005	0.999939	0.000681609	0	-0.999939	5.38268e-005	-9.34779e-005	0	-1.00182	3.71823	-3.98916	1

COMPONENTFINISH

COMPONENT 2950588=IfcFlowSegment
#	TMesh	1036259=IfcFlowSegment
1.0013	-1.05396e-010	4.00435e-006	0	-1.05392e-010	-1.0013	-9.83614e-010	0	-4.00435e-006	-9.83613e-010	1.0013	0	-4.10725	153.053	-0.00149345	1

COMPONENTFINISH

COMPONENT 2950675=IfcFlowSegment
#	TMesh	2645895=IfcFlowSegment
0.115025	-1.42107	1.23312e-005	0	-1.42107	-0.115025	-0.00015235	0	-0.000152848	-3.54749e-010	1.42572	0	61.3276	163.952	0.279134	1

COMPONENTFINISH

COMPONENT 2950762=IfcFlowSegment
#	TMesh	1041082=IfcFlowSegment
1.70116	0.0372921	3.67354e-009	0	-0.0372921	1.70116	5.80178e-009	0	-3.54551e-009	-5.8809e-009	1.70157	0	-65.7994	-45.8799	-0.392821	1

COMPONENTFINISH

COMPONENT 2950839=IfcFlowFitting
#	TMesh	1023306=IfcFlowFitting
1.60777e-005	1.00005	-0.000904799	0	-5.57895e-005	0.000904799	1.00005	0	1.00005	-1.60282e-005	5.5805e-005	0	0.345352	69.0441	-68.9663	1

COMPONENTFINISH

COMPONENT 2950945=IfcFlowFitting
#	TMesh	1023306=IfcFlowFitting
-6.72528e-005	-0.000193596	1.00002	0	2.85399e-005	1.00002	0.000193596	0	-1.00002	2.85542e-005	-6.72482e-005	0	2.59991	3.71031	-3.9552	1

COMPONENTFINISH

COMPONENT 2951061=IfcFlowSegment
#	TMesh	1036259=IfcFlowSegment
-1.0013	-3.5659e-010	1.37147e-005	0	3.5658e-010	-1.0013	-7.24945e-010	0	1.37147e-005	-7.2494e-010	1.0013	0	10.6504	153.053	-0.00154746	1

COMPONENTFINISH

COMPONENT 2951148=IfcFlowSegment
#	TMesh	2645895=IfcFlowSegment
-0.115025	1.42107	1.1435e-005	0	1.42107	0.115025	-0.000141307	0	0.000141769	2.74819e-009	1.42572	0	-54.7845	-15.2081	0.27867	1

COMPONENTFINISH

COMPONENT 2951235=IfcFlowSegment
#	TMesh	1041082=IfcFlowSegment
1.70116	0.0374353	3.07876e-009	0	-0.0374353	1.70116	4.40681e-009	0	-2.98107e-009	-4.47347e-009	1.70157	0	-62.1892	-45.8854	-0.392818	1

COMPONENTFINISH

COMPONENT 2951312=IfcFlowFitting
#	TMesh	1023306=IfcFlowFitting
0.000144657	0.999958	-0.000351459	0	-0.000191007	0.000351429	0.999958	0	0.999958	-0.00014459	0.000191059	0	3.95432	69.0836	-68.9629	1

COMPONENTFINISH

COMPONENT 2951418=IfcFlowFitting
#	TMesh	1023306=IfcFlowFitting
-7.23631e-005	-1.09375e-005	1.00004	0	3.49078e-005	1.00004	1.09971e-005	0	-1.00004	3.49074e-005	-7.23648e-005	0	6.19951	3.70775	-3.94244	1

COMPONENTFINISH

COMPONENT 2951534=IfcFlowSegment
#	TMesh	1036259=IfcFlowSegment
1.0013	-2.48058e-010	1.97071e-005	0	-2.48059e-010	-1.0013	5.10584e-011	0	-1.97071e-005	5.10632e-011	1.0013	0	3.49124	153.053	-0.00158095	1

COMPONENTFINISH

COMPONENT 2951621=IfcFlowSegment
#	TMesh	2645895=IfcFlowSegment
-0.115025	1.42107	-5.13484e-005	0	1.42107	0.115025	0.000634384	0	-0.000636458	-1.76907e-010	1.42572	0	-50.7853	-15.2081	0.245997	1

COMPONENTFINISH

COMPONENT 2951708=IfcFlowSegment
#	TMesh	1041082=IfcFlowSegment
1.70115	-0.0376047	-3.69405e-009	0	-0.0376047	-1.70115	-6.8582e-009	0	-3.54158e-009	6.93817e-009	-1.70156	0	-58.1786	194.251	3.0245	1

COMPONENTFINISH

COMPONENT 2951785=IfcFlowFitting
#	TMesh	1023306=IfcFlowFitting
-0.000482094	1.00026	-0.00219053	0	0.000481157	0.00219071	1.00026	0	1.00026	0.00048104	-0.00048221	0	7.90831	68.952	-68.9738	1

COMPONENTFINISH

COMPONENT 2951891=IfcFlowFitting
#	TMesh	1023306=IfcFlowFitting
-7.49617e-005	-4.50015e-006	1.00003	0	3.11193e-005	1.00003	4.52995e-006	0	-1.00003	3.11196e-005	-7.49628e-005	0	10.1983	3.70846	-3.94193	1

COMPONENTFINISH

COMPONENT 2952007=IfcFlowSegment
#	TMesh	1040821=IfcFlowSegment
-1.66937	1.64756e-008	-0.386392	0	0.386392	-8.33049e-009	-1.66937	0	1.79297e-008	1.71351	-4.40073e-009	0	56.5411	72.6457	122.333	1

COMPONENTFINISH

COMPONENT 2952094=IfcFlowSegment
#	TMesh	1036259=IfcFlowSegment
1.0013	-6.71231e-010	5.20827e-006	0	-6.71233e-010	-1.0013	4.14545e-010	0	5.20827e-006	-4.14549e-010	-1.0013	0	6.69273	153.053	2.26144	1

COMPONENTFINISH

COMPONENT 2952181=IfcFlowSegment
#	TMesh	1041082=IfcFlowSegment
1.19875	-1.20787	3.06551e-009	0	-1.20787	-1.19875	4.05536e-009	0	-7.19009e-010	-5.03253e-009	-1.70175	0	47.1949	207.311	3.02469	1

COMPONENTFINISH

COMPONENT 2952258=IfcFlowFitting
#	TMesh	1023306=IfcFlowFitting
0.00038802	1.00001	-0.000608772	0	-0.000474029	0.000608891	1.00001	0	1.00001	-0.000387731	0.000474267	0	11.173	69.0655	-68.9654	1

COMPONENTFINISH

COMPONENT 2952364=IfcFlowFitting
#	TMesh	1023306=IfcFlowFitting
0.00042685	0.00101727	1.00018	0	-0.000450536	1.00018	-0.00101712	0	-1.00018	-0.000450102	0.000427307	0	13.4313	3.69294	-3.8713	1

COMPONENTFINISH

COMPONENT 2952480=IfcFlowSegment
#	TMesh	1036259=IfcFlowSegment
1.0013	1.48664e-009	3.46088e-006	0	1.48663e-009	-1.0013	1.08708e-009	0	3.46088e-006	-1.08708e-009	-1.0013	0	31.8927	153.053	2.26145	1

COMPONENTFINISH

COMPONENT 2952567=IfcFlowSegment
#	TMesh	1040821=IfcFlowSegment
-1.66937	7.82114e-009	0.386387	0	0.386387	9.59976e-009	1.66937	0	-5.45501e-009	-1.71351	1.11161e-008	0	81.7414	76.0983	-119.329	1

COMPONENTFINISH

COMPONENT 2952654=IfcFlowSegment
#	TMesh	1041082=IfcFlowSegment
-1.39209	0.978781	1.06573e-009	0	-0.978781	-1.39209	-2.64461e-009	0	6.4928e-010	2.77636e-009	-1.70174	0	162.843	130.973	3.02468	1

COMPONENTFINISH

COMPONENT 2952731=IfcFlowFitting
#	TMesh	1023306=IfcFlowFitting
-0.000284128	0.999936	-0.00015083	0	0.000225658	0.000150889	0.999936	0	0.999935	0.000284092	-0.000225701	0	36.3272	69.0973	-68.9619	1

COMPONENTFINISH

COMPONENT 2952837=IfcFlowFitting
#	TMesh	1023306=IfcFlowFitting
0.00127071	0.000545114	1.00013	0	-0.00133192	1.00013	-0.000543416	0	-1.00013	-0.00133123	0.00127143	0	38.689	3.6997	-3.90539	1

COMPONENTFINISH

COMPONENT 2957370=IfcFlowFitting
#	Mesh	0	Begin

#	Vertex	452
41.0947	62.904	1.11665
41.093	62.904	1.10854
41.0978	62.904	1.11482
41.0926	62.904	1.11389
41.096	62.904	1.11987
41.0904	62.904	1.11112
41.0867	62.904	1.10372
41.0877	62.904	1.109
41.0849	62.904	1.10688
41.0817	62.904	1.10554
41.0785	62.904	1.10421
41.0794	62.904	1.10068
41.0743	62.904	1.10367
41.0716	62.904	1.1033
41.0716	62.904	1.09965
41.0681	62.904	1.10375
41.0646	62.904	1.10421
41.0637	62.904	1.10068
41.0614	62.904	1.10554
41.0582	62.904	1.10688
41.0564	62.904	1.10372
41.0554	62.904	1.109
41.0527	62.904	1.11112
41.0501	62.904	1.10854
41.0506	62.904	1.11389
41.0484	62.904	1.11665
41.0453	62.904	1.11482
41.0471	62.904	1.11987
41.0458	62.904	1.12309
41.0422	62.904	1.12214
41.0453	62.904	1.12654
41.0449	62.904	1.13
41.0412	62.904	1.13
41.0453	62.904	1.13346
41.0458	62.904	1.13691
41.0422	62.904	1.13786
41.0471	62.904	1.14013
41.0484	62.904	1.14335
41.0453	62.904	1.14518
41.0506	62.904	1.14611
41.0527	62.904	1.14888
41.0501	62.904	1.15146
41.0554	62.904	1.151
41.0582	62.904	1.15312
41.0564	62.904	1.15628
41.0637	62.904	1.15932
41.0614	62.904	1.15446
41.0646	62.904	1.15579
41.0716	62.904	1.16035
41.0688	62.904	1.15633
41.0716	62.904	1.1567
41.0794	62.904	1.15932
41.075	62.904	1.15625
41.0785	62.904	1.15579
41.0867	62.904	1.15628
41.0817	62.904	1.15446
41.0849	62.904	1.15312
41.093	62.904	1.15146
41.0877	62.904	1.151
41.0904	62.904	1.14888
41.0978	62.904	1.14518
41.0926	62.904	1.14611
41.0947	62.904	1.14335
41.1009	62.904	1.13786
41.096	62.904	1.14013
41.0973	62.904	1.13691
41.1019	62.904	1.13
41.0978	62.904	1.13346
41.0983	62.904	1.13
41.1009	62.904	1.12214
41.0978	62.904	1.12654
41.0973	62.904	1.12309
41.093	62.9215	1.10854
41.0867	62.9215	1.10372
41.0794	62.9215	1.10068
41.0716	62.9215	1.09965
41.0637	62.9215	1.10068
41.0564	62.9215	1.10372
41.0501	62.9215	1.10854
41.0453	62.9215	1.11482
41.0422	62.9215	1.12214
41.0412	62.9215	1.13
41.0422	62.9215	1.13786
41.0453	62.9215	1.14518
41.0501	62.9215	1.15146
41.0564	62.9215	1.15628
41.0637	62.9215	1.15932
41.0716	62.9215	1.16035
41.0794	62.9215	1.15932
41.0867	62.9215	1.15628
41.093	62.9215	1.15146
41.0978	62.9215	1.14518
41.1009	62.9215	1.13786
41.1019	62.9215	1.13
41.1009	62.9215	1.12214
41.0978	62.9215	1.11482
41.0978	62.9032	1.12654
41.0983	62.9032	1.13
41.0978	62.9032	1.13346
41.0973	62.9032	1.13691
41.096	62.9032	1.14013
41.0947	62.9032	1.14335
41.0926	62.9032	1.14611
41.0904	62.9032	1.14888
41.0877	62.9032	1.151
41.0849	62.9032	1.15312
41.0817	62.9032	1.15446
41.0785	62.9032	1.15579
41.0743	62.9032	1.15633
41.0716	62.9032	1.1567
41.0681	62.9032	1.15625
41.0646	62.9032	1.15579
41.0614	62.9032	1.15446
41.0582	62.9032	1.15312
41.0554	62.9032	1.151
41.0527	62.9032	1.14888
41.0506	62.9032	1.14611
41.0484	62.9032	1.14335
41.0471	62.9032	1.14013
41.0458	62.9032	1.13691
41.0453	62.9032	1.13346
41.0449	62.9032	1.13
41.0453	62.9032	1.12654
41.0458	62.9032	1.12309
41.0471	62.9032	1.11987
41.0484	62.9032	1.11665
41.0506	62.9032	1.11389
41.0527	62.9032	1.11112
41.0554	62.9032	1.109
41.0582	62.9032	1.10688
41.0614	62.9032	1.10554
41.0646	62.9032	1.10421
41.0688	62.9032	1.10367
41.0716	62.9032	1.1033
41.075	62.9032	1.10375
41.0785	62.9032	1.10421
41.0817	62.9032	1.10554
41.0849	62.9032	1.10688
41.0877	62.9032	1.109
41.0904	62.9032	1.11112
41.0926	62.9032	1.11389
41.0947	62.9032	1.11665
41.096	62.9032	1.11987
41.0973	62.9032	1.12309
41.0458	62.9032	1.13691
41.0484	62.9032	1.14335
41.0582	62.9032	1.15312
41.0646	62.9032	1.15579
41.0785	62.9032	1.15579
41.0849	62.9032	1.15312
41.0947	62.9032	1.14335
41.0973	62.9032	1.13691
41.0973	62.9032	1.12309
41.0947	62.9032	1.11665
41.0849	62.9032	1.10688
41.0785	62.9032	1.10421
41.0646	62.9032	1.10421
41.0582	62.9032	1.10688
41.0484	62.9032	1.11665
41.0458	62.9032	1.12309
41.0505	62.8803	1.1015
41.0527	62.8856	1.1015
41.0561	62.8901	1.1015
41.0607	62.8935	1.1015
41.0659	62.8957	1.1015
41.0716	62.8965	1.1015
41.0772	62.8957	1.1015
41.0825	62.8935	1.1015
41.087	62.8901	1.1015
41.0904	62.8856	1.1015
41.0926	62.8803	1.1015
41.0934	62.8747	1.1015
41.0926	62.869	1.1015
41.0904	62.8638	1.1015
41.087	62.8592	1.1015
41.0825	62.8558	1.1015
41.0772	62.8536	1.1015
41.0716	62.8529	1.1015
41.0659	62.8536	1.1015
41.0607	62.8558	1.1015
41.0561	62.8592	1.1015
41.0527	62.8638	1.1015
41.0505	62.869	1.1015
41.0498	62.8747	1.1015
41.0766	62.8556	1.11946
41.0792	62.8546	1.11166
41.0817	62.8579	1.12082
41.0805	62.8883	1.15208
41.0755	62.9021	1.10448
41.0803	62.9018	1.10561
41.0895	62.862	1.10916
41.0859	62.8587	1.11309
41.0767	62.8989	1.10464
41.0785	62.9004	1.10536
41.0818	62.8986	1.10611
41.0903	62.8647	1.11795
41.0925	62.8675	1.1108
41.0961	62.8847	1.12691
41.0953	62.8829	1.11764
41.0959	62.888	1.12123
41.0904	62.8893	1.10765
41.0859	62.8925	1.10434
41.087	62.8936	1.10686
41.0971	62.8942	1.13221
41.0941	62.8787	1.1092
41.087	62.8941	1.15021
41.086	62.8831	1.14659
41.0924	62.8835	1.10595
41.0937	62.8848	1.1116
41.0869	62.9015	1.1088
41.0716	62.8825	1.15137
41.0759	62.8881	1.1533
41.0716	62.8903	1.15337
41.0802	62.8751	1.14515
41.0967	62.8932	1.12445
41.0716	62.8556	1.12122
41.0793	62.8594	1.12706
41.0716	62.8607	1.13001
41.0916	62.8994	1.11324
41.0925	62.8844	1.13986
41.0917	62.8906	1.14435
41.0896	62.879	1.14033
41.0793	62.8644	1.13497
41.0757	62.8711	1.14345
41.0955	62.8945	1.13923
41.0948	62.8794	1.11411
41.0938	62.8725	1.10808
41.0948	62.8761	1.1173
41.0716	62.8983	1.103
41.0716	62.8992	1.10375
41.0716	62.9002	1.10451
41.0775	62.8972	1.10379
41.0716	62.8976	1.10244
41.0975	62.8987	1.12612
41.0809	62.8953	1.10317
41.0824	62.8967	1.10552
41.0871	62.8629	1.12363
41.0932	62.8704	1.11919
41.0953	62.8789	1.12349
41.0938	62.8752	1.12678
41.0896	62.8883	1.1044
41.0954	62.8985	1.11919
41.0895	62.8979	1.11104
41.0716	62.9013	1.10405
41.0906	62.8686	1.12652
41.0918	62.8753	1.1333
41.0857	62.8995	1.10828
41.0928	62.8962	1.11471
41.0906	62.8951	1.11156
41.0756	62.8967	1.10262
41.095	62.8933	1.11844
41.0943	62.8889	1.11568
41.0847	62.8725	1.14014
41.0771	62.8796	1.14916
41.0946	62.8848	1.13557
41.0716	62.8545	1.1138
41.0716	62.8659	1.1388
41.0879	62.8693	1.13305
41.0838	62.8653	1.13272
41.0716	62.8974	1.10225
41.0865	62.8962	1.10799
41.0907	62.8919	1.11026
41.0716	62.9022	1.10368
41.0716	62.8742	1.14508
41.0621	62.8954	1.10348
41.0665	62.8973	1.10355
41.0472	62.8841	1.12812
41.0482	62.8882	1.13718
41.046	62.8943	1.13224
41.0574	62.8923	1.10381
41.0536	62.8882	1.1041
41.0653	62.8735	1.14487
41.0671	62.8881	1.1533
41.0493	62.8781	1.10685
41.0506	62.8836	1.10642
41.0572	62.8588	1.11343
41.0541	62.8631	1.11842
41.0535	62.8623	1.11034
41.0608	62.8986	1.10633
41.0559	62.8955	1.10822
41.0535	62.8966	1.11096
41.0563	62.8934	1.10646
41.0508	62.867	1.10853
41.0555	62.8645	1.12591
41.0613	62.8583	1.12174
41.067	62.8999	1.10482
41.0614	62.9	1.10635
41.0574	62.8995	1.10828
41.0563	62.9015	1.1088
41.0628	62.9018	1.10561
41.0657	62.9008	1.1051
41.0676	62.9021	1.10448
41.053	62.8915	1.10916
41.0498	62.8948	1.11529
41.0513	62.9	1.11341
41.0555	62.8717	1.13633
41.0592	62.8644	1.13132
41.0596	62.8708	1.13948
41.0664	62.8988	1.10457
41.0467	62.8909	1.12333
41.0478	62.8935	1.11941
41.0483	62.8893	1.11711
41.0458	62.8974	1.12583
41.048	62.8974	1.11888
41.0488	62.8796	1.13108
41.0482	62.8769	1.12187
41.0497	62.8733	1.12515
41.0514	62.8925	1.11209
41.0499	62.8872	1.11198
41.0483	62.881	1.11442
41.0475	62.8966	1.13964
41.0664	62.8556	1.11948
41.0678	62.8534	1.11047
41.0491	62.8729	1.10957
41.0518	62.8806	1.13905
41.0514	62.8734	1.13103
41.0473	62.8842	1.12103
41.0644	62.8638	1.13447
41.0529	62.8891	1.10713
41.0514	62.8908	1.14444
41.0563	62.892	1.14974
41.0628	62.8869	1.15162
41.0635	62.8548	1.11185
41.0484	62.8759	1.11549
41.05	62.8695	1.11646
41.0574	62.8797	1.14482
41.0608	62.8965	1.10535
41.0523	62.868	1.12473
41.0904	62.8638	1.10071
41.0891	62.8572	1.10071
41.093	62.8623	1.10071
41.0887	62.8615	1.10071
41.0915	62.8664	1.10071
41.087	62.8592	1.10071
41.0839	62.8532	1.10071
41.0847	62.8575	1.10071
41.0825	62.8558	1.10071
41.0798	62.8547	1.10071
41.0772	62.8536	1.10071
41.078	62.8508	1.10071
41.0741	62.8532	1.10071
41.0716	62.8529	1.10071
41.0716	62.8499	1.10071
41.0687	62.8532	1.10071
41.0659	62.8536	1.10071
41.0651	62.8508	1.10071
41.0633	62.8547	1.10071
41.0607	62.8558	1.10071
41.0592	62.8532	1.10071
41.0584	62.8575	1.10071
41.0561	62.8592	1.10071
41.0541	62.8572	1.10071
41.0544	62.8615	1.10071
41.0527	62.8638	1.10071
41.0501	62.8623	1.10071
41.0516	62.8664	1.10071
41.0505	62.869	1.10071
41.0476	62.8683	1.10071
41.0501	62.8718	1.10071
41.0498	62.8747	1.10071
41.0468	62.8747	1.10071
41.0501	62.8775	1.10071
41.0505	62.8803	1.10071
41.0476	62.8811	1.10071
41.0516	62.8829	1.10071
41.0527	62.8856	1.10071
41.0501	62.887	1.10071
41.0544	62.8878	1.10071
41.0561	62.8901	1.10071
41.0541	62.8922	1.10071
41.0584	62.8918	1.10071
41.0607	62.8935	1.10071
41.0592	62.8961	1.10071
41.0651	62.8986	1.10071
41.0633	62.8946	1.10071
41.0659	62.8957	1.10071
41.0716	62.8994	1.10071
41.069	62.8961	1.10071
41.0716	62.8965	1.10071
41.078	62.8986	1.10071
41.0744	62.8961	1.10071
41.0772	62.8957	1.10071
41.0839	62.8961	1.10071
41.0798	62.8946	1.10071
41.0825	62.8935	1.10071
41.0891	62.8922	1.10071
41.0847	62.8918	1.10071
41.087	62.8901	1.10071
41.093	62.887	1.10071
41.0887	62.8878	1.10071
41.0904	62.8856	1.10071
41.0955	62.8811	1.10071
41.0915	62.8829	1.10071
41.0926	62.8803	1.10071
41.0963	62.8747	1.10071
41.093	62.8775	1.10071
41.0934	62.8747	1.10071
41.0955	62.8683	1.10071
41.093	62.8718	1.10071
41.0926	62.869	1.10071
41.0963	62.8747	1.08491
41.0955	62.8683	1.08491
41.093	62.8623	1.08491
41.0891	62.8572	1.08491
41.0839	62.8532	1.08491
41.078	62.8508	1.08491
41.0716	62.8499	1.08491
41.0651	62.8508	1.08491
41.0592	62.8532	1.08491
41.0541	62.8572	1.08491
41.0501	62.8623	1.08491
41.0476	62.8683	1.08491
41.0468	62.8747	1.08491
41.0476	62.8811	1.08491
41.0501	62.887	1.08491
41.0541	62.8922	1.08491
41.0592	62.8961	1.08491
41.0651	62.8986	1.08491
41.0716	62.8994	1.08491
41.078	62.8986	1.08491
41.0839	62.8961	1.08491
41.0891	62.8922	1.08491
41.093	62.887	1.08491
41.0955	62.8811	1.08491
41.0915	62.8829	1.1015
41.0904	62.8856	1.1015
41.0887	62.8878	1.1015
41.0847	62.8918	1.1015
41.0825	62.8935	1.1015
41.0798	62.8946	1.1015
41.0741	62.8961	1.1015
41.0687	62.8961	1.1015
41.0633	62.8946	1.1015
41.0584	62.8918	1.1015
41.0544	62.8878	1.1015
41.0527	62.8856	1.1015
41.0516	62.8829	1.1015
41.0501	62.8775	1.1015
41.0501	62.8718	1.1015
41.0516	62.8664	1.1015
41.0544	62.8615	1.1015
41.0584	62.8575	1.1015
41.0633	62.8547	1.1015
41.069	62.8532	1.1015
41.0744	62.8532	1.1015
41.0798	62.8547	1.1015
41.0825	62.8558	1.1015
41.0847	62.8575	1.1015
41.0887	62.8615	1.1015
41.0915	62.8664	1.1015
41.093	62.8718	1.1015
41.093	62.8775	1.1015

#	Triangle	457
2	0	1	6	1	5	10	11	6	13	14	11	16	17	14	19	20	17	20	22	23	23	25	26	29	26	28	31	32	29	34	35	32	38	35	37	40	41	38	44	41	43	45	44	43	47	48	45	51	48	50	53	54	51	56	57	54	57	59	60	62	63	60	66	63	65	69	66	68	71	2	69
3	1	0	0	2	4	5	1	3	7	6	5	8	6	7	9	6	8	10	6	9	15	14	13	16	14	15	18	17	16	19	17	18	21	20	19	22	20	21	24	23	22	25	23	24	27	26	25	28	26	27	30	29	28	31	29	30	33	32	31	34	32	33	36	35	34	37	35	36	39	38	37	40	38	39	42	41	40	43	41	42	46	45	43	47	45	46	52	51	50	53	51	52	55	54	53	56	54	55	58	57	56	59	57	58	61	60	59	62	60	61	64	63	62	65	63	64	67	66	65	68	66	67	70	69	68	71	69	70	4	2	71
12	11	10	49	48	47
13	11	12	50	48	49
94	92	93	81	82	80
95	92	94	80	82	83
95	91	92	80	83	79
72	91	95	72	90	91	73	90	72	73	89	90	74	89	73	74	88	89	75	88	74	75	87	88	76	87	75	76	86	87	77	86	76	77	85	86	78	85	77	78	84	85	79	84	78	79	83	84	139	150	153	139	103	150	154	103	139	154	149	103	155	149	154	155	148	149	133	148	155	133	109	148	156	109	133	156	147	109	157	147	156	157	146	147	127	146	157	127	115	146	158	115	127	158	145	115
87	45	48	86	45	87
86	44	45	85	44	86
38	84	83	41	84	38
44	84	41	85	84	44
35	83	82	38	83	35
32	82	81	35	82	32
80	26	29	79	26	80
79	23	26	78	23	79
17	77	76	20	77	17
23	77	20	78	77	23
14	76	75	17	76	14
