COMPONENT 257501=IfcFlowTerminal
#	TMesh	1000086=IfcFlowTerminal
1	-0.000201754	0.000504715	0	0.000202149	1	-0.000770944	0	-0.000504559	0.000771046	1	0	-43.9165	-22	0.0687194	1

COMPONENTFINISH

COMPONENT 257569=IfcFlowTerminal
#	TMesh	1000018=IfcFlowTerminal
-1.00009	5.7891e-006	0.000289055	0	5.55508e-006	1.00009	-0.000809664	0	0.000289059	0.000809663	1.00009	0	-25.7584	-18.6097	0.0742783	1

COMPONENTFINISH

COMPONENT 257637=IfcFlowTerminal
#	TMesh	1000086=IfcFlowTerminal
0.999986	-0.000207789	0.000554764	0	0.000208318	0.999985	-0.000939951	0	-0.000554568	0.000940066	0.999985	0	-43.9168	-18.5989	0.0843706	1

COMPONENTFINISH

COMPONENT 257705=IfcFlowTerminal
#	TMesh	1000018=IfcFlowTerminal
-1.0002	5.74203e-005	0.0010983	0	5.81604e-005	1.0002	0.000673977	0	0.00109826	-0.000674041	1.0002	0	-25.7631	-15.2193	-0.0742132	1

COMPONENTFINISH

COMPONENT 257773=IfcFlowTerminal
#	TMesh	1000086=IfcFlowTerminal
0.999983	-7.98851e-005	6.18317e-006	0	7.99e-005	0.999983	-0.000135712	0	-6.17231e-006	0.000135712	0.999983	0	-43.9059	-15.198	0.012887	1

COMPONENTFINISH

COMPONENT 257841=IfcFlowTerminal
#	TMesh	1000018=IfcFlowTerminal
-1.00015	7.44766e-006	0.000877448	0	7.19352e-006	1.00015	-0.000289677	0	0.00087745	0.000289671	1.00015	0	-25.7585	-11.8149	0.019453	1

COMPONENTFINISH

COMPONENT 257909=IfcFlowTerminal
#	TMesh	1000086=IfcFlowTerminal
0.999975	-6.76289e-005	5.60139e-005	0	6.76438e-005	0.999975	-0.000206043	0	-5.6e-005	0.000206047	0.999975	0	-43.9045	-11.7975	0.0191395	1

COMPONENTFINISH

COMPONENT 257977=IfcFlowTerminal
#	TMesh	1000018=IfcFlowTerminal
-1.00024	5.54722e-005	0.000951298	0	5.70826e-005	1.00024	0.0016934	0	0.000951203	-0.00169345	1.00024	0	-25.7626	-5.08657	-0.169831	1

COMPONENTFINISH

COMPONENT 258045=IfcFlowTerminal
#	TMesh	1000086=IfcFlowTerminal
0.999992	-0.000218078	0.000158574	0	0.000218317	0.999991	-0.00151244	0	-0.000158244	0.00151248	0.999991	0	-43.9188	-5.0657	0.142378	1

COMPONENTFINISH

COMPONENT 258113=IfcFlowTerminal
#	TMesh	1000018=IfcFlowTerminal
-1.00016	2.9034e-005	0.000730425	0	2.90122e-005	1.00016	-2.98829e-005	0	0.000730426	2.98619e-005	1.00016	0	-25.7604	-8.41521	-0.00391716	1

COMPONENTFINISH

COMPONENT 258181=IfcFlowTerminal
#	TMesh	1000086=IfcFlowTerminal
-0.991548	0.129573	-2.44057e-005	0	0.129573	0.991548	-0.000180756	0	-7.78327e-007	0.000182394	0.999979	0	-38.1542	-8.77212	0.017457	1

COMPONENTFINISH

COMPONENT 258249=IfcFlowTerminal
#	TMesh	1000018=IfcFlowTerminal
-1.00011	9.56076e-006	0.000488873	0	9.14732e-006	1.00011	-0.000845803	0	0.000488881	0.000845798	1.00011	0	-29.0588	-39.0111	0.0758895	1

COMPONENTFINISH

COMPONENT 258317=IfcFlowTerminal
#	TMesh	1000086=IfcFlowTerminal
0.999969	-8.01459e-005	0.000335134	0	8.03098e-005	0.999969	-0.000437709	0	-0.000335099	0.000437736	0.999969	0	-47.205	-38.9974	0.0386479	1

COMPONENTFINISH

COMPONENT 258385=IfcFlowTerminal
#	TMesh	1000018=IfcFlowTerminal
-1.0001	8.71958e-006	0.000268213	0	8.54707e-006	1.0001	-0.00064327	0	0.000268219	0.000643268	1.0001	0	-29.0586	-35.6103	0.0586409	1

COMPONENTFINISH

COMPONENT 258453=IfcFlowTerminal
#	TMesh	1000086=IfcFlowTerminal
0.999959	-1.40965e-005	0.000382958	0	1.39624e-005	0.999959	0.000367261	0	-0.000382963	-0.000367256	0.999959	0	-47.1985	-35.5951	-0.038296	1

COMPONENTFINISH

COMPONENT 258521=IfcFlowTerminal
#	TMesh	1000018=IfcFlowTerminal
-1.00009	3.92291e-006	0.000341778	0	3.2836e-006	1.00009	-0.0018707	0	0.000341785	0.00187069	1.00009	0	-29.0582	-31.5048	0.174682	1

COMPONENTFINISH

COMPONENT 258589=IfcFlowTerminal
#	TMesh	1000086=IfcFlowTerminal
0.999982	-0.0001105	0.00013609	0	0.000110544	0.999982	-0.00028528	0	-0.000136059	0.000285295	0.999982	0	-47.2085	-31.4926	0.0259299	1

COMPONENTFINISH

COMPONENT 258657=IfcFlowTerminal
#	TMesh	1000018=IfcFlowTerminal
-1.00012	-5.94735e-006	0.000488822	0	-6.20912e-006	1.00012	-0.00053558	0	0.000488818	0.000535583	1.00012	0	-29.0571	-28.8123	0.0463815	1

COMPONENTFINISH

COMPONENT 258725=IfcFlowTerminal
#	TMesh	1000086=IfcFlowTerminal
0.999957	-2.67476e-005	0.000234115	0	2.6688e-005	0.999957	0.000274717	0	-0.000234122	-0.000274711	0.999957	0	-47.2001	-28.795	-0.028142	1

COMPONENTFINISH

COMPONENT 258793=IfcFlowTerminal
#	TMesh	1000018=IfcFlowTerminal
-1.00012	1.10482e-005	0.000415316	0	1.07805e-005	1.00012	-0.000644644	0	0.000415323	0.000644639	1.00012	0	-29.0588	-25.4117	0.0574248	1

COMPONENTFINISH

COMPONENT 258861=IfcFlowTerminal
#	TMesh	1000086=IfcFlowTerminal
0.999982	-0.000170872	0.000584152	0	0.000171252	0.999982	-0.000652393	0	-0.00058404	0.000652493	0.999982	0	-47.2132	-25.3983	0.0567691	1

COMPONENTFINISH

COMPONENT 258929=IfcFlowTerminal
#	TMesh	1000018=IfcFlowTerminal
-1.00015	8.92011e-006	0.000562444	0	9.05615e-006	1.00015	0.000241917	0	0.000562442	-0.000241921	1.00015	0	-29.0584	-22.0146	-0.0282333	1

COMPONENTFINISH

COMPONENT 258997=IfcFlowTerminal
#	TMesh	1000086=IfcFlowTerminal
0.999993	-0.000210494	0.000634221	0	0.000211	0.999993	-0.000770972	0	-0.000634059	0.000771105	0.999993	0	-47.217	-21.9992	0.0675645	1

COMPONENTFINISH

COMPONENT 259065=IfcFlowTerminal
#	TMesh	1000018=IfcFlowTerminal
-1.0001	8.43258e-006	0.000341768	0	8.19791e-006	1.0001	-0.000686716	0	0.000341773	0.000686713	1.0001	0	-29.0586	-18.6104	0.062104	1

COMPONENTFINISH

COMPONENT 259133=IfcFlowTerminal
#	TMesh	1000086=IfcFlowTerminal
0.999985	-0.000331402	0.00073536	0	0.000332445	0.999984	-0.00142124	0	-0.000734888	0.00142149	0.999984	0	-47.2282	-18.5988	0.128493	1

COMPONENTFINISH

COMPONENT 259201=IfcFlowTerminal
#	TMesh	1000018=IfcFlowTerminal
-1.00011	-2.2848e-005	0.000488851	0	2.18293e-005	-1.00011	-0.00208407	0	0.000488897	-0.00208406	1.00011	0	-29.0599	175.657	0.193617	1

COMPONENTFINISH

COMPONENT 259269=IfcFlowTerminal
#	TMesh	1000086=IfcFlowTerminal
0.999958	-0.000106923	0.000335201	0	0.00010708	0.999958	-0.000475442	0	-0.00033515	0.000475477	0.999958	0	-47.2075	-14.5012	0.0422597	1

COMPONENTFINISH

COMPONENT 259337=IfcFlowTerminal
#	TMesh	1000018=IfcFlowTerminal
-1.00009	-1.95934e-005	0.000488802	0	-2.02758e-005	1.00009	-0.0013962	0	0.000488774	0.00139621	1.00009	0	-29.0561	-11.81	0.128232	1

COMPONENTFINISH

COMPONENT 259405=IfcFlowTerminal
#	TMesh	1000086=IfcFlowTerminal
0.999958	-3.40119e-005	0.000234325	0	3.39672e-005	0.999958	0.000178525	0	-0.000234331	-0.000178517	0.999958	0	-47.2008	-11.7953	-0.0190022	1

COMPONENTFINISH

COMPONENT 259473=IfcFlowTerminal
#	TMesh	1000018=IfcFlowTerminal
-1.00015	2.47418e-005	0.000562475	0	2.47417e-005	1.00015	-2.20723e-007	0	0.000562475	2.06521e-007	1.00015	0	-29.06	-5.01405	-0.00520444	1

COMPONENTFINISH

COMPONENT 259541=IfcFlowTerminal
#	TMesh	1000086=IfcFlowTerminal
0.999994	-0.000210494	0.000634222	0	0.000211	0.999994	-0.000770973	0	-0.00063406	0.000771106	0.999994	0	-47.217	-4.99931	0.0675623	1

COMPONENTFINISH

COMPONENT 259609=IfcFlowTerminal
#	TMesh	1000018=IfcFlowTerminal
-1.00011	1.10482e-005	0.000415315	0	1.07805e-005	1.00011	-0.000644643	0	0.000415322	0.000644638	1.00011	0	-29.0588	-8.41152	0.0574262	1

COMPONENTFINISH

COMPONENT 259677=IfcFlowTerminal
#	TMesh	1000086=IfcFlowTerminal
0.999977	-0.000187084	0.00058439	0	0.000187531	0.999977	-0.000748599	0	-0.00058425	0.000748709	0.999976	0	-47.2147	-8.39782	0.065928	1

COMPONENTFINISH

COMPONENT 259745=IfcFlowTerminal
#	TMesh	1000018=IfcFlowTerminal
-1.00012	1.87236e-005	0.00066827	0	1.83759e-005	1.00012	-0.000520353	0	0.000668279	0.00052034	1.00012	0	-32.6597	-35.6124	0.0433067	1

COMPONENTFINISH

COMPONENT 259813=IfcFlowTerminal
#	TMesh	1000086=IfcFlowTerminal
0.999981	-0.000174321	0.000828131	0	0.000174627	0.999981	-0.000355232	0	-0.000828069	0.000355377	0.999981	0	-50.813	-35.5975	0.0263085	1

COMPONENTFINISH

COMPONENT 259881=IfcFlowTerminal
#	TMesh	1000018=IfcFlowTerminal
-1.00007	-6.50712e-007	7.98363e-005	0	-7.532e-007	1.00007	-0.00128382	0	7.98354e-005	0.00128382	1.00007	0	-32.6578	-32.2076	0.12128	1

COMPONENTFINISH

COMPONENT 259949=IfcFlowTerminal
#	TMesh	1000018=IfcFlowTerminal
-1.0001	-1.34637e-005	0.000374	0	-1.38019e-005	1.0001	-0.000904406	0	0.000373988	0.00090441	1.0001	0	-32.6565	-28.8105	0.0825079	1

COMPONENTFINISH

COMPONENT 260017=IfcFlowTerminal
#	TMesh	1000086=IfcFlowTerminal
0.999976	-0.000193484	0.000629921	0	0.000193864	0.999976	-0.000592033	0	-0.000629806	0.000592155	0.999976	0	-50.8152	-28.7973	0.0506315	1

COMPONENTFINISH

COMPONENT 260085=IfcFlowTerminal
#	TMesh	1000018=IfcFlowTerminal
-1.00006	-3.04752e-006	-6.72326e-005	0	-2.95459e-006	1.00006	-0.00138227	0	-6.72368e-005	0.00138227	1.00006	0	-32.6576	-25.4065	0.131983	1

COMPONENTFINISH

COMPONENT 260153=IfcFlowTerminal
#	TMesh	1000086=IfcFlowTerminal
0.999994	-0.000370756	0.000781139	0	0.000371799	0.999993	-0.00132653	0	-0.000780646	0.00132682	0.999993	0	-50.8319	-25.3991	0.119053	1

COMPONENTFINISH

COMPONENT 260221=IfcFlowTerminal
#	TMesh	1000018=IfcFlowTerminal
-1.00015	4.3522e-006	0.000374083	0	4.48868e-006	1.00015	0.000364903	0	0.000374081	-0.000364905	1.00015	0	-32.6579	-22.0135	-0.03821	1

COMPONENTFINISH

COMPONENT 260289=IfcFlowTerminal
#	TMesh	1000086=IfcFlowTerminal
0.999996	-0.000172623	0.000480909	0	0.000172906	0.999996	-0.000578421	0	-0.00048081	0.000578504	0.999996	0	-50.8137	-21.9994	0.050642	1

COMPONENTFINISH

COMPONENT 260357=IfcFlowTerminal
#	TMesh	1000018=IfcFlowTerminal
-1.00006	-1.94575e-006	-0.000214328	0	-1.77224e-006	1.00006	-0.000809616	0	-0.00021433	0.000809615	1.00006	0	-32.6575	-18.6064	0.0788681	1

COMPONENTFINISH

COMPONENT 260425=IfcFlowTerminal
#	TMesh	1000086=IfcFlowTerminal
0.999992	-0.000321522	0.000929433	0	0.000322476	0.999992	-0.00103685	0	-0.0009291	0.00103715	0.999992	0	-50.8269	-18.5988	0.0901687	1

COMPONENTFINISH

COMPONENT 260493=IfcFlowTerminal
#	TMesh	1000018=IfcFlowTerminal
-1.00014	2.21865e-005	0.000594744	0	2.20755e-005	1.00014	-0.000186693	0	0.000594749	0.00018668	1.00014	0	-32.6598	-15.2134	0.012239	1

COMPONENTFINISH

COMPONENT 260561=IfcFlowTerminal
#	TMesh	1000086=IfcFlowTerminal
0.999978	-0.000176221	0.000530131	0	0.000176445	0.999978	-0.000425357	0	-0.000530056	0.00042545	0.999978	0	-50.8138	-15.1973	0.0356853	1

COMPONENTFINISH

COMPONENT 260629=IfcFlowTerminal
#	TMesh	1000018=IfcFlowTerminal
-1.00009	-1.86213e-005	0.000373996	0	-1.90974e-005	1.00009	-0.00127324	0	0.000373972	0.00127324	1.00009	0	-32.6561	-11.8093	0.117588	1

COMPONENTFINISH

COMPONENT 260697=IfcFlowTerminal
#	TMesh	1000086=IfcFlowTerminal
0.99998	-0.00024236	0.000630662	0	0.000242926	0.99998	-0.000880693	0	-0.000630449	0.000880846	0.99998	0	-50.8199	-11.7979	0.0780602	1

COMPONENTFINISH

COMPONENT 260765=IfcFlowTerminal
#	TMesh	1000018=IfcFlowTerminal
-1.00013	1.95379e-005	0.000447659	0	1.94828e-005	1.00013	-0.000123157	0	0.000447661	0.000123148	1.00013	0	-32.6595	-5.01254	0.00753933	1

COMPONENTFINISH

COMPONENT 260833=IfcFlowTerminal
#	TMesh	1000086=IfcFlowTerminal
1	-0.00013376	0.000480215	0	0.000133902	1	-0.0002897	0	-0.000480176	0.000289765	1	0	-50.8101	-4.99945	0.0231895	1

COMPONENTFINISH

COMPONENT 260901=IfcFlowTerminal
#	TMesh	1000018=IfcFlowTerminal
-1.00009	1.84101e-006	-6.72286e-005	0	1.88434e-006	1.00009	-0.000644593	0	-6.72274e-005	0.000644593	1.00009	0	-32.6578	-8.40873	0.0618225	1

COMPONENTFINISH

COMPONENT 260969=IfcFlowTerminal
#	TMesh	1000086=IfcFlowTerminal
0.999995	-0.000250772	0.000779544	0	0.000251353	0.999995	-0.000749169	0	-0.000779356	0.000749364	0.999995	0	-50.8205	-8.39901	0.0641699	1

COMPONENTFINISH

COMPONENT 261037=IfcFlowTerminal
#	TMesh	1000018=IfcFlowTerminal
-1.00013	1.39239e-005	0.000803868	0	1.3208e-005	1.00013	-0.000890571	0	0.00080388	0.00089056	1.00013	0	-36.2593	-30.4129	0.077274	1

COMPONENTFINISH

COMPONENT 261105=IfcFlowTerminal
#	TMesh	1000086=IfcFlowTerminal
0.999978	-0.000103354	0.000602277	0	0.000103407	0.999978	-7.51627e-005	0	-0.000602269	7.52249e-005	0.999978	0	-54.4067	-30.3971	0.00173593	1

COMPONENTFINISH

COMPONENT 261173=IfcFlowTerminal
#	TMesh	1000018=IfcFlowTerminal
-1.00016	3.33491e-005	0.000877541	0	3.33229e-005	1.00016	-2.98903e-005	0	0.000877542	2.9861e-005	1.00016	0	-36.2609	-28.4156	-0.00525433	1

COMPONENTFINISH

COMPONENT 261241=IfcFlowTerminal
#	TMesh	1000086=IfcFlowTerminal
0.999977	-0.000117831	0.000602501	0	0.00011795	0.999978	-0.000171385	0	-0.000602481	0.000171456	0.999977	0	-54.4081	-28.3972	0.0108831	1

COMPONENTFINISH

COMPONENT 261309=IfcFlowTerminal
#	TMesh	1000018=IfcFlowTerminal
-1.00017	2.18165e-005	0.000951074	0	2.20465e-005	1.00018	0.000241877	0	0.000951069	-0.000241898	1.00017	0	-36.2598	-25.0166	-0.0317718	1

COMPONENTFINISH

COMPONENT 261377=IfcFlowTerminal
#	TMesh	1000086=IfcFlowTerminal
0.999998	-8.94889e-005	0.000651733	0	8.94368e-005	0.999998	9.49099e-005	0	-0.000651742	-9.48517e-005	0.999998	0	-54.4054	-24.9987	-0.0149276	1

COMPONENTFINISH

COMPONENT 261445=IfcFlowTerminal
#	TMesh	1000018=IfcFlowTerminal
-1.00012	1.48707e-005	0.00028909	0	1.48499e-005	1.00012	-7.1944e-005	0	0.000289091	7.19395e-005	1.00012	0	-36.259	-21.6117	0.00411487	1

COMPONENTFINISH

COMPONENT 261513=IfcFlowTerminal
#	TMesh	1000086=IfcFlowTerminal
0.999983	-0.000203438	0.000901701	0	0.000203945	0.999984	-0.000555648	0	-0.000901588	0.000555832	0.999983	0	-54.4156	-21.5979	0.0446908	1

COMPONENTFINISH

COMPONENT 261581=IfcFlowTerminal
#	TMesh	1000018=IfcFlowTerminal
-1.00018	4.60286e-005	0.00124531	0	4.61023e-005	1.00018	5.91469e-005	0	0.00124531	-5.92039e-005	1.00018	0	-36.2623	-18.2175	-0.0170709	1

COMPONENTFINISH

COMPONENT 261649=IfcFlowTerminal
#	TMesh	1000086=IfcFlowTerminal
0.999989	-0.000252187	0.000356866	0	0.000252664	0.999988	-0.00129112	0	-0.00035654	0.00129121	0.999988	0	-54.4215	-18.1996	0.119545	1

COMPONENTFINISH

COMPONENT 261717=IfcFlowTerminal
#	TMesh	1000018=IfcFlowTerminal
-1.0002	3.15103e-005	0.00117179	0	3.18912e-005	1.0002	0.000325103	0	0.00117178	-0.00032514	1.0002	0	-36.2607	-14.8191	-0.0417081	1

COMPONENTFINISH

COMPONENT 261785=IfcFlowTerminal
#	TMesh	1000086=IfcFlowTerminal
0.999977	-0.000154369	0.000603031	0	0.000154622	0.999977	-0.000399513	0	-0.000602969	0.000399606	0.999977	0	-54.4115	-14.7973	0.0325692	1

COMPONENTFINISH

COMPONENT 2618281=IfcFlowSegment
#	Mesh	0	Begin

#	Vertex	8
95.6041	-1.38665	1.46147
89.5374	73.4866	1.46147
89.338	73.4705	1.46147
95.4047	-1.4028	1.46147
95.6041	-1.38665	1.56147
89.5374	73.4866	1.56147
89.338	73.4705	1.56147
95.4047	-1.4028	1.56147

#	Triangle	6
3	4	7	0	4	3
0	5	4	1	5	0
1	6	5	2	6	1
2	7	6	3	7	2
3	1	0	2	1	3
4	6	7	5	6	4

#	Normal	6
0.0807592	-0.996734	-0
0.996733	0.0807613	-0
-0.0807823	0.996732	-0
-0.996733	-0.0807612	0
-0	0	-1
0	-0	1

#	Mesh	0	End


COMPONENTFINISH

COMPONENT 261853=IfcFlowTerminal
#	TMesh	1000018=IfcFlowTerminal
-1.00016	3.33491e-005	0.000877541	0	3.33229e-005	1.00016	-2.98901e-005	0	0.000877542	2.98608e-005	1.00016	0	-36.2609	-11.4156	-0.00525445	1

COMPONENTFINISH

COMPONENT 261921=IfcFlowTerminal
#	TMesh	1000086=IfcFlowTerminal
0.999974	-0.000103347	0.000602275	0	0.000103399	0.999975	-7.51624e-005	0	-0.000602267	7.52247e-005	0.999974	0	-54.4066	-11.3968	0.00174403	1

COMPONENTFINISH

COMPONENT 2619629=IfcFlowFitting
#	Mesh	0	Begin

#	Vertex	28
57.2286	85.3035	1.41743
57.2668	85.3054	1.50982
57.2572	85.5051	1.50982
57.2189	85.5033	1.41743
57.2191	85.5008	1.41743
57.2563	85.5026	1.50747
57.2657	85.3079	1.50747
57.2284	85.3061	1.41743
57.3624	85.31	1.39079
57.3622	85.3125	1.39079
57.3622	85.3125	1.48825
57.3528	85.5072	1.48825
57.3528	85.5072	1.39079
57.3527	85.5098	1.39079
57.3527	85.5098	1.49079
57.3624	85.31	1.49079
57.2928	85.3066	1.39079
57.3378	85.3088	1.49079
57.2895	85.3065	1.50039
57.2799	85.5063	1.50039
57.3281	85.5086	1.49079
57.2832	85.5064	1.39079
57.2833	85.5039	1.39079
57.328	85.506	1.48825
57.2793	85.5037	1.49795
57.2887	85.309	1.49795
57.3374	85.3113	1.48825
57.2927	85.3092	1.39079

#	Triangle	45
4	2	3
4	5	2
5	1	2
6	1	5
0	6	7
0	1	6
15	11	14
11	13	14	11	12	13
15	10	11
15	9	10	15	8	9
16	1	0
16	18	1
16	17	18
8	17	16
8	15	17
19	1	18
2	1	19
19	3	2
19	21	3
20	21	19
20	13	21
14	13	20
22	3	21
4	3	22
22	5	4
22	24	5
22	23	24
12	23	22
12	11	23
25	5	24
6	5	25
25	7	6
25	27	7
26	27	25
26	9	27
10	9	26
27	0	7
16	0	27
19	17	20
18	17	19
25	23	26
24	23	25
17	14	20	15	14	17
21	12	22	13	12	21	16	9	8	27	9	16
23	10	26	11	10	23

#	Normal	45
-0.922746	-0.0455677	0.382706
-0.922783	-0.0449368	0.382692
-0.922971	-0.0445062	0.382287
-0.922747	-0.0444878	0.382831
-0.922759	-0.0454281	0.382692
-0.922804	-0.0446615	0.382673
0.998839	0.0481646	-0.000379305
0.998858	0.0477849	0
0.998839	0.0481764	0.000539272
0.998865	0.0476382	0
0.0482169	-0.998837	-1.48563e-005
0.0480586	-0.998845	-4.95375e-005
0.048194	-0.998838	-4.54562e-005
0.048141	-0.998841	-2.15666e-005
0.0482284	-0.998836	-0
0.382232	0.0184307	0.923882
0.382227	0.0184312	0.923885
-0.0483858	0.998829	8.69282e-005
-0.0482312	0.998836	-2.68613e-005
-0.0480459	0.998845	-2.12726e-005
-0.048141	0.998841	2.15666e-005
-0.0482284	0.998836	-0
-0.382246	-0.0182302	-0.923881
-0.382236	-0.0188759	-0.923872
0.0481129	-0.998842	2.66636e-005
0.0479392	-0.99885	-1.36113e-005
0.0481958	-0.998838	-3.91655e-006
0.0482529	-0.998835	-3.01704e-005
0.048371	-0.998829	-0
-0.382298	-0.0184399	-0.923855
-0.382238	-0.0184286	-0.92388
-0.0482614	0.998835	3.49218e-005
-0.0481264	0.998841	-6.62778e-005
-0.0480494	0.998845	-6.33709e-005
-0.0482529	0.998835	3.01704e-005
-0.048371	0.998829	-0
-0.382219	-0.018817	-0.92388
-0.382263	-0.0182873	-0.923873
0.194873	0.0093969	0.980783
0.194872	0.00939647	0.980784
-0.194862	-0.00939864	-0.980786
-0.19486	-0.00939895	-0.980786
-0	-0	1
-1.75139e-006	-8.35276e-008	-1
-4.90207e-006	-2.36439e-007	-1

#	Mesh	0	End


COMPONENTFINISH

COMPONENT 261989=IfcFlowTerminal
#	TMesh	1000018=IfcFlowTerminal
-1.00009	4.26476e-006	0.00028905	0	3.99521e-006	1.00009	-0.000932618	0	0.000289054	0.000932617	1.00009	0	-36.2583	-4.60928	0.0859728	1

COMPONENTFINISH

COMPONENT 262057=IfcFlowTerminal
#	TMesh	1000086=IfcFlowTerminal
0.999986	-0.000311859	0.000902993	0	0.00031279	0.999986	-0.00103673	0	-0.00090267	0.00103702	0.999986	0	-54.426	-4.59828	0.0904117	1

COMPONENTFINISH

COMPONENT 262125=IfcFlowTerminal
#	TMesh	1000018=IfcFlowTerminal
-1.00015	3.02424e-005	0.00095105	0	3.00083e-005	1.00015	-0.000246177	0	0.000951057	0.000246149	1.00015	0	-36.2608	-8.01499	0.0146501	1

COMPONENTFINISH

COMPONENT 262193=IfcFlowTerminal
#	TMesh	1000086=IfcFlowTerminal
1	-0.000200026	0.000653348	0	0.000200398	1	-0.000578732	0	-0.000653233	0.000578863	1	0	-54.416	-7.99957	0.0490983	1

COMPONENTFINISH

COMPONENT 2621994=IfcFlowFitting
#	Mesh	0	Begin

#	Vertex	92
65.0254	9.62095	0.74
65.0251	9.62494	0.74
62.4535	9.41657	0.74
62.4538	9.41258	0.74
65.0254	9.62095	1.45
65.0251	9.62494	1.45
62.4535	9.41657	1.45
62.4538	9.41258	1.45
62.2615	9.18631	0.74
62.2575	9.18599	0.74
62.4659	6.61442	0.74
62.4698	6.61474	0.74
62.2615	9.18631	1.45
62.2575	9.18599	1.45
62.4659	6.61442	1.45
62.4698	6.61474	1.45
64.9855	9.61772	0.78
62.4937	9.41581	0.78
62.4945	9.39402	0.78
62.4934	9.37224	0.78
62.4904	9.35063	0.78
62.4856	9.32937	0.78
62.4789	9.30861	0.78
62.4704	9.28852	0.78
62.4602	9.26924	0.78
62.4484	9.25092	0.78
62.435	9.2337	0.78
62.4202	9.21772	0.78
62.404	9.20309	0.78
62.3866	9.18992	0.78
62.3681	9.17832	0.78
62.3487	9.16837	0.78
62.3285	9.16016	0.78
62.3077	9.15373	0.78
62.2863	9.14915	0.78
62.2647	9.14644	0.78
62.4666	6.65461	0.78
62.7047	6.68439	0.78
62.9392	6.73482	0.78
63.1685	6.80549	0.78
63.3907	6.89587	0.78
63.6042	7.00528	0.78
63.8074	7.13288	0.78
63.9986	7.2777	0.78
64.1765	7.43864	0.78
64.3397	7.61448	0.78
64.487	7.80387	0.78
64.6172	8.00537	0.78
64.7294	8.21745	0.78
64.8226	8.43851	0.78
64.8962	8.66684	0.78
64.9496	8.90072	0.78
64.9825	9.13837	0.78
64.9945	9.37798	0.78
64.9855	9.61772	1.41
62.4937	9.41581	1.41
62.4945	9.39402	1.41
62.4934	9.37224	1.41
62.4904	9.35063	1.41
62.4856	9.32937	1.41
62.4789	9.30861	1.41
62.4704	9.28852	1.41
62.4602	9.26924	1.41
62.4484	9.25092	1.41
62.435	9.2337	1.41
62.4202	9.21772	1.41
62.404	9.20309	1.41
62.3866	9.18992	1.41
62.3681	9.17832	1.41
62.3487	9.16837	1.41
62.3285	9.16016	1.41
62.3077	9.15373	1.41
62.2863	9.14915	1.41
62.2647	9.14644	1.41
62.4666	6.65461	1.41
62.7047	6.68439	1.41
62.9392	6.73482	1.41
63.1685	6.80549	1.41
63.3907	6.89587	1.41
63.6042	7.00528	1.41
63.8074	7.13288	1.41
63.9986	7.2777	1.41
64.1765	7.43864	1.41
64.3397	7.61448	1.41
64.487	7.80387	1.41
64.6172	8.00537	1.41
64.7294	8.21745	1.41
64.8226	8.43851	1.41
64.8962	8.66684	1.41
64.9496	8.90072	1.41
64.9825	9.13837	1.41
64.9945	9.37798	1.41

#	Triangle	47
3	4	7	0	4	3
0	5	4	1	5	0
1	6	5	2	6	1	16	55	54	17	55	16
2	7	6	3	7	2
3	1	0	2	1	3	11	9	8	10	9	11	53	17	16	52	17	53	51	17	52	50	17	51	49	17	50	48	17	49	47	17	48	46	17	47	45	17	46	44	17	45	43	17	44	42	17	43	41	17	42	40	17	41	39	17	40	38	17	39	37	17	38	37	18	17	37	19	18	37	20	19	37	21	20	36	21	37	36	22	21	36	23	22	36	24	23	36	25	24	36	26	25	36	27	26	36	28	27	36	29	28	36	30	29	36	31	30	36	32	31	36	33	32	36	34	33	36	35	34
4	6	7	5	6	4	12	14	15	13	14	12	55	91	54	55	90	91	55	89	90	55	88	89	55	87	88	55	86	87	55	85	86	55	84	85	55	83	84	55	82	83	55	81	82	55	80	81	55	79	80	55	78	79	55	77	78	55	76	77	55	75	76	56	75	55	57	75	56	58	75	57	59	75	58	59	74	75	60	74	59	61	74	60	62	74	61	63	74	62	64	74	63	65	74	64	66	74	65	67	74	66	68	74	67	69	74	68	70	74	69	71	74	70	72	74	71	73	74	72
11	12	15	8	12	11
8	13	12	9	13	8
9	14	13	10	14	9
10	15	14	11	15	10
53	54	91	16	54	53
17	56	55	18	56	17
18	57	56	19	57	18
19	58	57	20	58	19
20	59	58	21	59	20
21	60	59	22	60	21
22	61	60	23	61	22
23	62	61	24	62	23
24	63	62	25	63	24
25	64	63	26	64	25
26	65	64	27	65	26
27	66	65	28	66	27
28	67	66	29	67	28
29	68	67	30	68	29
30	69	68	31	69	30
31	70	69	32	70	31
32	71	70	33	71	32
33	72	71	34	72	33
34	73	72	35	73	34
35	74	73	36	74	35
36	75	74	37	75	36
37	76	75	38	76	37
38	77	76	39	77	38
39	78	77	40	78	39
40	79	78	41	79	40
41	80	79	42	80	41
42	81	80	43	81	42
43	82	81	44	82	43
44	83	82	45	83	44
45	84	83	46	84	45
46	85	84	47	85	46
47	86	85	48	86	47
48	87	86	49	87	48
49	88	87	50	88	49
50	89	88	51	89	50
51	90	89	52	90	51
52	91	90	53	91	52

#	Normal	47
0.0807614	-0.996733	-0
0.996789	0.0800751	-0
-0.0807613	0.996733	-0
-0.99671	-0.0810453	0
-0	0	-1
0	-0	1
0.996733	0.080761	-0
-0.0807831	0.996732	-0
-0.996733	-0.0807625	0
0.0808618	-0.996725	-0
0.999308	0.0372053	-0
-0.999306	-0.0372551	0
-0.998751	0.0499711	-0
-0.990569	0.137013	-0
-0.974904	0.222625	-0
-0.951767	0.306822	-0
-0.921386	0.388649	-0
-0.884087	0.467322	-0
-0.83986	0.542804	-0
-0.789444	0.613823	-0
-0.732967	0.680264	-0
-0.670803	0.741635	-0
-0.603662	0.79724	-0
-0.531897	0.846809	-0
-0.456039	0.88996	-0
-0.376742	0.926318	-0
-0.294611	0.955617	-0
-0.210122	0.977675	-0
-0.124167	0.992261	-0
-0.996734	-0.0807609	0
0.124161	-0.992262	-0
0.210169	-0.977665	-0
0.294583	-0.955626	-0
0.376746	-0.926317	-0
0.456044	-0.889957	-0
0.53188	-0.84682	-0
0.603654	-0.797246	-0
0.670846	-0.741597	-0
0.732925	-0.680309	-0
0.789436	-0.613833	-0
0.839923	-0.542706	-0
0.884028	-0.467435	-0
0.921408	-0.388596	-0
0.951766	-0.306825	-0
0.974888	-0.222694	-0
0.990587	-0.136886	-0
0.998747	-0.0500357	-0

#	Mesh	0	End


COMPONENTFINISH

COMPONENT 262261=IfcFlowTerminal
#	TMesh	1000018=IfcFlowTerminal
1.00002	-2.27261e-006	0.000498113	0	3.10454e-006	1.00001	-0.00167019	0	-0.000498109	0.00167019	1.00001	0	-57.9985	-30.6029	0.154269	1

COMPONENTFINISH

COMPONENT 262329=IfcFlowTerminal
#	TMesh	1000086=IfcFlowTerminal
0.999983	-9.59113e-005	0.000589501	0	9.60305e-005	0.999983	-0.000170177	0	-0.000589484	0.000170234	0.999983	0	-58.0061	-30.5979	0.010874	1

COMPONENTFINISH

COMPONENT 262397=IfcFlowTerminal
#	TMesh	1000018=IfcFlowTerminal
1.00004	5.0902e-006	0.000718711	0	-4.62688e-006	1.00004	-0.000644681	0	-0.000718714	0.000644678	1.00004	0	-57.9977	-28.4046	0.0547436	1

COMPONENTFINISH

COMPONENT 262465=IfcFlowTerminal
#	TMesh	1000086=IfcFlowTerminal
0.999969	-0.000131786	0.000193477	0	0.00013195	0.999969	-0.000844058	0	-0.000193366	0.000844083	0.999969	0	-58.0103	-28.3978	0.0785663	1

COMPONENTFINISH

COMPONENT 262533=IfcFlowTerminal
#	TMesh	1000018=IfcFlowTerminal
-1.00011	-5.79497e-006	0.000287732	0	-5.90228e-006	1.00011	-0.000372999	0	0.00028773	0.000373	1.00011	0	-39.8572	-25.0104	0.0327662	1

COMPONENTFINISH

COMPONENT 262601=IfcFlowTerminal
#	TMesh	1000086=IfcFlowTerminal
0.99155	-0.129559	0.00044906	0	-0.129559	-0.99155	7.09936e-005	0	-0.000436077	0.000128576	0.999979	0	-45.603	165.521	-0.0107725	1

COMPONENTFINISH

COMPONENT 262669=IfcFlowTerminal
#	TMesh	1000018=IfcFlowTerminal
-1.00008	8.20936e-007	-0.000300477	0	8.7953e-007	1.00008	-0.000195015	0	-0.000300477	0.000195016	1.00008	0	-39.8575	-21.6074	0.0212057	1

COMPONENTFINISH

COMPONENT 262737=IfcFlowTerminal
#	TMesh	1000086=IfcFlowTerminal
0.999984	-0.000201717	0.000591143	0	0.000202231	0.999984	-0.000843753	0	-0.000590973	0.000843873	0.999984	0	-58.0162	-21.5986	0.074898	1

COMPONENTFINISH

COMPONENT 262805=IfcFlowTerminal
#	TMesh	1000018=IfcFlowTerminal
1.00004	1.87318e-006	0.000792225	0	3.33162e-006	-1.00004	-0.00184103	0	-0.00079222	-0.00184103	1.00004	0	-57.9984	171.955	0.167822	1

COMPONENTFINISH

COMPONENT 262873=IfcFlowTerminal
#	TMesh	1000086=IfcFlowTerminal
0.999976	-0.000148281	0.000242675	0	0.00014843	0.999976	-0.000617214	0	-0.000242583	0.00061725	0.999976	0	-58.0118	-18.1978	0.0565372	1

COMPONENTFINISH

COMPONENT 262941=IfcFlowTerminal
#	TMesh	1000018=IfcFlowTerminal
1.00004	2.04113e-005	0.000498154	0	-1.99607e-005	1.00004	-0.000904432	0	-0.000498173	0.000904422	1.00004	0	-57.9965	-14.8047	0.0814424	1

COMPONENTFINISH

COMPONENT 263009=IfcFlowTerminal
#	TMesh	1000086=IfcFlowTerminal
0.999962	-5.69746e-005	0.000141438	0	5.69522e-005	0.999962	0.000178693	0	-0.000141449	-0.000178685	0.999962	0	-58.0032	-14.7954	-0.0181828	1

COMPONENTFINISH

COMPONENT 263077=IfcFlowTerminal
#	TMesh	1000018=IfcFlowTerminal
1.00001	-1.49423e-006	0.000718682	0	2.75265e-006	1.00001	-0.00175105	0	-0.000718678	0.00175105	1.00001	0	-57.9982	-11.4029	0.159956	1

COMPONENTFINISH

COMPONENT 263145=IfcFlowTerminal
#	TMesh	1000086=IfcFlowTerminal
0.999969	-3.40492e-005	0.000190427	0	3.39523e-005	0.999969	0.000502963	0	-0.000190444	-0.000502956	0.999969	0	-58.001	-11.3956	-0.0494747	1

COMPONENTFINISH

COMPONENT 263213=IfcFlowTerminal
#	TMesh	1000018=IfcFlowTerminal
-1.00006	-7.01112e-007	-0.000300476	0	-5.31703e-007	1.00006	-0.000563838	0	-0.000300477	0.000563837	1.00006	0	-39.8575	-4.60647	0.0562825	1

COMPONENTFINISH

COMPONENT 263281=IfcFlowTerminal
#	TMesh	1000086=IfcFlowTerminal
0.999986	-0.000319719	0.000592957	0	0.000320628	0.999985	-0.00151735	0	-0.000592471	0.00151754	0.999985	0	-58.0274	-4.59927	0.138919	1

COMPONENTFINISH

COMPONENT 2633479=IfcFlowSegment
#	Mesh	0	Begin

#	Vertex	72
53.4294	56.1152	0.847927
53.427	56.1152	0.848572
53.4248	56.1152	0.849625
53.4227	56.1152	0.851053
53.421	56.1152	0.852815
53.4195	56.1152	0.854855
53.4185	56.1152	0.857113
53.4178	56.1152	0.859519
53.4176	56.1152	0.862
53.4178	56.1152	0.864481
53.4185	56.1152	0.866887
53.4195	56.1152	0.869145
53.421	56.1152	0.871185
53.4227	56.1152	0.872947
53.4248	56.1152	0.874375
53.427	56.1152	0.875428
53.4294	56.1152	0.876073
53.4319	56.1152	0.87629
53.4344	56.1152	0.876073
53.4368	56.1152	0.875428
53.4391	56.1152	0.874375
53.4411	56.1152	0.872947
53.4429	56.1152	0.871185
53.4443	56.1152	0.869145
53.4454	56.1152	0.866887
53.446	56.1152	0.864481
53.4462	56.1152	0.862
53.446	56.1152	0.859519
53.4454	56.1152	0.857113
53.4443	56.1152	0.854855
53.4429	56.1152	0.852815
53.4411	56.1152	0.851053
53.4391	56.1152	0.849625
53.4368	56.1152	0.848572
53.4344	56.1152	0.847927
53.4319	56.1152	0.84771
53.4294	57.6763	0.847927
53.427	57.6763	0.848572
53.4248	57.6763	0.849625
53.4227	57.6763	0.851053
53.421	57.6763	0.852815
53.4195	57.6763	0.854855
53.4185	57.6763	0.857113
53.4178	57.6763	0.859519
53.4176	57.6763	0.862
53.4178	57.6763	0.864481
53.4185	57.6763	0.866887
53.4195	57.6763	0.869145
53.421	57.6763	0.871185
53.4227	57.6763	0.872947
53.4248	57.6763	0.874375
53.427	57.6763	0.875428
53.4294	57.6763	0.876073
53.4319	57.6763	0.87629
53.4344	57.6763	0.876073
53.4368	57.6763	0.875428
53.4391	57.6763	0.874375
53.4411	57.6763	0.872947
53.4429	57.6763	0.871185
53.4443	57.6763	0.869145
53.4454	57.6763	0.866887
53.446	57.6763	0.864481
53.4462	57.6763	0.862
53.446	57.6763	0.859519
53.4454	57.6763	0.857113
53.4443	57.6763	0.854855
53.4429	57.6763	0.852815
53.4411	57.6763	0.851053
53.4391	57.6763	0.849625
53.4368	57.6763	0.848572
53.4344	57.6763	0.847927
53.4319	57.6763	0.84771

#	Triangle	74
35	36	71	0	36	35
0	37	36	1	37	0
1	38	37	2	38	1
2	39	38	3	39	2
3	40	39	4	40	3
4	41	40	5	41	4
5	42	41	6	42	5
6	43	42	7	43	6
7	44	43	8	44	7
8	45	44	9	45	8
9	46	45	10	46	9
10	47	46	11	47	10
11	48	47	12	48	11
12	49	48	13	49	12
13	50	49	14	50	13
14	51	50	15	51	14
15	52	51	16	52	15
16	53	52	17	53	16
17	54	53	18	54	17
18	55	54	19	55	18
19	56	55	20	56	19
20	57	56	21	57	20
21	58	57	22	58	21
22	59	58	23	59	22
23	60	59	24	60	23
24	61	60	25	61	24
25	62	61	26	62	25
26	63	62	27	63	26
27	64	63	28	64	27
28	65	64	29	65	28
29	66	65	30	66	29
30	67	66	31	67	30
31	68	67	32	68	31
32	69	68	33	69	32
33	70	69	34	70	33
34	71	70	35	71	34
7	9	8	26	25	27
6	9	7	27	25	24
6	10	9	27	24	28
5	10	6	28	24	23
5	11	10	28	23	29
4	11	5	29	23	22
4	12	11	29	22	30
3	12	4	30	22	21
3	13	12
2	13	3	31	21	20
2	14	13
1	14	2	32	20	19
1	15	14	32	19	33
0	15	1	33	19	18
0	16	15	33	18	34
35	16	0	34	18	17
35	17	16	34	17	35
31	20	32
30	21	31
45	43	44	62	63	61
46	43	45	61	63	64
46	42	43	61	64	60
47	42	46	60	64	65
47	41	42	60	65	59
48	41	47	59	65	66
48	40	41	59	66	58
49	40	48	58	66	67
49	39	40
50	39	49	57	67	68
50	38	39
51	38	50	56	68	69
51	37	38	56	69	55
52	37	51	55	69	70
52	36	37	55	70	54
53	36	52	54	70	71
53	71	36	54	71	53
57	68	56
58	67	57

#	Normal	74
-0.0871913	0	-0.996192
-0.258782	0	-0.965936
-0.422585	0	-0.906323
-0.573094	0	-0.819489
-0.707818	0	-0.706395
-0.818967	0	-0.57384
-0.906005	0	-0.423266
-0.965941	0	-0.258761
-0.996273	0	-0.0862574
-0.996273	-0	0.0862574
-0.965941	-0	0.258761
-0.906005	-0	0.423266
-0.818967	-0	0.57384
-0.707818	-0	0.706395
-0.573094	-0	0.819489
-0.422585	-0	0.906323
-0.258782	-0	0.965936
-0.0871913	-0	0.996192
0.0871913	-0	0.996192
0.258782	-0	0.965936
0.422585	-0	0.906323
0.573831	-0	0.818974
0.707033	-0	0.70718
0.818967	-0	0.57384
0.906005	-0	0.423266
0.965941	-0	0.258761
0.996273	-0	0.0862574
0.996273	-0	-0.0862574
0.965941	-0	-0.258761
0.906005	-0	-0.423266
0.818967	-0	-0.57384
0.707033	-0	-0.70718
0.573831	-0	-0.818974
0.422585	-0	-0.906323
0.258782	-0	-0.965936
0.0871913	-0	-0.996192
-0	-1.06625e-006	0
-0	-3.19874e-006	0
-0	-6.30023e-006	0
-0	-1.03095e-005	0
-0	-1.50715e-005	0
-0	-2.04303e-005	0
-0	-2.62646e-005	0
-0	-3.22925e-005	0
-0	-3.84848e-005	0
-0	-4.47278e-005	0
-0	-5.05655e-005	0
-0	-5.58831e-005	0
-0	-6.06368e-005	0
-0	-6.46233e-005	0
-0	-6.77257e-005	0
-0	-6.98147e-005	0
-0	-7.08917e-005	0
-0	-5.04688e-005	0
-0	-3.85703e-005	0
-0	1.06625e-006	0
-0	3.19874e-006	0
-0	6.30023e-006	0
-0	1.03095e-005	0
-0	1.50715e-005	0
-0	2.04303e-005	0
-0	2.62646e-005	0
-0	3.22925e-005	0
-0	3.84848e-005	0
-0	4.47278e-005	0
-0	5.05655e-005	0
-0	5.58831e-005	0
-0	6.06368e-005	0
-0	6.46233e-005	0
-0	6.77257e-005	0
-0	6.98147e-005	0
-0	7.08917e-005	0
0	5.04688e-005	0
0	3.85703e-005	0

#	Mesh	0	End


COMPONENTFINISH

COMPONENT 263349=IfcFlowTerminal
#	TMesh	1000018=IfcFlowTerminal
-1.0001	1.4087e-005	0.000214249	0	1.40342e-005	1.0001	-0.000246256	0	0.000214252	0.000246253	1.0001	0	-39.859	-8.01003	0.0213861	1

COMPONENTFINISH

COMPONENT 263417=IfcFlowTerminal
#	TMesh	1000086=IfcFlowTerminal
0.999979	-8.37743e-005	0.000489458	0	8.37371e-005	0.999979	9.5299e-005	0	-0.000489466	-9.5258e-005	0.999979	0	-58.0051	-7.99698	-0.0134494	1

COMPONENTFINISH

COMPONENT 263485=IfcFlowTerminal
#	TMesh	1000018=IfcFlowTerminal
1.00001	-8.62066e-007	0.000523029	0	1.47843e-006	1.00001	-0.00117848	0	-0.000523028	0.00117848	1.00001	0	-61.5983	-30.6025	0.107293	1

COMPONENTFINISH

COMPONENT 263553=IfcFlowTerminal
#	TMesh	1000086=IfcFlowTerminal
0.999987	-7.4923e-005	0.000517929	0	7.49677e-005	0.999987	-7.38297e-005	0	-0.000517923	7.38685e-005	0.999987	0	-61.6043	-30.5983	0.00235391	1

COMPONENTFINISH

COMPONENT 263621=IfcFlowTerminal
#	TMesh	1000018=IfcFlowTerminal
-1.00013	2.46645e-005	0.000557016	0	2.45793e-005	1.00013	-0.000152971	0	0.00055702	0.000152957	1.00013	0	-43.4601	-28.4126	0.00938469	1

COMPONENTFINISH

COMPONENT 263689=IfcFlowTerminal
#	TMesh	1000086=IfcFlowTerminal
0.999982	-0.000135064	0.00101478	0	0.000135154	0.999983	-7.59701e-005	0	-0.00101477	7.61072e-005	0.999982	0	-61.6088	-28.3973	-0.0019393	1

COMPONENTFINISH

COMPONENT 263757=IfcFlowTerminal
#	TMesh	1000018=IfcFlowTerminal
-1.00014	5.39961e-006	0.00121878	0	4.49558e-006	1.00014	-0.000741854	0	0.00121879	0.000741848	1.00014	0	-43.4587	-25.0139	0.0593621	1

COMPONENTFINISH

COMPONENT 2637868=IfcFlowFitting
#	Mesh	0	Begin

#	Vertex	433
53.413	57.7046	0.885388
53.4144	57.698	0.885388
53.4105	57.7032	0.885388
53.4148	57.7024	0.885388
53.412	57.7073	0.885388
53.4165	57.7001	0.885388
53.4195	57.6941	0.885388
53.4188	57.6984	0.885388
53.421	57.6966	0.885388
53.4237	57.6956	0.885388
53.4263	57.6945	0.885388
53.4255	57.6916	0.885388
53.4294	57.6941	0.885388
53.4319	57.6937	0.885388
53.4319	57.6908	0.885388
53.4347	57.6941	0.885388
53.4376	57.6945	0.885388
53.4383	57.6916	0.885388
53.4402	57.6956	0.885388
53.4428	57.6966	0.885388
53.4443	57.6941	0.885388
53.4451	57.6984	0.885388
53.4473	57.7001	0.885388
53.4494	57.698	0.885388
53.4491	57.7024	0.885388
53.4508	57.7046	0.885388
53.4534	57.7032	0.885388
53.4519	57.7073	0.885388
53.453	57.7099	0.885388
53.4558	57.7091	0.885388
53.4534	57.7127	0.885388
53.4537	57.7155	0.885388
53.4567	57.7155	0.885388
53.4534	57.7183	0.885388
53.453	57.7212	0.885388
53.4558	57.7219	0.885388
53.4519	57.7238	0.885388
53.4508	57.7264	0.885388
53.4534	57.7279	0.885388
53.4491	57.7287	0.885388
53.4473	57.7309	0.885388
53.4494	57.733	0.885388
53.4451	57.7327	0.885388
53.4428	57.7344	0.885388
53.4443	57.737	0.885388
53.4383	57.7394	0.885388
53.4402	57.7355	0.885388
53.4376	57.7366	0.885388
53.4319	57.7403	0.885388
53.4344	57.737	0.885388
53.4319	57.7373	0.885388
53.4255	57.7394	0.885388
53.4291	57.737	0.885388
53.4263	57.7366	0.885388
53.4195	57.737	0.885388
53.4237	57.7355	0.885388
53.421	57.7344	0.885388
53.4144	57.733	0.885388
53.4188	57.7327	0.885388
53.4165	57.7309	0.885388
53.4105	57.7279	0.885388
53.4148	57.7287	0.885388
53.413	57.7264	0.885388
53.408	57.7219	0.885388
53.412	57.7238	0.885388
53.4109	57.7212	0.885388
53.4072	57.7155	0.885388
53.4105	57.7183	0.885388
53.4101	57.7155	0.885388
53.408	57.7091	0.885388
53.4105	57.7127	0.885388
53.4109	57.7099	0.885388
53.408	57.7091	0.901188
53.4105	57.7032	0.901188
53.4144	57.698	0.901188
53.4195	57.6941	0.901188
53.4255	57.6916	0.901188
53.4319	57.6908	0.901188
53.4383	57.6916	0.901188
53.4443	57.6941	0.901188
53.4494	57.698	0.901188
53.4534	57.7032	0.901188
53.4558	57.7091	0.901188
53.4567	57.7155	0.901188
53.4558	57.7219	0.901188
53.4534	57.7279	0.901188
53.4494	57.733	0.901188
53.4443	57.737	0.901188
53.4383	57.7394	0.901188
53.4319	57.7403	0.901188
53.4255	57.7394	0.901188
53.4195	57.737	0.901188
53.4144	57.733	0.901188
53.4105	57.7279	0.901188
53.408	57.7219	0.901188
53.4072	57.7155	0.901188
53.4165	57.7309	0.884594
53.4188	57.7327	0.884594
53.421	57.7344	0.884594
53.4237	57.7355	0.884594
53.4263	57.7366	0.884594
53.4294	57.737	0.884594
53.4319	57.7373	0.884594
53.4347	57.737	0.884594
53.4376	57.7366	0.884594
53.4402	57.7355	0.884594
53.4428	57.7344	0.884594
53.4451	57.7327	0.884594
53.4473	57.7309	0.884594
53.4491	57.7287	0.884594
53.4508	57.7264	0.884594
53.4519	57.7238	0.884594
53.453	57.7212	0.884594
53.4534	57.7183	0.884594
53.4537	57.7155	0.884594
53.4534	57.7127	0.884594
53.453	57.7099	0.884594
53.4519	57.7073	0.884594
53.4508	57.7046	0.884594
53.4491	57.7024	0.884594
53.4473	57.7001	0.884594
53.4451	57.6984	0.884594
53.4428	57.6966	0.884594
53.4402	57.6956	0.884594
53.4376	57.6945	0.884594
53.4344	57.6941	0.884594
53.4319	57.6937	0.884594
53.4291	57.6941	0.884594
53.4263	57.6945	0.884594
53.4237	57.6956	0.884594
53.421	57.6966	0.884594
53.4188	57.6984	0.884594
53.4165	57.7001	0.884594
53.4148	57.7024	0.884594
53.413	57.7046	0.884594
53.412	57.7073	0.884594
53.4109	57.7099	0.884594
53.4105	57.7127	0.884594
53.4101	57.7155	0.884594
53.4105	57.7183	0.884594
53.4109	57.7212	0.884594
53.412	57.7238	0.884594
53.413	57.7264	0.884594
53.4148	57.7287	0.884594
53.453	57.6929	0.867642
53.4508	57.6929	0.8729
53.4473	57.6929	0.877415
53.4428	57.6929	0.880879
53.4376	57.6929	0.883057
53.4319	57.6929	0.8838
53.4263	57.6929	0.883057
53.421	57.6929	0.880879
53.4165	57.6929	0.877415
53.413	57.6929	0.8729
53.412	57.6929	0.870271
53.4109	57.6929	0.867642
53.4101	57.6929	0.862
53.4109	57.6929	0.856358
53.413	57.6929	0.8511
53.4165	57.6929	0.846585
53.421	57.6929	0.843121
53.4263	57.6929	0.840943
53.4319	57.6929	0.8402
53.4376	57.6929	0.840943
53.4428	57.6929	0.843121
53.4473	57.6929	0.846585
53.4508	57.6929	0.8511
53.453	57.6929	0.856358
53.4537	57.6929	0.862
53.4258	57.6997	0.841598
53.4319	57.6981	0.841594
53.4215	57.703	0.844063
53.4264	57.7056	0.842786
53.4132	57.6977	0.874283
53.4108	57.7	0.868965
53.4222	57.731	0.866519
53.4198	57.7314	0.871281
53.4257	57.7326	0.866833
53.4198	57.6972	0.84409
53.413	57.7013	0.85217
53.4158	57.7053	0.84944
53.4162	57.7002	0.847594
53.4107	57.6984	0.857783
53.4113	57.7051	0.857553
53.4249	57.7228	0.853363
53.4319	57.7233	0.854272
53.4255	57.7189	0.849785
53.4101	57.6993	0.863331
53.4101	57.7142	0.878302
53.4109	57.7086	0.877974
53.4102	57.7045	0.867444
53.4103	57.7071	0.863859
53.4108	57.6965	0.867929
53.4133	57.7032	0.879906
53.4258	57.7359	0.877823
53.4133	57.7005	0.87629
53.411	57.7061	0.874875
53.4175	57.6952	0.878753
53.4215	57.6954	0.882165
53.4319	57.6935	0.884032
53.413	57.7254	0.876274
53.4107	57.7197	0.879094
53.4279	57.7261	0.855698
53.4188	57.7291	0.867403
53.4162	57.7299	0.877366
53.4158	57.7281	0.872265
53.4144	57.7244	0.868001
53.4101	57.7118	0.873443
53.4198	57.7334	0.880284
53.4319	57.7033	0.842989
53.4319	57.7092	0.844568
53.4319	57.7359	0.879389
53.4113	57.72	0.872376
53.4114	57.7026	0.872953
53.4228	57.7134	0.847459
53.4188	57.7101	0.848441
53.4199	57.7153	0.850536
53.4144	57.7095	0.853079
53.4215	57.7335	0.874521
53.4271	57.7348	0.871662
53.4103	57.7074	0.870698
53.4106	57.714	0.867712
53.4175	57.6988	0.882286
53.416	57.6984	0.879132
53.4103	57.716	0.873437
53.4257	57.7107	0.844913
53.4319	57.7151	0.846148
53.4215	57.708	0.845681
53.4319	57.7314	0.862397
53.4268	57.7297	0.860815
53.4233	57.7259	0.857543
53.4184	57.7221	0.857694
53.418	57.7248	0.861479
53.4271	57.7154	0.846924
53.4319	57.733	0.868291
53.4319	57.7345	0.874185
53.4221	57.7287	0.862482
53.4125	57.7198	0.866136
53.415	57.7214	0.862086
53.419	57.7192	0.85419
53.4159	57.7188	0.857565
53.4141	57.7138	0.856347
53.4166	57.7141	0.852929
53.4116	57.7111	0.860232
53.4132	57.7168	0.860689
53.4319	57.7273	0.858335
53.4319	57.7192	0.85021
53.4537	57.6992	0.86334
53.438	57.7359	0.877823
53.4423	57.703	0.844063
53.4368	57.7059	0.842699
53.4382	57.7107	0.844913
53.453	57.6996	0.86897
53.4423	57.6954	0.882165
53.4464	57.6952	0.878753
53.4479	57.6984	0.879132
53.4537	57.7142	0.878218
53.4481	57.7053	0.84944
53.445	57.7101	0.848441
53.4494	57.7095	0.853079
53.4536	57.7137	0.870435
53.4536	57.7068	0.87008
53.4533	57.7098	0.863512
53.4524	57.7046	0.87493
53.453	57.7086	0.877544
53.4506	57.7032	0.879843
53.4359	57.7261	0.855698
53.4371	57.7297	0.860815
53.438	57.6997	0.841598
53.4525	57.7051	0.857553
53.4508	57.7013	0.85217
53.4405	57.7259	0.857543
53.4418	57.7287	0.862482
53.4458	57.7248	0.861479
53.444	57.6972	0.84409
53.453	57.7096	0.880997
53.4476	57.7002	0.847594
53.4532	57.6984	0.857783
53.4508	57.7254	0.876274
53.4525	57.72	0.872376
53.4494	57.7244	0.868001
53.4536	57.7101	0.873062
53.4532	57.7197	0.879094
53.4537	57.7041	0.865678
53.4464	57.6988	0.882286
53.4506	57.6976	0.874284
53.4383	57.7189	0.849785
53.4381	57.715	0.847101
53.4416	57.711	0.846541
53.4419	57.7149	0.848848
53.444	57.7334	0.880284
53.4476	57.7299	0.877366
53.4441	57.7062	0.846118
53.4423	57.7335	0.874521
53.4375	57.7347	0.871943
53.4481	57.7281	0.872265
53.4505	57.7012	0.87706
53.4528	57.7027	0.871456
53.4535	57.7041	0.86153
53.445	57.7291	0.867403
53.4389	57.7228	0.853363
53.4452	57.7141	0.850856
