COMPONENT 43069=IfcColumn
#	TMesh	2711271=IfcColumn
-1	0	0	0	0	1	0	0	0	0	1	0	-249.237	-7.62939e-006	2.38419e-007	1

COMPONENTFINISH

COMPONENT 43099=IfcBuildingElementProxy
#	TMesh	197088=IfcBuildingElementProxy
-1.07877e-005	0.997727	0.00410024	0	0.000117232	0.00410025	-0.997727	0	-0.997735	-1.03058e-005	-0.000117276	0	-113.303	293.182	101.702	1

COMPONENTFINISH

COMPONENT 43141=IfcBuildingElementProxy
#	TMesh	197088=IfcBuildingElementProxy
-2.78497e-006	0.997661	0.00561256	0	0.000126496	0.00561256	-0.997661	0	-0.997677	-2.07331e-006	-0.00012651	0	-113.002	293.009	102.125	1

COMPONENTFINISH

COMPONENT 43148=IfcColumn
#	TMesh	2711271=IfcColumn
-1	0	0	0	0	-1	-1.54454e-009	0	0	-1.54454e-009	1	0	-249.237	220.38	4.76837e-007	1

COMPONENTFINISH

COMPONENT 43183=IfcBuildingElementProxy
#	TMesh	197088=IfcBuildingElementProxy
-3.85268e-006	0.997699	0.00522926	0	8.77721e-005	0.00522926	-0.997699	0	-0.997713	-3.39259e-006	-8.77911e-005	0	-112.698	293.057	102.199	1

COMPONENTFINISH

COMPONENT 43225=IfcBuildingElementProxy
#	TMesh	197088=IfcBuildingElementProxy
-4.76851e-006	0.997715	0.00544793	0	0.000156516	0.00544793	-0.997715	0	-0.99773	-3.91381e-006	-0.00015654	0	-111.206	293.037	102.396	1

COMPONENTFINISH

COMPONENT 43227=IfcColumn
#	TMesh	2711271=IfcColumn
1	0	0	0	0	1	0	0	0	0	1	0	-109.46	-13.65	2.38419e-007	1

COMPONENTFINISH

COMPONENT 43267=IfcBuildingElementProxy
#	TMesh	197088=IfcBuildingElementProxy
-4.83662e-006	0.997725	0.00460813	0	7.26836e-005	0.00460813	-0.997725	0	-0.997735	-4.50088e-006	-7.27052e-005	0	-110.897	293.128	102.401	1

COMPONENTFINISH

COMPONENT 43306=IfcColumn
#	TMesh	2711271=IfcColumn
-1	0	0	0	0	1	0	0	0	0	1	0	-240.117	-7.62939e-006	2.38419e-007	1

COMPONENTFINISH

COMPONENT 43309=IfcBuildingElementProxy
#	TMesh	197088=IfcBuildingElementProxy
-2.79437e-006	0.997731	0.00545176	0	9.73577e-005	0.00545176	-0.997731	0	-0.997746	-2.26236e-006	-9.73715e-005	0	-110.599	293.039	102.692	1

COMPONENTFINISH

COMPONENT 43351=IfcBuildingElementProxy
#	TMesh	197088=IfcBuildingElementProxy
4.9655e-007	0.997697	0.00523024	0	-1.18571e-006	0.00523024	-0.997697	0	-0.997711	4.90328e-007	1.18829e-006	0	-110.288	293.057	102.79	1

COMPONENTFINISH

COMPONENT 43385=IfcColumn
#	TMesh	2711271=IfcColumn
1	0	0	0	0	-1	-1.54454e-009	0	0	-1.54454e-009	1	0	-100.32	220.38	4.76837e-007	1

COMPONENTFINISH

COMPONENT 43393=IfcBuildingElementProxy
#	TMesh	197088=IfcBuildingElementProxy
-1.99315e-006	0.997657	0.00589517	0	0.000137857	0.00589517	-0.997657	0	-0.997674	-1.17853e-006	-0.000137867	0	-110.003	292.978	103.07	1

COMPONENTFINISH

COMPONENT 43435=IfcBuildingElementProxy
#	TMesh	197088=IfcBuildingElementProxy
-6.40189e-006	0.997685	0.00526735	0	0.000167916	0.00526735	-0.997685	0	-0.997699	-5.51529e-006	-0.000167947	0	-109.707	293.05	103.117	1

COMPONENTFINISH

COMPONENT 43464=IfcColumn
#	TMesh	2711271=IfcColumn
-1	0	0	0	0	1	0	0	0	0	1	0	-240.117	-13.65	2.38419e-007	1

COMPONENTFINISH

COMPONENT 43477=IfcBuildingElementProxy
#	TMesh	197088=IfcBuildingElementProxy
-3.77625e-006	0.997681	0.00539454	0	0.000102841	0.00539454	-0.997681	0	-0.997695	-3.22013e-006	-0.00010286	0	-109.4	293.036	103.3	1

COMPONENTFINISH

COMPONENT 4349=IfcFlowFitting
#	TMesh	1591=IfcFlowFitting
-0.00186962	-0.999874	-0.000157624	0	-0.999874	0.00186957	-0.000251986	0	-0.000252277	-0.000157163	0.999876	0	74.29	-97.1566	-6.40304	1

COMPONENTFINISH

COMPONENT 43519=IfcBuildingElementProxy
#	TMesh	197088=IfcBuildingElementProxy
-5.60828e-006	0.997677	0.00539406	0	0.000147607	0.00539406	-0.997677	0	-0.997691	-4.81015e-006	-0.000147635	0	-109.105	293.035	103.433	1

COMPONENTFINISH

COMPONENT 43543=IfcColumn
#	TMesh	2711271=IfcColumn
-1	0	0	0	0	1	0	0	0	0	1	0	-230.997	-13.65	2.38419e-007	1

COMPONENTFINISH

COMPONENT 43561=IfcBuildingElementProxy
#	TMesh	197088=IfcBuildingElementProxy
-6.76363e-006	0.997699	0.00493707	0	0.000127674	0.00493707	-0.997699	0	-0.997711	-6.13177e-006	-0.000127706	0	-108.803	293.088	103.487	1

COMPONENTFINISH

COMPONENT 43603=IfcBuildingElementProxy
#	TMesh	197088=IfcBuildingElementProxy
-3.94838e-006	0.997746	0.00476997	0	6.83481e-005	0.00476997	-0.997746	0	-0.997758	-3.62158e-006	-6.83662e-005	0	-108.496	293.115	103.624	1

COMPONENTFINISH

COMPONENT 43622=IfcColumn
#	TMesh	2711271=IfcColumn
1	0	0	0	0	-1	-1.54454e-009	0	0	-1.54454e-009	1	0	-91.1995	220.38	4.76837e-007	1

COMPONENTFINISH

COMPONENT 43645=IfcBuildingElementProxy
#	TMesh	197088=IfcBuildingElementProxy
-7.61769e-006	0.997688	0.00526789	0	0.0001974	0.00526789	-0.997688	0	-0.997702	-6.57531e-006	-0.000197437	0	-108.21	293.051	103.861	1

COMPONENTFINISH

COMPONENT 43687=IfcBuildingElementProxy
#	TMesh	197088=IfcBuildingElementProxy
-1.44226e-005	0.997705	0.00476276	0	0.000231868	0.00476276	-0.997705	0	-0.997716	-1.33156e-005	-0.000231934	0	-107.915	293.108	103.919	1

COMPONENTFINISH

COMPONENT 43701=IfcColumn
#	TMesh	2711271=IfcColumn
-1	0	0	0	0	1	0	0	0	0	1	0	-230.997	-7.62939e-006	2.38419e-007	1

COMPONENTFINISH

COMPONENT 43729=IfcBuildingElementProxy
#	TMesh	197088=IfcBuildingElementProxy
-2.88691e-006	0.997709	0.00522703	0	6.8182e-005	0.00522703	-0.997709	0	-0.997723	-2.52967e-006	-6.81962e-005	0	-107.596	293.059	104.155	1

COMPONENTFINISH

COMPONENT 43771=IfcBuildingElementProxy
#	TMesh	192218=IfcBuildingElementProxy
-8.72141e-005	0.0139497	1.00055	0	8.56673e-005	1.00055	-0.0139497	0	1.00064	-8.44432e-005	8.83999e-005	0	-92.5865	-1.45127	212.538	1

COMPONENTFINISH

COMPONENT 43780=IfcColumn
#	TMesh	2711271=IfcColumn
-1	0	0	0	0	1	0	0	0	0	1	0	-221.876	-7.62939e-006	2.38419e-007	1

COMPONENTFINISH

COMPONENT 43813=IfcBuildingElementProxy
#	TMesh	197088=IfcBuildingElementProxy
-1.07999e-006	0.997704	0.00564542	0	8.8163e-005	0.00564542	-0.997704	0	-0.99772	-5.81123e-007	-8.81677e-005	0	-106.998	293.014	104.534	1

COMPONENTFINISH

COMPONENT 43859=IfcColumn
#	TMesh	2711271=IfcColumn
-1	0	0	0	0	-1	-1.54454e-009	0	0	-1.54454e-009	1	0	-221.876	220.38	4.76837e-007	1

COMPONENTFINISH

COMPONENT 43938=IfcColumn
#	TMesh	2711271=IfcColumn
-1	0	0	0	0	1	0	0	0	0	1	0	-221.876	-13.65	2.38419e-007	1

COMPONENTFINISH

COMPONENT 43939=IfcBuildingElementProxy
#	TMesh	197088=IfcBuildingElementProxy
-2.49996e-005	0.997757	0.00418053	0	0.000265671	0.00418054	-0.997757	0	-0.997765	-2.38862e-005	-0.000265774	0	-117.521	294.708	99.6079	1

COMPONENTFINISH

COMPONENT 43981=IfcBuildingElementProxy
#	TMesh	197088=IfcBuildingElementProxy
-1.4521e-006	0.997707	0.00530306	0	3.84801e-005	0.00530306	-0.997707	0	-0.997721	-1.24755e-006	-3.84873e-005	0	-117.193	294.58	99.9603	1

COMPONENTFINISH

COMPONENT 44023=IfcBuildingElementProxy
#	TMesh	197088=IfcBuildingElementProxy
-1.81598e-005	0.997759	0.00436791	0	0.000209465	0.00436791	-0.997759	0	-0.997768	-1.72427e-005	-0.000209543	0	-116.914	294.689	99.9416	1

COMPONENTFINISH

COMPONENT 44065=IfcBuildingElementProxy
#	TMesh	197088=IfcBuildingElementProxy
-1.25017e-005	0.997743	0.00421552	0	0.000147474	0.00421552	-0.997743	0	-0.997752	-1.18785e-005	-0.000147525	0	-116.606	294.702	100.066	1

COMPONENTFINISH

COMPONENT 44107=IfcBuildingElementProxy
#	TMesh	197088=IfcBuildingElementProxy
-1.41888e-006	0.997694	0.00484687	0	2.84255e-005	0.00484687	-0.997694	0	-0.997706	-1.28077e-006	-2.8432e-005	0	-116.291	294.626	100.333	1

COMPONENTFINISH

COMPONENT 44116=IfcColumn
#	Mesh	0	Begin

#	Vertex	28
-142.358	101.215	3.38
-143.358	101.215	3.38
-143.358	100.415	3.38
-142.358	100.415	3.38
-142.358	101.215	-9.07
-142.358	100.415	-9.07
-143.358	100.415	-9.07
-143.358	101.215	-9.07
-142.358	101.215	2.58
-142.358	101.215	1.38
-142.358	101.215	-2.42
-143.358	101.215	-2.42
-143.358	101.215	1.38
-143.358	101.215	2.58
-143.358	101.015	-2.42
-143.358	101.015	-7.47
-143.358	101.215	-7.47
-143.358	100.415	-3.42
-143.358	100.415	-2.82
-143.358	100.415	1.38
-143.358	100.415	2.58
-142.358	100.415	-3.42
-142.358	100.415	-2.82
-142.358	100.415	1.38
-142.358	100.415	2.58
-142.358	101.215	-7.47
-142.358	101.015	-7.47
-142.358	101.015	-2.42

#	Triangle	6
3	1	2	0	1	3	16	26	25	15	26	16
7	5	6	4	5	7	10	14	11	27	14	10
12	10	11	12	9	10	13	9	12	13	8	9	1	8	13	1	0	8	15	27	26	14	27	15	25	7	16	4	7	25
17	7	6	17	15	7	15	16	7	17	14	15	18	14	17	19	14	18	19	11	14	19	12	11	20	12	19	20	13	12	2	13	20	2	1	13
21	6	5	21	17	6	22	17	21	22	18	17	23	18	22	23	19	18	24	19	23	24	20	19	3	20	24	3	2	20
25	5	4	25	26	5	26	21	5	27	21	26	27	22	21	27	23	22	9	27	10	9	23	27	8	23	9	8	24	23	0	24	8	0	3	24

#	Normal	6
-0	-0	1
0	-0	-1
-0	1	-0
-1	0	-0
-0	-1	-0
1	0	0

#	Mesh	0	End


COMPONENTFINISH

COMPONENT 44149=IfcBuildingElementProxy
#	TMesh	197088=IfcBuildingElementProxy
-8.89092e-006	0.997747	0.00368244	0	7.7669e-005	0.00368244	-0.997747	0	-0.997754	-8.6042e-006	-7.77013e-005	0	-115.998	294.76	100.272	1

COMPONENTFINISH

COMPONENT 44191=IfcBuildingElementProxy
#	TMesh	197088=IfcBuildingElementProxy
-1.07533e-005	0.997785	0.00353675	0	8.71462e-005	0.00353675	-0.997785	0	-0.997791	-1.04443e-005	-8.71837e-005	0	-115.7	294.782	100.403	1

COMPONENTFINISH

COMPONENT 44233=IfcBuildingElementProxy
#	TMesh	197088=IfcBuildingElementProxy
-4.12846e-006	0.997688	0.00530763	0	9.23217e-005	0.00530763	-0.997688	0	-0.997703	-3.63726e-006	-9.23423e-005	0	-115.399	294.576	100.872	1

COMPONENTFINISH

COMPONENT 44275=IfcBuildingElementProxy
#	TMesh	197088=IfcBuildingElementProxy
-2.32528e-005	0.997777	0.00352342	0	0.000185929	0.00352342	-0.997777	0	-0.997783	-2.25961e-005	-0.00018601	0	-115.113	294.782	100.692	1

COMPONENTFINISH

COMPONENT 44294=IfcColumn
#	TMesh	44116=IfcColumn
-1	9.64457e-006	4.20573e-007	0	-9.64457e-006	-1	-2.6403e-007	0	4.2057e-007	-2.6403e-007	1	0	-285.715	206.731	8.4877e-005	1

COMPONENTFINISH

COMPONENT 4429=IfcFlowSegment
#	Mesh	0	Begin

#	Vertex	8
-235.376	107.491	-3.22
-214.727	107.491	-3.22
-214.727	107.691	-3.22
-235.376	107.691	-3.22
-235.376	107.491	-3.12
-214.727	107.491	-3.12
-214.727	107.691	-3.12
-235.376	107.691	-3.12

#	Triangle	6
3	4	7	0	4	3
0	5	4	1	5	0
1	6	5	2	6	1
2	7	6	3	7	2
3	1	0	2	1	3
4	6	7	5	6	4

#	Normal	6
-1	-0	0
-0	-1	-0
1	-0	-0
-0	1	-0
0	-0	-1
-0	-0	1

#	Mesh	0	End


COMPONENTFINISH

COMPONENT 44317=IfcBuildingElementProxy
#	TMesh	197088=IfcBuildingElementProxy
-5.70387e-006	-0.997597	0.0130998	0	0.000128114	-0.0130999	-0.997597	0	-0.997683	4.0212e-006	-0.000128178	0	-114.803	-83.1935	102.646	1

COMPONENTFINISH

COMPONENT 44359=IfcBuildingElementProxy
#	TMesh	197088=IfcBuildingElementProxy
-8.19383e-006	0.997718	0.00447506	0	9.73669e-005	0.00447506	-0.997718	0	-0.997728	-7.75703e-006	-9.74027e-005	0	-114.5	294.67	101.173	1

COMPONENTFINISH

COMPONENT 44373=IfcColumn
#	TMesh	2711271=IfcColumn
-1	0	0	0	0	-1	0	0	0	0	1	0	-212.757	228.924	4.76837e-007	1

COMPONENTFINISH

COMPONENT 44401=IfcBuildingElementProxy
#	TMesh	197088=IfcBuildingElementProxy
1.9523e-008	-0.997595	0.0130998	0	8.76453e-006	-0.0130998	-0.997595	0	-0.997682	-1.34602e-007	-8.76352e-006	0	-114.189	-83.1933	102.94	1

COMPONENTFINISH

COMPONENT 44443=IfcBuildingElementProxy
#	TMesh	197088=IfcBuildingElementProxy
-7.07965e-006	0.997711	0.00534634	0	0.000182509	0.00534634	-0.997711	0	-0.997725	-6.10157e-006	-0.000182544	0	-113.909	294.576	101.63	1

COMPONENTFINISH

COMPONENT 44452=IfcColumn
#	TMesh	2711271=IfcColumn
1	0	0	0	0	1	0	0	0	0	1	0	-63.8395	-7.62939e-006	2.38419e-007	1

COMPONENTFINISH

COMPONENT 44485=IfcBuildingElementProxy
#	TMesh	197088=IfcBuildingElementProxy
-2.0528e-006	0.997701	0.00471501	0	3.85204e-005	0.00471501	-0.997701	0	-0.997712	-1.87074e-006	-3.85297e-005	0	-113.593	294.641	101.657	1

COMPONENTFINISH

COMPONENT 44527=IfcBuildingElementProxy
#	TMesh	197088=IfcBuildingElementProxy
-3.28027e-006	-0.997566	0.0127693	0	5.83424e-005	-0.0127693	-0.997566	0	-0.997648	2.53325e-006	-5.83796e-005	0	-113.294	-83.2228	103.33	1

COMPONENTFINISH

COMPONENT 44531=IfcColumn
#	TMesh	2711271=IfcColumn
-1	0	0	0	0	-1	-1.54454e-009	0	0	-1.54454e-009	1	0	-203.637	220.38	4.76837e-007	1

COMPONENTFINISH

COMPONENT 44569=IfcBuildingElementProxy
#	TMesh	197088=IfcBuildingElementProxy
-1.82803e-005	0.997778	0.00370258	0	0.000155851	0.00370258	-0.997778	0	-0.997785	-1.77018e-005	-0.000155917	0	-113.009	294.763	101.773	1

COMPONENTFINISH

COMPONENT 44610=IfcColumn
#	TMesh	2711271=IfcColumn
1	0	0	0	0	1	0	0	0	0	1	0	-63.8395	-13.65	2.38419e-007	1

COMPONENTFINISH

COMPONENT 44611=IfcBuildingElementProxy
#	TMesh	197088=IfcBuildingElementProxy
-6.45612e-006	0.99772	0.00447231	0	7.78025e-005	0.00447231	-0.99772	0	-0.99773	-6.1073e-006	-7.78307e-005	0	-112.698	294.671	102.062	1

COMPONENTFINISH

COMPONENT 44653=IfcBuildingElementProxy
#	TMesh	197088=IfcBuildingElementProxy
-3.21739e-005	0.997795	0.00286161	0	0.000205427	0.00286161	-0.997795	0	-0.997799	-3.15846e-005	-0.000205518	0	-111.217	294.856	101.917	1

COMPONENTFINISH

COMPONENT 44689=IfcColumn
#	TMesh	2711271=IfcColumn
1	0	0	0	0	1	0	0	0	0	1	0	-54.7195	-13.65	2.38419e-007	1

COMPONENTFINISH

COMPONENT 44695=IfcBuildingElementProxy
#	TMesh	197088=IfcBuildingElementProxy
-1.46878e-005	0.997723	0.00435576	0	0.000170701	0.00435576	-0.997723	0	-0.997732	-1.39424e-005	-0.000170763	0	-110.909	294.683	102.342	1

COMPONENTFINISH

COMPONENT 44737=IfcBuildingElementProxy
#	TMesh	197088=IfcBuildingElementProxy
-2.07537e-005	0.997787	0.00353479	0	0.000165825	0.0035348	-0.997787	0	-0.997793	-2.01661e-005	-0.000165897	0	-110.61	294.783	102.343	1

COMPONENTFINISH

COMPONENT 44763=IfcColumn
#	TMesh	2711271=IfcColumn
1	0	0	0	0	-1	-1.54454e-009	0	0	-1.54454e-009	1	0	-54.7195	220.38	4.76837e-007	1

COMPONENTFINISH

COMPONENT 44779=IfcBuildingElementProxy
#	TMesh	197088=IfcBuildingElementProxy
-1.56557e-006	0.997677	0.00580584	0	7.78799e-005	0.00580584	-0.997677	0	-0.997694	-1.11234e-006	-7.78877e-005	0	-110.297	294.521	102.912	1

COMPONENTFINISH

COMPONENT 44821=IfcBuildingElementProxy
#	TMesh	197088=IfcBuildingElementProxy
-8.22418e-006	0.997717	0.00463231	0	0.000107933	0.00463231	-0.997717	0	-0.997727	-7.72298e-006	-0.00010797	0	-110.001	294.653	102.836	1

COMPONENTFINISH

COMPONENT 44837=IfcColumn
#	TMesh	2711271=IfcColumn
1	0	0	0	0	1	0	0	0	0	1	0	-54.7195	-7.62939e-006	2.38419e-007	1

COMPONENTFINISH

COMPONENT 44863=IfcBuildingElementProxy
#	TMesh	197088=IfcBuildingElementProxy
-7.8062e-006	0.997695	0.00484613	0	0.000127703	0.00484613	-0.997695	0	-0.997706	-7.18582e-006	-0.000127739	0	-109.703	294.626	103.033	1

COMPONENTFINISH

COMPONENT 44905=IfcBuildingElementProxy
#	TMesh	197088=IfcBuildingElementProxy
-2.21021e-006	0.997677	0.00580532	0	0.000102634	0.00580532	-0.997677	0	-0.997694	-1.61297e-006	-0.000102646	0	-109.399	294.521	103.363	1

COMPONENTFINISH

COMPONENT 44911=IfcColumn
#	TMesh	2711271=IfcColumn
1	0	0	0	0	1	0	0	0	0	1	0	-45.5995	-7.62939e-006	2.38419e-007	1

COMPONENTFINISH

COMPONENT 44947=IfcBuildingElementProxy
#	TMesh	197088=IfcBuildingElementProxy
-8.81616e-006	0.997714	0.00480155	0	0.000127633	0.00480156	-0.997714	0	-0.997725	-8.20182e-006	-0.000127674	0	-109.103	294.634	103.325	1

COMPONENTFINISH

COMPONENT 4494=IfcFlowSegment
#	TMesh	2386490=IfcFlowSegment
-0.994489	-0.0805761	2.09902e-009	0	-0.0805761	0.994489	-2.4547e-008	0	1.0979e-010	2.46364e-008	0.997748	0	36.4049	159.61	3.41081	1

COMPONENTFINISH

COMPONENT 44985=IfcColumn
#	TMesh	2711271=IfcColumn
1	0	0	0	0	-1	-1.54454e-009	0	0	-1.54454e-009	1	0	-45.5995	220.38	4.76837e-007	1

COMPONENTFINISH

COMPONENT 44989=IfcBuildingElementProxy
#	TMesh	197088=IfcBuildingElementProxy
-7.36922e-006	0.997722	0.00467868	0	0.00010782	0.00467868	-0.997722	0	-0.997733	-6.86353e-006	-0.000107854	0	-108.801	294.649	103.44	1

COMPONENTFINISH

COMPONENT 45031=IfcBuildingElementProxy
#	TMesh	197088=IfcBuildingElementProxy
-1.48961e-006	0.997704	0.00585326	0	0.000108453	0.00585326	-0.997704	0	-0.997722	-8.5333e-007	-0.00010846	0	-108.5	294.521	103.82	1

COMPONENTFINISH

COMPONENT 45059=IfcColumn
#	TMesh	2711271=IfcColumn
1	0	0	0	0	1	0	0	0	0	1	0	-45.5995	-13.65	2.38419e-007	1

COMPONENTFINISH

COMPONENT 45073=IfcBuildingElementProxy
#	TMesh	197088=IfcBuildingElementProxy
-9.70532e-006	0.997683	0.00517766	0	0.000206884	0.00517766	-0.997683	0	-0.997697	-8.63154e-006	-0.000206931	0	-108.212	294.589	103.853	1

COMPONENTFINISH

COMPONENT 45115=IfcBuildingElementProxy
#	TMesh	197088=IfcBuildingElementProxy
-1.09192e-005	0.997658	0.00517387	0	0.000231705	0.00517387	-0.997658	0	-0.997672	-9.71742e-006	-0.000231758	0	-107.914	294.584	103.983	1

COMPONENTFINISH

COMPONENT 45133=IfcColumn
#	TMesh	2711271=IfcColumn
1	0	0	0	0	1	0	0	0	0	1	0	-36.4795	-7.62939e-006	2.38419e-007	1

COMPONENTFINISH

COMPONENT 45157=IfcBuildingElementProxy
#	TMesh	197088=IfcBuildingElementProxy
-6.63833e-006	0.997725	0.00463478	0	8.79707e-005	0.00463478	-0.997725	0	-0.997736	-6.22961e-006	-8.80006e-005	0	-107.599	294.654	104.044	1

COMPONENTFINISH

COMPONENT 45199=IfcBuildingElementProxy
#	TMesh	197088=IfcBuildingElementProxy
-1.3881e-005	0.997773	0.00411911	0	0.000147421	0.00411911	-0.997773	0	-0.997782	-1.32723e-005	-0.000147477	0	-107.307	294.72	104.101	1

COMPONENTFINISH

COMPONENT 45241=IfcBuildingElementProxy
#	TMesh	197088=IfcBuildingElementProxy
7.56068e-007	0.997692	0.00572128	0	-6.83094e-005	0.00572128	-0.997692	0	0.997708	-3.6434e-007	-6.83126e-005	0	-92.2729	294.532	104.557	1

COMPONENTFINISH

COMPONENT 45298=IfcColumn
#	Mesh	0	Begin

#	Vertex	24
-105.878	106.315	3.38
-106.878	106.315	3.38
-106.878	105.515	3.38
-105.878	105.515	3.38
-105.878	106.315	-9.07
-105.878	105.515	-9.07
-106.878	105.515	-9.07
-106.878	106.315	-9.07
-105.878	106.315	-2.82
-105.878	106.315	-3.42
-105.878	106.315	-7.67
-106.878	106.315	-7.67
-106.878	106.315	-3.42
-106.878	106.315	-2.82
-106.878	105.515	-7.67
-106.878	105.515	-7.47
-106.878	105.715	-7.47
-106.878	105.715	-2.42
-106.878	105.515	-2.42
-105.878	105.515	-2.42
-105.878	105.715	-2.42
-105.878	105.715	-7.47
-105.878	105.515	-7.47
-105.878	105.515	-7.67

#	Triangle	6
3	1	2	0	1	3	22	16	15	21	16	22
7	5	6	4	5	7	18	20	19	17	20	18
11	4	7	11	10	4	12	10	11	12	9	10	13	9	12	13	8	9	1	8	13	1	0	8
14	7	6	14	11	7	15	11	14	15	16	11	16	12	11	17	12	16	17	13	12	17	1	13	2	17	18	2	1	17
19	2	18	3	2	19	17	21	20	16	21	17	23	6	5	23	14	6	22	14	23	22	15	14
10	5	4	10	23	5	9	21	10	21	23	10	21	22	23	9	20	21	8	20	9	0	20	8	0	19	20	0	3	19

#	Normal	6
-0	-0	1
0	-0	-1
-0	1	-0
-1	0	-0
-0	-1	0
1	0	0

#	Mesh	0	End


COMPONENTFINISH

COMPONENT 45367=IfcBuildingElementProxy
#	TMesh	197088=IfcBuildingElementProxy
-1.72514e-005	0.998654	0.00556314	0	4.87788e-005	0.00556314	-0.998654	0	-0.998669	-1.69794e-005	-4.88741e-005	0	-145.552	294.732	99.9734	1

COMPONENTFINISH

COMPONENT 45409=IfcBuildingElementProxy
#	TMesh	197088=IfcBuildingElementProxy
2.21683e-006	0.998513	0.0075429	0	-8.82712e-006	0.0075429	-0.998513	0	0.998541	-2.15009e-006	-8.84361e-006	0	-131.12	294.495	100.49	1

COMPONENTFINISH

COMPONENT 45451=IfcBuildingElementProxy
#	TMesh	197088=IfcBuildingElementProxy
-0.000109017	0.998629	0.00490523	0	0.000288047	0.00490526	-0.998629	0	-0.998641	-0.000107601	-0.000288579	0	-146.194	294.796	100.15	1

COMPONENTFINISH

COMPONENT 45463=IfcColumn
#	Mesh	0	Begin

#	Vertex	24
-105.878	101.215	3.38
-106.878	101.215	3.38
-106.878	100.415	3.38
-105.878	100.415	3.38
-105.878	101.215	-9.07
-105.878	100.415	-9.07
-106.794	100.415	-9.07
-106.878	100.415	-9.07
-106.878	101.215	-9.07
-106.794	101.215	-9.07
-105.878	101.215	-2.42
-106.878	101.215	-2.42
-106.878	101.015	-2.42
-106.878	101.015	-7.47
-106.878	101.215	-7.47
-106.878	100.415	-3.42
-106.878	100.415	-2.82
-105.878	100.415	-7.67
-105.878	100.415	-3.42
-105.878	100.415	-2.82
-105.878	101.215	-7.67
-105.878	101.215	-7.47
-105.878	101.015	-7.47
-105.878	101.015	-2.42

#	Triangle	6
3	1	2	0	1	3	14	22	21	13	22	14
9	7	8	9	6	7	4	6	9	4	5	6	10	12	11	23	12	10
11	0	10	1	0	11	23	13	12	22	13	23	14	9	8	14	4	9	14	20	4	14	21	20
15	8	7	15	13	8	13	14	8	15	12	13	16	12	15	2	12	16	2	11	12	2	1	11
17	6	5	17	7	6	17	15	7	18	15	17	19	15	18	19	16	15	3	16	19	3	2	16
20	5	4	20	17	5	21	17	20	21	22	17	22	18	17	23	18	22	23	19	18	23	3	19	0	23	10	0	3	23

#	Normal	6
-0	-0	1
-0	-0	-1
-0	1	-0
-1	0	-0
-0	-1	-0
1	0	0

#	Mesh	0	End


COMPONENTFINISH

COMPONENT 45493=IfcBuildingElementProxy
#	TMesh	197088=IfcBuildingElementProxy
-5.72613e-005	0.998544	0.0059419	0	0.000168343	0.00594191	-0.998544	0	-0.998562	-5.62585e-005	-0.000168681	0	-146.471	294.671	100.485	1

COMPONENTFINISH

COMPONENT 45535=IfcBuildingElementProxy
#	TMesh	197088=IfcBuildingElementProxy
-2.74868e-006	0.998602	0.00627262	0	8.8298e-006	0.00627262	-0.998602	0	-0.998621	-2.69316e-006	-8.84689e-006	0	-146.744	294.647	100.709	1

COMPONENTFINISH

COMPONENT 45537=IfcColumn
#	TMesh	2711271=IfcColumn
-1	0	0	0	0	1	0	0	0	0	1	0	-167.157	-13.65	2.38419e-007	1

COMPONENTFINISH

COMPONENT 45577=IfcBuildingElementProxy
#	TMesh	197088=IfcBuildingElementProxy
-5.85575e-005	0.998642	0.0057403	0	0.000168934	0.00574031	-0.998642	0	-0.998658	-5.75855e-005	-0.000169268	0	-147.072	294.711	100.752	1

COMPONENTFINISH

COMPONENT 4559=IfcFlowSegment
#	Mesh	0	Begin

#	Vertex	8
-208.573	106.722	-3.67
-46.9529	106.722	-3.67
-46.9529	107.122	-3.67
-208.573	107.122	-3.67
-208.573	106.722	-3.47
-46.9529	106.722	-3.47
-46.9529	107.122	-3.47
-208.573	107.122	-3.47

#	Triangle	6
3	4	7	0	4	3
0	5	4	1	5	0
1	6	5	2	6	1
2	7	6	3	7	2
3	1	0	2	1	3
4	6	7	5	6	4

#	Normal	6
-1	-0	0
-0	-1	-0
1	-0	-0
-0	1	-0
0	-0	-1
-0	-0	1

#	Mesh	0	End


COMPONENTFINISH

COMPONENT 45611=IfcColumn
#	TMesh	2711271=IfcColumn
1	0	0	0	0	-1	-1.54454e-009	0	0	-1.54454e-009	1	0	-27.36	220.38	4.76837e-007	1

COMPONENTFINISH

COMPONENT 45619=IfcBuildingElementProxy
#	TMesh	197088=IfcBuildingElementProxy
-7.72462e-005	0.99869	0.00524986	0	0.000207487	0.00524988	-0.99869	0	-0.998703	-7.61545e-005	-0.00020789	0	-147.38	294.772	100.814	1

COMPONENTFINISH

COMPONENT 45661=IfcBuildingElementProxy
#	TMesh	197088=IfcBuildingElementProxy
-3.47146e-005	0.99769	0.0106049	0	0.000204132	0.0106049	-0.99769	0	-0.997746	-3.25429e-005	-0.000204489	0	-147.665	294.014	101.881	1

COMPONENTFINISH

COMPONENT 45685=IfcColumn
#	TMesh	2711271=IfcColumn
-1	0	0	0	0	1	0	0	0	0	1	0	-167.157	-7.62939e-006	2.38419e-007	1

COMPONENTFINISH

COMPONENT 45703=IfcBuildingElementProxy
#	TMesh	197088=IfcBuildingElementProxy
-7.2455e-005	0.998619	0.00578482	0	0.000207734	0.00578483	-0.998618	0	-0.998635	-7.12504e-005	-0.000208151	0	-147.979	294.701	101.192	1

COMPONENTFINISH

COMPONENT 45745=IfcBuildingElementProxy
#	TMesh	197088=IfcBuildingElementProxy
-0.000129199	0.998684	0.00471932	0	0.000326237	0.00471936	-0.998684	0	-0.998695	-0.000127656	-0.000326844	0	-148.302	294.827	101.163	1

COMPONENTFINISH

COMPONENT 45759=IfcColumn
#	TMesh	2711271=IfcColumn
1	0	0	0	0	1	0	0	0	0	1	0	-18.24	-7.62939e-006	2.38419e-007	1

COMPONENTFINISH

COMPONENT 45787=IfcBuildingElementProxy
#	TMesh	197088=IfcBuildingElementProxy
-5.27455e-005	0.998595	0.00554785	0	0.000149083	0.00554786	-0.998595	0	-0.99861	-5.19164e-005	-0.000149374	0	-148.569	294.722	101.455	1

COMPONENTFINISH

COMPONENT 45829=IfcBuildingElementProxy
#	TMesh	197088=IfcBuildingElementProxy
-2.97659e-006	0.998648	0.00570826	0	8.86001e-006	0.00570826	-0.998648	0	-0.998664	-2.9259e-006	-8.87688e-006	0	-148.845	294.716	101.651	1

COMPONENTFINISH

COMPONENT 45833=IfcColumn
#	TMesh	2711271=IfcColumn
-1	0	0	0	0	-1	-1.54454e-009	0	0	-1.54454e-009	1	0	-158.047	220.38	4.76837e-007	1

COMPONENTFINISH

COMPONENT 45871=IfcBuildingElementProxy
#	TMesh	197088=IfcBuildingElementProxy
-6.63093e-005	0.998686	0.00469073	0	0.000168007	0.00469074	-0.998686	0	-0.998697	-6.55195e-005	-0.000168317	0	-149.174	294.83	101.615	1

COMPONENTFINISH

COMPONENT 45907=IfcColumn
#	TMesh	2711271=IfcColumn
1	0	0	0	0	1	0	0	0	0	1	0	-18.24	-13.65	2.38419e-007	1

COMPONENTFINISH

COMPONENT 45913=IfcBuildingElementProxy
#	TMesh	197088=IfcBuildingElementProxy
-7.72441e-005	0.998687	0.00522365	0	0.000208248	0.00522366	-0.998687	0	-0.998701	-7.61538e-005	-0.000208649	0	-149.48	294.774	101.871	1

COMPONENTFINISH

COMPONENT 45955=IfcBuildingElementProxy
#	TMesh	197088=IfcBuildingElementProxy
-0.00015272	0.998688	0.00453685	0	0.000388018	0.00453691	-0.998688	0	-0.998699	-0.000150956	-0.000388708	0	-149.813	294.847	101.882	1

COMPONENTFINISH

COMPONENT 45981=IfcColumn
#	TMesh	2711271=IfcColumn
1	0	0	0	0	1	0	0	0	0	1	0	-9.12	-13.65	2.38419e-007	1

COMPONENTFINISH

COMPONENT 45997=IfcBuildingElementProxy
#	TMesh	197088=IfcBuildingElementProxy
-0.000129064	0.998615	0.00609211	0	0.000389571	0.00609217	-0.998615	0	-0.998634	-0.000126685	-0.000390351	0	-150.109	294.668	102.308	1

COMPONENTFINISH

COMPONENT 46039=IfcBuildingElementProxy
#	TMesh	197088=IfcBuildingElementProxy
-0.000105613	0.998685	0.00470668	0	0.000267043	0.00470671	-0.998685	0	-0.998696	-0.000104353	-0.000267538	0	-150.392	294.828	102.208	1

COMPONENTFINISH

COMPONENT 46055=IfcColumn
#	TMesh	2711271=IfcColumn
-1	0	0	0	0	-1	-1.54454e-009	0	0	-1.54454e-009	1	0	-148.917	220.38	4.76837e-007	1

COMPONENTFINISH

COMPONENT 46081=IfcBuildingElementProxy
#	TMesh	197088=IfcBuildingElementProxy
-3.43718e-005	0.998604	0.00648135	0	0.000108699	0.00648135	-0.998604	0	-0.998625	-3.36656e-005	-0.00010892	0	-151.861	294.625	102.706	1

COMPONENTFINISH

COMPONENT 46123=IfcBuildingElementProxy
#	TMesh	197088=IfcBuildingElementProxy
-5.59727e-005	0.998633	0.00606038	0	0.000169921	0.00606039	-0.998633	0	-0.998651	-5.49405e-005	-0.000170258	0	-152.172	294.675	102.762	1

COMPONENTFINISH

COMPONENT 46129=IfcColumn
#	TMesh	2711271=IfcColumn
1	0	0	0	0	1	0	0	0	0	1	0	-9.12	-7.62939e-006	2.38419e-007	1

COMPONENTFINISH

COMPONENT 46165=IfcBuildingElementProxy
#	TMesh	197088=IfcBuildingElementProxy
-0.000121618	0.998677	0.00504706	0	0.000329471	0.0050471	-0.998677	0	-0.99869	-0.000119951	-0.000330081	0	-152.501	294.79	102.728	1

COMPONENTFINISH

COMPONENT 46203=IfcColumn
#	TMesh	2711271=IfcColumn
1	0	0	0	0	1	0	0	0	0	1	0	9.12	-7.62939e-006	2.38419e-007	1

COMPONENTFINISH

COMPONENT 46207=IfcBuildingElementProxy
#	TMesh	197088=IfcBuildingElementProxy
1.30725e-005	0.998526	0.00752253	0	-4.90723e-005	0.00752253	-0.998526	0	0.998555	-1.27024e-005	-4.91693e-005	0	-138.014	294.499	103.327	1

COMPONENTFINISH

COMPONENT 46249=IfcBuildingElementProxy
#	TMesh	197088=IfcBuildingElementProxy
-8.63586e-005	0.998669	0.00489537	0	0.000228309	0.00489539	-0.998669	0	-0.998681	-8.52384e-005	-0.00022873	0	-153.084	294.805	102.996	1

COMPONENTFINISH

COMPONENT 4624=IfcFlowSegment
#	Mesh	0	Begin

#	Vertex	8
-25.3801	106.749	-3.67
-46.1554	106.749	-3.67
-46.1554	106.549	-3.67
-25.3801	106.549	-3.67
-25.3801	106.749	-3.57
-46.1554	106.749	-3.57
-46.1554	106.549	-3.57
-25.3801	106.549	-3.57

#	Triangle	6
3	4	7	0	4	3
0	5	4	1	5	0
1	6	5	2	6	1
2	7	6	3	7	2
3	1	0	2	1	3
4	6	7	5	6	4

#	Normal	6
1	-0	-0
-0	1	-0
-1	-0	0
-0	-1	-0
-0	0	-1
0	0	1

#	Mesh	0	End


COMPONENTFINISH

COMPONENT 46277=IfcColumn
#	TMesh	2711271=IfcColumn
1	0	0	0	0	-1	-1.54454e-009	0	0	-1.54454e-009	1	0	9.12	220.38	4.76837e-007	1

COMPONENTFINISH

COMPONENT 46291=IfcBuildingElementProxy
#	TMesh	197088=IfcBuildingElementProxy
-2.59791e-005	0.998524	0.00698776	0	8.92344e-005	0.00698776	-0.998524	0	-0.998549	-2.5354e-005	-8.9414e-005	0	-153.357	294.556	103.518	1

COMPONENTFINISH

COMPONENT 46333=IfcBuildingElementProxy
#	TMesh	197088=IfcBuildingElementProxy
-3.52065e-005	0.998604	0.00627938	0	0.000108959	0.00627938	-0.998604	0	-0.998624	-3.45206e-005	-0.000109178	0	-153.661	294.646	103.551	1

COMPONENTFINISH

COMPONENT 46351=IfcColumn
#	TMesh	2711271=IfcColumn
1	0	0	0	0	1	0	0	0	0	1	0	9.12	-13.65	2.38419e-007	1

COMPONENTFINISH

COMPONENT 46375=IfcBuildingElementProxy
#	TMesh	197088=IfcBuildingElementProxy
-8.44528e-005	0.998649	0.00592829	0	0.000248851	0.00592831	-0.998649	0	-0.998667	-8.29741e-005	-0.000249348	0	-153.986	294.692	103.635	1

COMPONENTFINISH

COMPONENT 46417=IfcBuildingElementProxy
#	TMesh	197088=IfcBuildingElementProxy
-4.96242e-005	0.998498	0.00772927	0	0.000189152	0.00772928	-0.998498	0	-0.998528	-4.81586e-005	-0.00018953	0	-154.272	294.472	104.117	1

COMPONENTFINISH

COMPONENT 46425=IfcColumn
#	TMesh	2711271=IfcColumn
1	0	0	0	0	1	0	0	0	0	1	0	18.24	-13.65	2.38419e-007	1

COMPONENTFINISH

COMPONENT 46459=IfcBuildingElementProxy
#	TMesh	197088=IfcBuildingElementProxy
-9.58506e-005	0.998632	0.00490451	0	0.000246719	0.00490454	-0.998632	0	-0.998644	-9.46378e-005	-0.000247187	0	-154.587	294.797	103.74	1

COMPONENTFINISH

COMPONENT 46499=IfcColumn
#	TMesh	2750326=IfcColumn
-5.6096	0	-1.74779e-008	0	-2.66387e-017	-5.6096	8.54979e-009	0	-1.74779e-008	8.54979e-009	5.6096	0	-1799.15	684.237	45.2854	1

COMPONENTFINISH

COMPONENT 46501=IfcBuildingElementProxy
#	TMesh	197088=IfcBuildingElementProxy
2.52222e-006	0.998577	0.00694699	0	-8.83783e-006	0.00694699	-0.998577	0	0.998601	-2.46067e-006	-8.85516e-006	0	-140.12	294.57	104.275	1

COMPONENTFINISH

COMPONENT 46543=IfcBuildingElementProxy
#	TMesh	197088=IfcBuildingElementProxy
-4.18761e-005	0.998687	0.004688	0	0.000108957	0.004688	-0.998687	0	-0.998698	-4.13642e-005	-0.000109153	0	-155.163	294.831	104.003	1

COMPONENTFINISH

COMPONENT 46585=IfcBuildingElementProxy
#	TMesh	197088=IfcBuildingElementProxy
-0.000104848	0.998652	0.00596678	0	0.000307372	0.00596682	-0.998652	0	-0.99867	-0.00010301	-0.000307993	0	-155.496	294.688	104.396	1

COMPONENTFINISH

COMPONENT 46600=IfcColumn
#	TMesh	1838035=IfcColumn
0.830557	-0.0672538	-1.18689e-009	0	0.0672538	0.830557	5.90276e-010	0	1.13537e-009	-6.84144e-010	0.833275	0	-99.3293	38.3463	0.881046	1

COMPONENTFINISH

COMPONENT 46627=IfcBuildingElementProxy
#	TMesh	197088=IfcBuildingElementProxy
1.90321e-005	0.99853	0.00735735	0	-6.90237e-005	0.00735736	-0.99853	0	0.998558	-1.8523e-005	-6.91621e-005	0	-141.011	294.518	104.8	1

COMPONENTFINISH

COMPONENT 46669=IfcBuildingElementProxy
#	TMesh	197088=IfcBuildingElementProxy
-3.37976e-005	0.998541	0.00775471	0	0.000128626	0.00775471	-0.998541	0	-0.998571	-3.27977e-005	-0.000128885	0	-156.062	294.477	105.019	1

COMPONENTFINISH

COMPONENT 46675=IfcColumn
#	TMesh	2711271=IfcColumn
1	0	0	0	0	1	0	0	0	0	1	0	27.36	-13.65	2.38419e-007	1

COMPONENTFINISH

COMPONENT 46749=IfcColumn
#	TMesh	2750326=IfcColumn
-5.47107	0	-1.79479e-008	0	2.7355e-017	5.47107	-8.33865e-009	0	1.79479e-008	-8.33865e-009	-5.47107	0	-1746.88	-458.126	-50.4305	1

COMPONENTFINISH

COMPONENT 46795=IfcBuildingElementProxy
#	TMesh	197088=IfcBuildingElementProxy
-2.8097e-005	0.997646	0.0108613	0	0.000185718	0.0108613	-0.997646	0	-0.997705	-2.60735e-005	-0.000186013	0	-145.561	292.448	100.874	1

COMPONENTFINISH

COMPONENT 46837=IfcBuildingElementProxy
#	TMesh	197088=IfcBuildingElementProxy
-1.60904e-005	0.997603	0.0113499	0	0.0001272	0.0113499	-0.997603	0	-0.997667	-1.46423e-005	-0.000127375	0	-145.852	292.388	101.117	1

COMPONENTFINISH

COMPONENT 46879=IfcBuildingElementProxy
#	TMesh	197088=IfcBuildingElementProxy
-4.31175e-005	0.997638	0.0107323	0	0.000284964	0.0107323	-0.997638	0	-0.997695	-4.00496e-005	-0.000285412	0	-146.174	292.46	101.153	1

COMPONENTFINISH

COMPONENT 4689=IfcFlowSegment
#	Mesh	0	Begin

#	Vertex	8
-46.9529	98.3853	-3.37
-203.574	98.3853	-3.37
-203.574	97.9853	-3.37
-46.9529	97.9853	-3.37
-46.9529	98.3853	-3.17
-203.574	98.3853	-3.17
-203.574	97.9853	-3.17
-46.9529	97.9853	-3.17

#	Triangle	6
3	4	7	0	4	3
0	5	4	1	5	0
1	6	5	2	6	1
2	7	6	3	7	2
3	1	0	2	1	3
4	6	7	5	6	4

#	Normal	6
1	-0	-0
-0	1	-0
-1	-0	0
-0	-1	-0
-0	0	-1
0	0	1

#	Mesh	0	End


COMPONENTFINISH

COMPONENT 46921=IfcBuildingElementProxy
#	TMesh	197088=IfcBuildingElementProxy
-2.9506e-005	0.997616	0.0110301	0	0.000205765	0.0110301	-0.997616	0	-0.997677	-2.72293e-005	-0.000206078	0	-146.463	292.424	101.355	1

COMPONENTFINISH

COMPONENT 46936=IfcColumn
#	Mesh	0	Begin

#	Vertex	34
-43.2385	114.865	3.38
-43.2385	114.065	3.38
-41.8385	114.065	3.38
-41.8385	114.069	3.38
-41.8466	114.069	3.38
-41.8466	114.865	3.38
-43.2385	114.065	-7.47
-43.2385	114.865	-7.47
-41.9571	114.865	-7.47
-41.9571	114.065	-7.47
-43.2385	114.865	-3.42
-43.2385	114.865	-2.82
-43.2385	114.865	1.38
-43.2385	114.865	2.58
-41.8466	114.865	2.58
-41.8466	114.865	1.38
-41.8466	114.865	-2.42
-41.9571	114.865	-2.42
-41.9571	114.865	-2.82
-41.9571	114.865	-3.42
-43.2385	114.065	-3.42
-43.2385	114.065	-2.82
-43.2385	114.065	1.38
-43.2385	114.065	2.58
-41.9571	114.065	-3.42
-41.9571	114.065	-2.82
-41.9571	114.065	-2.42
-41.8385	114.065	-2.42
-41.8385	114.065	1.38
-41.8385	114.065	2.58
-41.8385	114.069	-2.42
-41.8385	114.069	1.38
-41.8385	114.069	2.58
-41.8466	114.069	-2.42

#	Triangle	8
2	4	1	4	0	1	4	5	0
2	3	4
9	7	8	6	7	9	16	26	17	16	33	26	33	27	26
10	8	7	10	19	8	11	19	10	11	18	19	12	18	11	12	17	18	12	16	17	12	15	16	13	15	12	13	14	15	0	14	13	0	5	14	4	30	33	4	31	30	4	32	31	4	3	32
20	7	6	20	10	7	21	10	20	21	11	10	22	11	21	22	12	11	23	12	22	23	13	12	1	13	23	1	0	13
24	6	9	24	20	6	25	20	24	25	21	20	26	21	25	26	22	21	28	26	27	28	22	26	29	22	28	29	23	22	2	23	29	2	1	23
31	27	30	31	28	27	32	28	31	32	29	28	3	29	32	3	2	29	19	9	8	19	24	9	18	24	19	18	25	24	17	25	18	17	26	25	15	33	16	15	4	33	14	4	15	5	4	14
30	27	33

#	Normal	8
-0	-0	1
-0	-0	3.23251e-005
-0	0	-1
-0	1	-0
-1	0	-0
-0	-1	-0
1	0	0
-0	-0	-3.23251e-005

#	Mesh	0	End


COMPONENTFINISH

COMPONENT 46963=IfcBuildingElementProxy
#	TMesh	197088=IfcBuildingElementProxy
-2.66489e-005	0.997631	0.0110289	0	0.000186087	0.011029	-0.997631	0	-0.997692	-2.45902e-005	-0.00018637	0	-146.761	292.427	101.509	1

COMPONENTFINISH

COMPONENT 4698=IfcFlowSegment
#	Mesh	0	Begin

#	Vertex	8
87.7356	99.59	-3.028
87.7356	100.19	-3.028
59.6913	100.19	-3.028
59.6913	99.59	-3.028
87.7356	99.59	-2.828
87.7356	100.19	-2.828
59.6913	100.19	-2.828
59.6913	99.59	-2.828

#	Triangle	6
3	4	7	0	4	3
0	5	4	1	5	0
1	6	5	2	6	1
2	7	6	3	7	2
3	1	0	2	1	3
4	6	7	5	6	4

#	Normal	6
-0	-1	-0
1	-0	-0
-0	1	-0
-1	-0	0
-0	-0	-1
-0	-0	1

#	Mesh	0	End


COMPONENTFINISH

COMPONENT 47005=IfcBuildingElementProxy
#	TMesh	197088=IfcBuildingElementProxy
-1.34066e-005	0.997589	0.0123501	0	0.000167245	0.0123501	-0.997589	0	-0.997666	-1.13352e-005	-0.000167398	0	-147.056	292.279	101.898	1

COMPONENTFINISH

COMPONENT 47047=IfcBuildingElementProxy
#	TMesh	197088=IfcBuildingElementProxy
-2.98084e-005	0.997635	0.0116989	0	0.000263352	0.0116989	-0.997635	0	-0.997703	-2.67183e-005	-0.000263683	0	-147.37	292.356	101.929	1

COMPONENTFINISH

COMPONENT 47089=IfcBuildingElementProxy
#	TMesh	197088=IfcBuildingElementProxy
-3.90394e-005	0.99763	0.0113757	0	0.000302433	0.0113757	-0.99763	0	-0.997695	-3.55885e-005	-0.000302859	0	-147.675	292.39	102.02	1

COMPONENTFINISH

COMPONENT 47106=IfcColumn
#	Mesh	0	Begin

#	Vertex	26
-33.0385	107.119	3.38
-34.0385	107.119	3.38
-34.0385	106.319	3.38
-33.0385	106.319	3.38
-33.0385	107.119	-9.07
-33.0385	106.319	-9.07
-34.0385	106.319	-9.07
-34.0385	107.119	-9.07
-33.0385	107.119	-2.82
-33.0385	107.119	-3.42
-33.0385	107.119	-7.67
-34.0385	107.119	-7.67
-34.0385	107.119	-7.47
-33.8371	107.119	-7.47
-33.8371	107.119	-2.82
-34.0385	107.119	-2.82
-34.0385	106.926	-2.82
-34.0385	106.926	-7.47
-34.0385	106.319	-7.67
-34.0385	106.319	-3.42
-34.0385	106.319	-2.82
-33.0385	106.319	-7.67
-33.0385	106.319	-3.42
-33.0385	106.319	-2.82
-33.8371	106.926	-2.82
-33.8371	106.926	-7.47

#	Triangle	6
3	1	2	0	1	3	12	25	13	17	25	12
7	5	6	4	5	7	14	16	15	24	16	14
11	4	7	11	10	4	12	10	11	12	13	10	13	9	10	14	9	13	14	8	9	1	14	15	1	8	14	1	0	8	16	25	17	24	25	16
18	7	6	18	11	7	19	17	18	17	11	18	17	12	11	19	16	17	20	16	19	2	16	20	2	15	16	2	1	15	13	24	14	25	24	13
21	6	5	21	18	6	22	18	21	22	19	18	23	19	22	23	20	19	3	20	23	3	2	20
10	5	4	10	21	5	9	21	10	9	22	21	8	22	9	8	23	22	0	23	8	0	3	23

#	Normal	6
-0	-0	1
0	-0	-1
-0	1	-0
-1	0	-0
-0	-1	-0
1	0	0

#	Mesh	0	End


COMPONENTFINISH

COMPONENT 47131=IfcBuildingElementProxy
#	TMesh	197088=IfcBuildingElementProxy
-4.77773e-005	0.997615	0.0117053	0	0.000420495	0.0117053	-0.997615	0	-0.997684	-4.28406e-005	-0.000421027	0	-147.989	292.352	102.21	1

COMPONENTFINISH

COMPONENT 47173=IfcBuildingElementProxy
#	TMesh	197088=IfcBuildingElementProxy
-4.03061e-005	0.997588	0.0118684	0	0.000381578	0.0118685	-0.997588	0	-0.997658	-3.57639e-005	-0.00038203	0	-148.284	292.329	102.406	1

COMPONENTFINISH

COMPONENT 47215=IfcBuildingElementProxy
#	TMesh	197088=IfcBuildingElementProxy
-7.90435e-006	0.997624	0.011506	0	6.83795e-005	0.011506	-0.997624	0	-0.99769	-7.11523e-006	-6.84662e-005	0	-148.545	292.375	102.486	1

COMPONENTFINISH

COMPONENT 47257=IfcBuildingElementProxy
#	TMesh	197088=IfcBuildingElementProxy
-3.21793e-007	0.997594	0.0123434	0	8.76749e-006	0.0123434	-0.997594	0	-0.99767	-2.13295e-007	-8.7708e-006	0	-148.837	292.28	102.802	1

COMPONENTFINISH

COMPONENT 47299=IfcBuildingElementProxy
#	TMesh	197088=IfcBuildingElementProxy
-2.30857e-005	0.997599	0.0116948	0	0.000205733	0.0116948	-0.997599	0	-0.997667	-2.06725e-005	-0.000205989	0	-149.162	292.35	102.832	1

COMPONENTFINISH

COMPONENT 47309=IfcColumn
#	Mesh	0	Begin

#	Vertex	34
-33.0385	100.515	3.38
-34.0385	100.515	3.38
-34.0385	99.7148	3.38
-33.0385	99.7148	3.38
-33.0385	100.515	-9.07
-33.0385	99.7148	-9.07
-33.3836	99.7148	-9.07
-34.0385	99.7148	-9.07
-34.0385	100.515	-9.07
-33.3137	100.515	-9.07
-34.0385	100.515	-7.67
-34.0385	100.515	-7.47
-33.8571	100.515	-7.47
-33.8571	100.515	-2.82
-34.0385	100.515	-2.82
-34.0385	100.515	1.38
-34.0385	100.515	2.58
-34.0385	99.7148	-2.82
-34.0385	99.7148	1.38
-34.0385	99.7148	2.58
-33.8571	99.7148	-2.82
-33.8571	99.7148	-7.47
-34.0385	99.7148	-7.47
-34.0385	99.7148	-7.67
-33.0385	99.7148	-3.42
-33.0385	99.7148	-2.82
-33.0385	99.7258	-7.47
-33.0385	99.7258	-2.82
-33.0385	99.9258	-2.82
-33.0385	99.9258	-7.47
-33.8571	99.7258	-7.47
-33.8571	99.7258	-2.82
-33.8571	99.9258	-2.82
-33.8571	99.9258	-7.47

#	Triangle	6
3	1	2	0	1	3	21	11	22	21	30	11	30	33	11	33	12	11	26	33	30	26	29	33
9	7	8	9	6	7	9	5	6	4	5	9	13	17	14	13	32	17	32	31	17	31	20	17	28	31	32	28	27	31
10	9	8	10	4	9	10	12	4	12	0	4	11	12	10	13	0	12	15	13	14	15	0	13	16	0	15	1	0	16	31	26	30	27	26	31
18	14	17	18	15	14	19	15	18	19	16	15	2	16	19	2	1	16	21	31	30	20	31	21	33	13	12	32	13	33	23	8	7	23	10	8	22	10	23	22	11	10
24	6	5	24	7	6	24	21	7	21	23	7	21	22	23	24	20	21	25	20	24	3	20	25	3	17	20	3	18	17	3	19	18	3	2	19	33	28	32	29	28	33
0	29	4	29	5	4	29	26	5	26	24	5	0	28	29	27	24	26	27	25	24	0	27	28	0	25	27	0	3	25

#	Normal	6
-0	-0	1
-0	-0	-1
-0	1	-0
-1	0	-0
-0	-1	-0
1	0	0

#	Mesh	0	End


COMPONENTFINISH

COMPONENT 47341=IfcBuildingElementProxy
#	TMesh	197088=IfcBuildingElementProxy
-8.39456e-005	0.997707	0.00987197	0	0.000421434	0.00987201	-0.997707	0	-0.997756	-7.97718e-005	-0.000422244	0	-149.497	292.564	102.65	1

COMPONENTFINISH

COMPONENT 47383=IfcBuildingElementProxy
#	TMesh	197088=IfcBuildingElementProxy
-5.23223e-005	0.997631	0.0109006	0	0.000363759	0.0109007	-0.997631	0	-0.99769	-4.83448e-005	-0.000364309	0	-149.784	292.44	102.981	1

COMPONENTFINISH

COMPONENT 47425=IfcBuildingElementProxy
#	TMesh	197088=IfcBuildingElementProxy
-3.30417e-005	0.997582	0.0123506	0	0.000405365	0.0123506	-0.997582	0	-0.997658	-2.8021e-005	-0.000405742	0	-150.085	292.277	103.389	1

COMPONENTFINISH

COMPONENT 47467=IfcBuildingElementProxy
#	TMesh	197088=IfcBuildingElementProxy
-2.98169e-005	0.99759	0.0117007	0	0.000264114	0.0117007	-0.99759	0	-0.997659	-2.67172e-005	-0.000264445	0	-150.369	292.348	103.423	1

COMPONENTFINISH

COMPONENT 47469=IfcColumn
#	Mesh	0	Begin

#	Vertex	24
-24.0385	108.02	3.38
-24.0985	108.02	3.38
-24.4372	108.02	3.38
-25.0385	108.02	3.38
-25.0385	107.22	3.38
-24.6551	107.22	3.38
-24.0986	107.22	3.38
-24.0385	107.22	3.38
-24.0385	108.02	-9.07
-24.0385	107.22	-9.07
-25.0385	107.22	-9.07
-25.0385	107.243	-9.07
-24.9998	107.411	-9.07
-25.0385	107.42	-9.07
-25.0385	108.02	-9.07
-24.0385	108.02	-2.42
-24.0385	108.02	-7.47
-25.0385	108.02	1.38
-25.0385	108.02	2.58
-25.0385	107.42	-7.47
-25.0385	107.243	-7.47
-25.0385	107.22	1.38
-25.0385	107.22	2.58
-24.9998	107.411	-7.47

#	Triangle	8
5	3	4	5	2	3	6	2	5	6	1	2	7	1	6	7	0	1
8	13	14	8	12	13	12	10	11	12	9	10	8	9	12	20	19	23
17	8	14	17	16	8	17	15	16	17	0	15	18	0	17	3	2	18	2	1	18	1	0	18
21	11	10	21	20	11	19	14	13	19	17	14	21	19	20	21	17	19	22	17	21	22	18	17	4	18	22	4	3	18
7	10	9	7	21	10	7	22	21	7	6	22	6	5	22	5	4	22
16	9	8	16	7	9	15	7	16	0	7	15
13	23	19	12	23	13
20	12	11	23	12	20

#	Normal	8
-0	-0	1
-0	-0	-1
-0	1	-0
-1	0	-0
-0	-1	-0
1	0	0
-0.223344	-0.97474	0
-0.974773	0.2232	-0

#	Mesh	0	End


COMPONENTFINISH

COMPONENT 47509=IfcBuildingElementProxy
#	TMesh	197088=IfcBuildingElementProxy
