#	Mesh	0	Begin

#	Vertex	20
80.4043	91.6322	-11.386
80.4204	91.4329	-11.386
80.6198	91.449	-11.386
80.6037	91.6483	-11.386
80.4043	91.6322	-11.549
80.4204	91.4329	-11.549
80.6198	91.449	-11.549
80.6037	91.6483	-11.549
80.4043	91.6322	-16.695
80.6037	91.6483	-16.695
80.6166	91.488	-16.695
80.4173	91.4718	-16.695
80.6037	91.6483	-16.6862
80.4043	91.6322	-16.6862
80.4204	91.4329	-16.6862
80.6198	91.449	-16.6862
80.6198	91.449	-16.6883
80.6166	91.488	-16.6883
80.4173	91.4718	-16.6883
80.4204	91.4329	-16.6883

#	Triangle	13
3	1	2	0	1	3	15	13	14	12	13	15
5	0	4	1	0	5
6	1	5	2	1	6	16	14	19	15	14	16
7	2	6	3	2	7	12	15	16
4	3	7	0	3	4	12	8	13	9	8	12
7	5	4	6	5	7	11	9	10	8	9	11
12	10	9	12	17	10
12	16	17
18	8	11	18	13	8
14	18	19
14	13	18
10	18	11	17	18	10
19	17	16	18	17	19

#	Normal	13
-0	0	1
-0.996738	-0.0807015	0
0.0807047	-0.996738	-0
0.996741	0.0806627	-0
-0.0807015	0.996738	-0
-0	-0	-1
0.996739	0.0806985	0
8.21401e-005	6.63509e-006	1.15564e-006
-0.996739	-0.0806985	-0
-8.03892e-005	-6.50977e-006	-0
-0.996738	-0.0807015	0.00023585
0.0807015	-0.996738	-0
-0.000223884	-1.80849e-005	-1

#	Mesh	0	End

