#	Mesh	0	Begin

#	Vertex	44
81.8033	-105.553	-18.5094
78.8745	-69.3802	-18.5094
78.8745	-69.3806	-21.2094
81.8038	-105.559	-21.2094
80.6079	-69.7242	-21.2094
83.4983	-105.422	-21.2094
80.6079	-69.7237	-18.5094
83.4786	-105.18	-18.5094
83.4977	-105.416	-18.5094
83.4983	-105.422	-21.2068
82.1608	-105.524	-18.5094
82.1237	-105.066	-18.5094
83.0207	-104.993	-18.5094
83.0379	-105.205	-18.5094
83.0579	-105.452	-18.5094
80.8517	-78.0787	-18.5094
80.9244	-78.9758	-18.5094
80.0273	-79.0485	-18.5094
79.9547	-78.1514	-18.5094
81.5856	-87.0492	-18.5094
81.6582	-87.9463	-18.5094
80.7611	-88.0189	-18.5094
80.6885	-87.1219	-18.5094
82.3115	-96.0194	-18.5094
82.3841	-96.9164	-18.5094
81.4871	-96.9891	-18.5094
81.4145	-96.092	-18.5094
83.058	-105.454	-19.4724
82.6507	-105.487	-19.4724
82.161	-105.526	-19.4724
80.0275	-79.0506	-19.4351
80.9246	-78.9779	-19.4351
80.8519	-78.0809	-19.4372
79.9548	-78.1536	-19.4372
80.7613	-88.0211	-19.4138
81.6584	-87.9484	-19.4138
81.5858	-87.0514	-19.416
80.6887	-87.124	-19.416
81.4873	-96.9914	-19.4926
82.3843	-96.9187	-19.4926
82.3117	-96.0217	-19.4948
81.4146	-96.0943	-19.4948
83.0209	-104.995	-19.4735
82.1238	-105.068	-19.4735

#	Triangle	42
3	1	2	36	35	19
0	1	3
5	2	4	3	2	5
7	4	6
7	5	4
8	9	7
9	5	7
0	18	1	18	15	1	15	6	1	15	7	6	16	7	15	0	17	18	17	19	16	19	7	16	0	22	17	22	19	17	0	21	22	20	7	19	0	26	21	26	20	21	26	23	20	23	7	20	0	25	26	24	7	23	0	24	25	0	11	24	11	12	24	12	7	24	0	10	11	13	7	12	14	7	13	14	8	7
5	29	3
29	0	3
29	10	0
5	28	29
5	27	28
5	14	27
5	9	14
9	8	14
33	31	32	30	31	33	41	39	40	38	39	41	28	43	29	28	42	43	27	42	28
15	31	16	32	31	15
18	32	15
33	32	18
17	33	18
30	33	17
16	30	17
31	30	16
37	35	36	34	35	37
19	35	20	23	39	24	40	39	23
22	36	19	37	36	22
21	37	22
34	37	21	25	41	26	38	41	25
20	34	21	35	34	20
26	40	23
41	40	26
24	38	25	39	38	24
27	12	42
14	13	27
13	12	27
11	42	12
43	42	11
10	43	11
29	43	10
1	4	2
6	4	1

#	Normal	42
-0.996738	-0.0807026	1.30697e-006
-0.996738	-0.0807024	-7.36017e-007
-0	-0	-1
0.996738	0.0807026	1.57711e-006
0.996738	0.0807025	2.70215e-007
0.996736	0.0807299	-2.21537e-006
0.996738	0.0807054	-0
-0	-0	1
0.080703	-0.996735	0.00235545
0.0806942	-0.996736	0.00235728
0.0807033	-0.996735	0.00236071
0.0807106	-0.996735	0.00236136
0.080694	-0.996736	0.0023532
0.0807209	-0.996734	0.00236006
0.0663228	-0.997798	-0
0.0807025	-0.996735	0.00235938
-0.00019034	0.00234906	0.999997
-0.996733	-0.0807637	-3.30694e-006
0.0807641	-0.99673	0.00235741
0.0807634	-0.996731	0.00235673
0.996734	0.080755	-5.0737e-006
0.996733	0.0807644	3.98693e-006
-0.0807634	0.996731	-0.0023544
-0.0807548	0.996731	-0.00236282
-0.000190374	0.00235124	0.999997
-0.996738	-0.0807026	1.9751e-007
0.0807031	-0.996735	0.00236036
0.996738	0.0807026	-8.9255e-007
0.996738	0.0807033	-1.99161e-007
-0.0807031	0.996735	-0.00235729
0.0806944	-0.996736	0.00235469
0.0807031	-0.996735	0.00236259
-0.0807031	0.996735	-0.00235977
-0.996739	-0.080695	-4.21527e-006
-0.996738	-0.0807012	3.88072e-006
-0.996736	-0.0807243	9.89564e-006
0.0807031	-0.996735	0.00235806
0.0807024	-0.996735	0.0023574
0.996739	0.080695	-3.86184e-006
0.996737	0.0807119	4.18005e-006
0.194426	0.980917	-0.000153856
0.194426	0.980917	-0.000153294

#	Mesh	0	End

