#	Mesh	0	Begin

#	Vertex	40
97.1236	-36.699	-5.8714
97.0687	-36.0212	-5.8714
97.0687	-36.0212	-5.4214
97.1236	-36.699	-5.4214
97.1186	-36.6743	-5.4464
97.0677	-36.0464	-5.4464
96.4697	-36.0948	-5.4464
96.5206	-36.7228	-5.4464
97.0688	-36.6783	-5.8464
97.1186	-36.6743	-5.8464
96.5206	-36.7228	-5.8464
96.5704	-36.7187	-5.8464
96.5704	-36.7187	-5.9434
96.9721	-36.6862	-5.9434
97.0179	-36.0504	-5.8464
97.0677	-36.0464	-5.8464
96.9212	-36.0582	-5.9434
96.5195	-36.0908	-5.9434
96.5195	-36.0908	-5.8464
96.4697	-36.0948	-5.8464
96.5196	-36.7479	-5.8714
96.5196	-36.7479	-5.4214
96.4647	-36.0701	-5.4214
96.4647	-36.0701	-5.8714
96.5475	-36.7457	-5.9464
96.4926	-36.0679	-5.9464
96.9411	-36.0315	-5.9464
96.996	-36.7093	-5.9464
97.1206	-36.6992	-5.8714
97.1206	-36.6992	-5.4214
97.0657	-36.0214	-5.4214
97.0657	-36.0214	-5.8714
96.5226	-36.7477	-5.8714
96.4677	-36.0699	-5.8714
96.4677	-36.0699	-5.4214
96.5226	-36.7477	-5.4214
96.5475	-36.7457	-5.9434
96.996	-36.7093	-5.9434
96.9411	-36.0315	-5.9434
96.4926	-36.0679	-5.9434

#	Triangle	46
3	1	2	0	1	3
7	5	6	4	5	7
7	9	4
7	8	9
7	13	8
7	11	13
11	12	13
7	10	11
9	14	15	8	14	9	19	11	10	18	11	19
14	5	15	19	6	18
14	6	5
16	6	14
17	18	16
18	6	16
23	21	22	20	21	23
27	25	26	24	25	27	31	0	28	1	0	31	23	32	20	33	32	23
12	18	17	11	18	12
16	8	13
14	8	16
30	4	29
4	28	29	30	31	15
4	9	28	30	15	5
9	31	28
30	5	4
15	31	9
30	1	31	2	1	30
29	2	30	3	2	29	21	34	22	35	34	21
28	3	29	0	3	28	20	35	21	32	35	20
33	10	32
10	35	32
10	7	35	33	6	19
7	34	35
33	19	10
6	34	7
33	34	6
22	33	23
34	33	22
38	13	37
13	36	37	13	12	36	38	17	16	38	39	17
12	39	36
38	16	13
17	39	12
39	24	36	25	24	39
38	25	39	26	25	38
37	26	38	27	26	37
36	27	37	24	27	36

#	Normal	46
0.996733	0.0807676	7.01108e-007
5.00756e-007	-6.18015e-006	1
0.0807619	-0.996733	-9.73372e-006
0.0807823	-0.996732	2.10452e-005
0.080758	-0.996734	-1.24689e-005
0.0807576	-0.996734	-1.28299e-005
0.0807607	-0.996734	-0
0.0807823	-0.996732	-9.73371e-006
-5.00883e-007	6.18014e-006	-1
-0.0807823	0.996732	9.73371e-006
-0.0807619	0.996733	7.16885e-006
-0.0807553	0.996734	1.62345e-005
-0.0807623	0.996733	-0
-0.0807592	0.996734	1.26282e-005
-0.996734	-0.0807562	-7.01008e-007
-4.63944e-007	5.7257e-006	-1
-0.996734	-0.0807541	0
0.704809	0.0571159	-0.707094
0.704782	0.0571049	-0.707122
-0.996733	-0.0807676	0.000170501
-0.996719	-0.0809382	-7.02589e-007
-0.996719	-0.0809367	-7.90398e-007
-0.996733	-0.0807676	-0.000170503
-0.996734	-0.0807541	-0.000184035
-0.996734	-0.0807541	0.000184033
-0.0806761	0.99674	8.65226e-006
4.63443e-007	-5.72577e-006	1
0.0806761	-0.99674	-8.65226e-006
0.996733	0.0807676	0.000170503
0.996719	0.0809368	7.02577e-007
0.996719	0.0809383	7.90413e-007
0.996733	0.0807671	-0.000170965
0.996734	0.0807541	-0.000184033
0.996734	0.0807541	0.000171417
0.99672	0.0809249	-0
-0.0808859	0.996723	8.65211e-006
-0.0821818	0.996617	-0
-6.04385e-006	-6.25297e-006	1
-0	0	1
6.18994e-006	-5.26181e-006	1
7.52197e-006	-5.61121e-006	1
-5.6791e-006	-6.68084e-006	1
-0.996734	-0.0807562	-0
-0.0807637	0.996733	-0
0.996734	0.0807557	0
0.080755	-0.996734	-0

#	Mesh	0	End

