#	Mesh	0	Begin

#	Vertex	16
66.5342	35.1908	3.39216
66.4615	36.0878	3.39672
66.4611	36.0924	2.49673
66.5338	35.1953	2.49218
76.6493	36.0104	3.39217
76.6489	36.0149	2.49218
76.5763	36.912	2.49673
76.5766	36.9074	3.39672
75.7299	36.8434	2.49673
75.7303	36.839	3.36
67.3079	36.1566	3.36
67.3075	36.161	2.49673
67.3792	35.2766	2.49224
75.8016	35.9591	2.49224
67.3792	35.2766	3.36
75.8016	35.9591	3.36

#	Triangle	19
3	1	2	0	1	3
7	5	6	4	5	7
7	0	4	1	0	7
8	7	6
8	9	7
9	1	7
10	1	9
11	1	10
2	1	11
3	13	5	3	12	13
13	6	5	13	8	6	3	2	11
3	11	12
4	3	5	0	3	4
10	12	11
14	12	10
13	9	8
15	9	13
9	14	10	15	14	9
12	15	13	14	15	12

#	Normal	19
-0.996734	-0.0807561	-9.82363e-007
0.996734	0.0807561	6.31863e-007
0.000408445	-0.00504479	0.999987
-0.0807584	0.996721	0.00505988
-0.0807603	0.996721	0.00506168
-0.0807605	0.996721	0.00506707
-0.0807603	0.99672	0.005116
-0.0807627	0.996721	0.00506167
-0.08076	0.996721	0.0050642
-0.000407983	0.0050388	-0.999987
-0.000408379	0.00504479	-0.999987
-0.000408559	0.00504486	-0.999987
0.0807601	-0.996721	-0.00505988
0.996733	0.0807629	1.55945e-006
0.996733	0.0807644	-0
-0.996733	-0.0807629	-1.55946e-006
-0.996733	-0.0807644	-0
-0	-0	-1
-0.0807614	0.996733	-0

#	Mesh	0	End

